x,y,z,U_0,U_1,U_2
0,0,0,0.3,-0.000292543,0
0,0.1,0,0.3,-0.000175526,0
0,0.2,0,0.3,-5.85087e-05,0
0,0.3,0,0.3,0,0
0,0.4,0,0.3,0,0
0,0.5,0,0.3,-1.33811e-19,0
0,0.6,0,0.3,0,0
0,0.7,0,0.3,0,0
0,0.8,0,0.3,0,0
0,0.9,0,0.3,0,0
0,1,0,0.3,0,0
0,1.1,0,0.3,0,0
0,1.2,0,0.3,0,0
0,1.3,0,0.3,0,0
0,1.4,0,0.3,0,0
0,1.5,0,0.3,0,0
0,1.6,0,0.3,0,0
0,1.7,0,0.3,0,0
0,1.8,0,0.3,0,0
0,1.9,0,0.3,0,0
0,2,0,0.3,0,0
0,2.1,0,0.3,0,0
0,2.2,0,0.3,0,0
0,2.3,0,0.3,0,0
0,2.4,0,0.3,0,0
0,2.5,0,0.3,0,0
0,2.6,0,0.3,0,0
0,2.7,0,0.3,0,0
0,2.8,0,0.3,0,0
0,2.9,0,0.3,0,0
0,3,0,0.3,0,0
0,3.1,0,0.3,0,0
0,3.2,0,0.3,0,0
0,3.3,0,0.3,0,0
0,3.4,0,0.3,0,0
0,3.5,0,0.3,0,0
0,3.6,0,0.3,0,0
0,3.7,0,0.3,0,0
0,3.8,0,0.3,0,0
0,3.9,0,0.3,0,0
0,4,0,0.3,0,0
0,4.1,0,0.3,0,0
0,4.2,0,0.3,0,0
0,4.3,0,0.3,0,0
0,4.4,0,0.3,0,0
0,4.5,0,0.3,0,0
0,4.6,0,0.3,0,0
0,4.7,0,0.3,0,0
0,4.8,0,0.3,0,0
0,4.9,0,0.3,0,0
0,5,0,0.3,-3.65968e-20,0
0,5.1,0,0.3,0,0
0,5.2,0,0.3,-2.83078e-20,0
0,5.3,0,0.3,-2.48208e-20,0
0,5.4,0,0.3,0,0
0,5.5,0,0.3,-1.78212e-20,0
0,5.6,0,0.3,0,0
0,5.7,0,0.3,0,0
0,5.8,0,0.3,0,0
0,5.9,0,0.3,-3.86239e-21,0
0,6,0,0.3,0,0
0,6.1,0,0.3,0,0
0,6.2,0,0.3,0,0
0,6.3,0,0.3,0,0
0,6.4,0,0.3,0,0
0,6.5,0,0.3,0,0
0,6.6,0,0.3,0,0
0,6.7,0,0.3,0,0
0,6.8,0,0.3,0,0
0,6.9,0,0.3,0,0
0,7,0,0.3,0,0
0,7.1,0,0.3,0,0
0,7.2,0,0.3,0,0
0,7.3,0,0.3,0,0
0,7.4,0,0.3,0,0
0,7.5,0,0.3,0,0
0,7.6,0,0.3,0,0
0,7.7,0,0.3,0,0
0,7.8,0,0.3,0,0
0,7.9,0,0.3,0,0
0,8,0,0.3,0,0
0,8.1,0,0.3,0,0
0,8.2,0,0.3,0,0
0,8.3,0,0.3,0,0
0,8.4,0,0.3,0,0
0,8.5,0,0.3,0,0
0,8.6,0,0.3,0,0
0,8.7,0,0.3,0,0
0,8.8,0,0.3,0,0
0,8.9,0,0.3,0,0
0,9,0,0.3,0,0
0,9.1,0,0.3,0,0
0,9.2,0,0.3,0,0
0,9.3,0,0.3,0,0
0,9.4,0,0.3,0,0
0,9.5,0,0.3,0,0
0,9.6,0,0.3,0,0
0,9.7,0,0.3,0,0
0,9.8,0,0.3,0,0
0,9.9,0,0.3,0,0
0,10,0,0.3,0,0
0,10.1,0,0.3,0,0
0,10.2,0,0.3,0,0
0,10.3,0,0.3,0,0
0,10.4,0,0.3,0,0
0,10.5,0,0.3,0,0
0,10.6,0,0.3,0,0
0,10.7,0,0.3,0,0
0,10.8,0,0.3,0,0
0,10.9,0,0.3,0,0
0,11,0,0.3,0,0
0,11.1,0,0.3,0,0
0,11.2,0,0.3,0,0
0,11.3,0,0.3,0,0
0,11.4,0,0.3,0,0
0,11.5,0,0.3,0,0
0,11.6,0,0.3,0,0
0,11.7,0,0.3,0,0
0,11.8,0,0.3,0,0
0,11.9,0,0.3,0,0
0,12,0,0.3,0,0
0,12.1,0,0.3,0,0
0,12.2,0,0.3,0,0
0,12.3,0,0.3,0,0
0,12.4,0,0.3,2.57411e-05,0
0,12.5,0,0.3,9.92869e-05,0
0,12.6,0,0.3,0.000172833,0
0,12.7,0,0.3,0.000246379,0
0.1,0,0,0.299999,-0.000497386,0
0.1,0.1,0,0.3,-0.000378856,0
0.1,0.2,0,0.3,-0.00026844,0
0.1,0.3,0,0.299999,-0.000267436,0
0.1,0.4,0,0.3,-0.000267224,0
0.1,0.5,0,0.299998,-0.000267837,0
0.1,0.6,0,0.3,-0.000264993,0
0.1,0.7,0,0.299999,-0.000265028,0
0.1,0.8,0,0.299999,-0.00026201,0
0.1,0.9,0,0.299999,-0.00026164,0
0.1,1,0,0.299996,-0.000261856,0
0.1,1.1,0,0.299999,-0.000257174,0
0.1,1.2,0,0.299999,-0.000257195,0
0.1,1.3,0,0.299998,-0.000252174,0
0.1,1.4,0,0.299999,-0.000251595,0
0.1,1.5,0,0.299994,-0.000251915,0
0.1,1.6,0,0.299998,-0.000244913,0
0.1,1.7,0,0.299998,-0.000244966,0
0.1,1.8,0,0.299997,-0.000237985,0
0.1,1.9,0,0.299998,-0.000237157,0
0.1,2,0,0.299992,-0.000237943,0
0.1,2.1,0,0.299998,-0.000228384,0
0.1,2.2,0,0.299997,-0.000228488,0
0.1,2.3,0,0.299997,-0.000219758,0
0.1,2.4,0,0.299997,-0.000218685,0
0.1,2.5,0,0.29999,-0.000219842,0
0.1,2.6,0,0.299997,-0.000208179,0
0.1,2.7,0,0.299997,-0.000208282,0
0.1,2.8,0,0.299997,-0.000198227,0
0.1,2.9,0,0.299997,-0.000197007,0
0.1,3,0,0.299989,-0.0001975,0
0.1,3.1,0,0.299998,-0.000185304,0
0.1,3.2,0,0.299997,-0.000185245,0
0.1,3.3,0,0.299999,-0.000174318,0
0.1,3.4,0,0.3,-0.000173162,0
0.1,3.5,0,0.299987,-0.000170893,0
0.1,3.6,0,0.300004,-0.000160601,0
0.1,3.7,0,0.300002,-0.000160147,0
0.1,3.8,0,0.300006,-0.000148399,0
0.1,3.9,0,0.300008,-0.000147548,0
0.1,4,0,0.299985,-0.000140307,0
0.1,4.1,0,0.300013,-0.000133847,0
0.1,4.2,0,0.30001,-0.000132836,0
0.1,4.3,0,0.300016,-0.000119759,0
0.1,4.4,0,0.30002,-0.000119318,0
0.1,4.5,0,0.299982,-0.000106428,0
0.1,4.6,0,0.300026,-0.000103972,0
0.1,4.7,0,0.300022,-0.00010243,0
0.1,4.8,0,0.300026,-8.78788e-05,0
0.1,4.9,0,0.300032,-8.78036e-05,0
0.1,5,0,0.29998,-7.32521e-05,0
0.1,5.1,0,0.299979,-6.36364e-05,0
0.1,5.2,0,0.299979,-5.66608e-05,0
0.1,5.3,0,0.299979,-4.96812e-05,0
0.1,5.4,0,0.299979,-4.26814e-05,0
0.1,5.5,0,0.299979,-3.56709e-05,0
0.1,5.6,0,0.299979,-2.86609e-05,0
0.1,5.7,0,0.299979,-2.16637e-05,0
0.1,5.8,0,0.299979,-1.46924e-05,0
0.1,5.9,0,0.299979,-7.73096e-06,0
0.1,6,0,0.29998,3.31235e-06,0
0.1,6.1,0,0.300029,2.19985e-05,0
0.1,6.2,0,0.300029,2.19985e-05,0
0.1,6.3,0,0.300004,2.27605e-05,0
0.1,6.4,0,0.300016,3.90417e-05,0
0.1,6.5,0,0.300021,4.13091e-05,0
0.1,6.6,0,0.300019,4.16655e-05,0
0.1,6.7,0,0.299995,5.25227e-05,0
0.1,6.8,0,0.300013,6.0292e-05,0
0.1,6.9,0,0.300013,6.0292e-05,0
0.1,7,0,0.299986,6.90842e-05,0
0.1,7.1,0,0.300007,7.84484e-05,0
0.1,7.2,0,0.300007,7.84484e-05,0
0.1,7.3,0,0.299997,8.4071e-05,0
0.1,7.4,0,0.299999,9.50229e-05,0
0.1,7.5,0,0.300002,9.60876e-05,0
0.1,7.6,0,0.300002,9.60876e-05,0
0.1,7.7,0,0.299991,0.000110956,0
0.1,7.8,0,0.3,0.000113262,0
0.1,7.9,0,0.3,0.000113262,0
0.1,8,0,0.29999,0.000125345,0
0.1,8.1,0,0.299998,0.000129751,0
0.1,8.2,0,0.299998,0.000129751,0
0.1,8.3,0,0.299995,0.000134953,0
0.1,8.4,0,0.299996,0.000144607,0
0.1,8.5,0,0.299998,0.00014521,0
0.1,8.6,0,0.299998,0.00014521,0
0.1,8.7,0,0.299993,0.000157545,0
0.1,8.8,0,0.299998,0.00015932,0
0.1,8.9,0,0.299998,0.00015932,0
0.1,9,0,0.299993,0.000167259,0
0.1,9.1,0,0.299999,0.000171872,0
0.1,9.2,0,0.299999,0.000171872,0
0.1,9.3,0,0.299997,0.000174568,0
0.1,9.4,0,0.299997,0.0001819,0
0.1,9.5,0,0.299999,0.000182788,0
0.1,9.6,0,0.299999,0.000182788,0
0.1,9.7,0,0.299995,0.00018998,0
0.1,9.8,0,0.299999,0.000192099,0
0.1,9.9,0,0.299999,0.000192099,0
0.1,10,0,0.299996,0.000196002,0
0.1,10.1,0,0.299999,0.000199907,0
0.1,10.2,0,0.299999,0.000199907,0
0.1,10.3,0,0.299998,0.000201016,0
0.1,10.4,0,0.299998,0.00020548,0
0.1,10.5,0,0.3,0.000206347,0
0.1,10.6,0,0.3,0.000206347,0
0.1,10.7,0,0.299997,0.000209959,0
0.1,10.8,0,0.3,0.000211562,0
0.1,10.9,0,0.3,0.000211562,0
0.1,11,0,0.299998,0.000213316,0
0.1,11.1,0,0.3,0.000215691,0
0.1,11.2,0,0.3,0.000215691,0
0.1,11.3,0,0.299999,0.000216087,0
0.1,11.4,0,0.299999,0.000218335,0
0.1,11.5,0,0.3,0.000218853,0
0.1,11.6,0,0.3,0.000218853,0
0.1,11.7,0,0.299999,0.000220438,0
0.1,11.8,0,0.3,0.000221145,0
0.1,11.9,0,0.3,0.000221145,0
0.1,12,0,0.299999,0.000221796,0
0.1,12.1,0,0.3,0.000222608,0
0.1,12.2,0,0.3,0.000222632,0
0.1,12.3,0,0.3,0.00022272,0
0.1,12.4,0,0.3,0.000223341,0
0.1,12.5,0,0.3,0.000267897,0
0.1,12.6,0,0.3,0.000341442,0
0.1,12.7,0,0.3,0.000415312,0
0.2,0,0,0.299999,-0.000702229,0
0.2,0.1,0,0.3,-0.000582488,0
0.2,0.2,0,0.299999,-0.000537785,0
0.2,0.3,0,0.299998,-0.000536781,0
0.2,0.4,0,0.299999,-0.000534571,0
0.2,0.5,0,0.299996,-0.000535673,0
0.2,0.6,0,0.299999,-0.000530555,0
0.2,0.7,0,0.299996,-0.000530368,0
0.2,0.8,0,0.299996,-0.00052735,0
0.2,0.9,0,0.299998,-0.000523322,0
0.2,1,0,0.299992,-0.000523712,0
0.2,1.1,0,0.299998,-0.000515284,0
0.2,1.2,0,0.299994,-0.000514579,0
0.2,1.3,0,0.299993,-0.000509558,0
0.2,1.4,0,0.299996,-0.000503254,0
0.2,1.5,0,0.299988,-0.00050383,0
0.2,1.6,0,0.299996,-0.000491227,0
0.2,1.7,0,0.299991,-0.000490405,0
0.2,1.8,0,0.29999,-0.000483424,0
0.2,1.9,0,0.299994,-0.000474472,0
0.2,2,0,0.299984,-0.000475887,0
0.2,2.1,0,0.299994,-0.000458681,0
0.2,2.2,0,0.299988,-0.000457903,0
0.2,2.3,0,0.299988,-0.000449174,0
0.2,2.4,0,0.299993,-0.000437601,0
0.2,2.5,0,0.299981,-0.000439684,0
0.2,2.6,0,0.299993,-0.000418691,0
0.2,2.7,0,0.299986,-0.000417488,0
0.2,2.8,0,0.299986,-0.000407434,0
0.2,2.9,0,0.299993,-0.000394113,0
0.2,3,0,0.299977,-0.000395,0
0.2,3.1,0,0.299995,-0.000373046,0
0.2,3.2,0,0.299985,-0.000369968,0
0.2,3.3,0,0.299987,-0.00035904,0
0.2,3.4,0,0.299998,-0.000345871,0
0.2,3.5,0,0.299974,-0.000341785,0
0.2,3.6,0,0.300004,-0.000323261,0
0.2,3.7,0,0.299988,-0.000316208,0
0.2,3.8,0,0.299992,-0.00030446,0
0.2,3.9,0,0.300011,-0.000293648,0
0.2,4,0,0.299969,-0.000280615,0
0.2,4.1,0,0.300021,-0.000268986,0
0.2,4.2,0,0.299994,-0.000256567,0
0.2,4.3,0,0.3,-0.000243491,0
0.2,4.4,0,0.300032,-0.000236058,0
0.2,4.5,0,0.299964,-0.000212856,0
0.2,4.6,0,0.300044,-0.000208435,0
0.2,4.7,0,0.300002,-0.000190987,0
0.2,4.8,0,0.300007,-0.000176435,0
0.2,4.9,0,0.300053,-0.000172697,0
0.2,5,0,0.299959,-0.000146504,0
0.2,5.1,0,0.299958,-0.000127273,0
0.2,5.2,0,0.299958,-0.000113322,0
0.2,5.3,0,0.299957,-9.93624e-05,0
0.2,5.4,0,0.299957,-8.53629e-05,0
0.2,5.5,0,0.299957,-7.13418e-05,0
0.2,5.6,0,0.299957,-5.73219e-05,0
0.2,5.7,0,0.299957,-4.33275e-05,0
0.2,5.8,0,0.299958,-2.93849e-05,0
0.2,5.9,0,0.299958,-1.54619e-05,0
0.2,6,0,0.29996,6.6247e-06,0
0.2,6.1,0,0.300026,3.17255e-05,0
0.2,6.2,0,0.30005,4.42653e-05,0
0.2,6.3,0,0.299985,4.61971e-05,0
0.2,6.4,0,0.299997,6.24783e-05,0
0.2,6.5,0,0.300043,8.26182e-05,0
0.2,6.6,0,0.300002,8.89439e-05,0
0.2,6.7,0,0.299978,9.98011e-05,0
0.2,6.8,0,0.300019,0.000117282,0
0.2,6.9,0,0.30001,0.000126141,0
0.2,7,0,0.299971,0.000138801,0
0.2,7.1,0,0.299997,0.000150577,0
0.2,7.2,0,0.300011,0.000158348,0
0.2,7.3,0,0.299983,0.000174671,0
0.2,7.4,0,0.299985,0.000185623,0
0.2,7.5,0,0.300004,0.000192175,0
0.2,7.6,0,0.29999,0.000205776,0
0.2,7.7,0,0.299979,0.000220747,0
0.2,7.8,0,0.299995,0.00022541,0
0.2,7.9,0,0.299993,0.000233816,0
0.2,8,0,0.299978,0.000252565,0
0.2,8.1,0,0.299989,0.0002575,0
0.2,8.2,0,0.299996,0.000260189,0
0.2,8.3,0,0.299984,0.000277855,0
0.2,8.4,0,0.299985,0.00028751,0
0.2,8.5,0,0.299996,0.00029042,0
0.2,8.6,0,0.299989,0.000301232,0
0.2,8.7,0,0.299983,0.000314439,0
0.2,8.8,0,0.299993,0.000317698,0
0.2,8.9,0,0.299993,0.000323166,0
0.2,9,0,0.299985,0.00033652,0
0.2,9.1,0,0.299991,0.000341503,0
0.2,9.2,0,0.299997,0.000343743,0
0.2,9.3,0,0.299989,0.000354652,0
0.2,9.4,0,0.299989,0.000361984,0
0.2,9.5,0,0.299997,0.000365575,0
0.2,9.6,0,0.299993,0.000371288,0
0.2,9.7,0,0.299989,0.000379424,0
0.2,9.8,0,0.299996,0.00038299,0
0.2,9.9,0,0.299997,0.000386269,0
0.2,10,0,0.299991,0.000393437,0
0.2,10.1,0,0.299994,0.000397526,0
0.2,10.2,0,0.299998,0.000399813,0
0.2,10.3,0,0.299994,0.000405172,0
0.2,10.4,0,0.299994,0.000409636,0
0.2,10.5,0,0.299999,0.000412579,0
0.2,10.6,0,0.299997,0.000415354,0
0.2,10.7,0,0.299993,0.000419668,0
0.2,10.8,0,0.299998,0.000422157,0
0.2,10.9,0,0.299998,0.000423972,0
0.2,11,0,0.299995,0.000427519,0
0.2,11.1,0,0.299997,0.000429905,0
0.2,11.2,0,0.299999,0.000431382,0
0.2,11.3,0,0.299997,0.00043382,0
0.2,11.4,0,0.299997,0.000436068,0
0.2,11.5,0,0.299999,0.000437573,0
0.2,11.6,0,0.299998,0.000438817,0
0.2,11.7,0,0.299997,0.000440826,0
0.2,11.8,0,0.299999,0.000441843,0
0.2,11.9,0,0.3,0.000442566,0
0.2,12,0,0.299998,0.000444031,0
0.2,12.1,0,0.299999,0.000444843,0
0.2,12.2,0,0.3,0.000445264,0
0.2,12.3,0,0.299999,0.000446044,0
0.2,12.4,0,0.299999,0.000446665,0
0.2,12.5,0,0.3,0.000446714,0
0.2,12.6,0,0.3,0.000510265,0
0.2,12.7,0,0.3,0.000584246,0
0.3,0,0,0.299998,-0.000907072,0
0.3,0.1,0,0.299999,-0.000807136,0
0.3,0.2,0,0.299998,-0.00080713,0
0.3,0.3,0,0.299997,-0.000806126,0
0.3,0.4,0,0.299997,-0.000803043,0
0.3,0.5,0,0.299994,-0.00080351,0
0.3,0.6,0,0.299996,-0.000798495,0
0.3,0.7,0,0.299993,-0.000795708,0
0.3,0.8,0,0.299993,-0.00079269,0
0.3,0.9,0,0.299993,-0.000786289,0
0.3,1,0,0.299988,-0.000785568,0
0.3,1.1,0,0.299993,-0.000777203,0
0.3,1.2,0,0.299989,-0.000771963,0
0.3,1.3,0,0.299989,-0.000766942,0
0.3,1.4,0,0.29999,-0.000756906,0
0.3,1.5,0,0.299982,-0.000755746,0
0.3,1.6,0,0.299988,-0.0007433,0
0.3,1.7,0,0.299984,-0.000735844,0
0.3,1.8,0,0.299984,-0.000728863,0
0.3,1.9,0,0.299985,-0.0007149,0
0.3,2,0,0.299977,-0.00071383,0
0.3,2.1,0,0.299985,-0.000696933,0
0.3,2.2,0,0.29998,-0.000687319,0
0.3,2.3,0,0.299979,-0.00067859,0
0.3,2.4,0,0.299982,-0.000660662,0
0.3,2.5,0,0.299971,-0.000659526,0
0.3,2.6,0,0.299981,-0.000638841,0
0.3,2.7,0,0.299976,-0.000626695,0
0.3,2.8,0,0.299976,-0.00061664,0
0.3,2.9,0,0.299979,-0.000595273,0
0.3,3,0,0.299966,-0.0005925,0
0.3,3.1,0,0.29998,-0.000570372,0
0.3,3.2,0,0.299973,-0.00055469,0
0.3,3.3,0,0.299975,-0.000543762,0
0.3,3.4,0,0.299982,-0.000520231,0
0.3,3.5,0,0.299961,-0.000512678,0
0.3,3.6,0,0.299986,-0.000492791,0
0.3,3.7,0,0.299974,-0.000472269,0
0.3,3.8,0,0.299978,-0.000460521,0
0.3,3.9,0,0.299989,-0.000436509,0
0.3,4,0,0.299954,-0.000420922,0
0.3,4.1,0,0.299997,-0.000406259,0
0.3,4.2,0,0.299977,-0.000380299,0
0.3,4.3,0,0.299983,-0.000367222,0
0.3,4.4,0,0.300003,-0.00034381,0
0.3,4.5,0,0.299946,-0.000319284,0
0.3,4.6,0,0.300012,-0.000310239,0
0.3,4.7,0,0.299983,-0.000279543,0
0.3,4.8,0,0.299988,-0.000264991,0
0.3,4.9,0,0.300017,-0.000246175,0
0.3,5,0,0.299939,-0.000219756,0
0.3,5.1,0,0.299938,-0.000190909,0
0.3,5.2,0,0.299937,-0.000169982,0
0.3,5.3,0,0.299936,-0.000149044,0
0.3,5.4,0,0.299936,-0.000128044,0
0.3,5.5,0,0.299936,-0.000107013,0
0.3,5.6,0,0.299936,-8.59828e-05,0
0.3,5.7,0,0.299936,-6.49912e-05,0
0.3,5.8,0,0.299937,-4.40773e-05,0
0.3,5.9,0,0.299938,-2.31929e-05,0
0.3,6,0,0.299939,9.93706e-06,0
0.3,6.1,0,0.300006,3.50378e-05,0
0.3,6.2,0,0.300015,6.1845e-05,0
0.3,6.3,0,0.299966,6.96337e-05,0
0.3,6.4,0,0.299978,8.59149e-05,0
0.3,6.5,0,0.300005,0.000114199,0
0.3,6.6,0,0.299985,0.000136222,0
0.3,6.7,0,0.299961,0.00014708,0
0.3,6.8,0,0.299995,0.000166882,0
0.3,6.9,0,0.299994,0.000195858,0
0.3,7,0,0.299955,0.000208519,0
0.3,7.1,0,0.299982,0.000220294,0
0.3,7.2,0,0.299988,0.000245625,0
0.3,7.3,0,0.299969,0.000265272,0
0.3,7.4,0,0.299971,0.000276224,0
0.3,7.5,0,0.299983,0.000292491,0
0.3,7.6,0,0.299977,0.000315567,0
0.3,7.7,0,0.299966,0.000330538,0
0.3,7.8,0,0.29998,0.000337701,0
0.3,7.9,0,0.299981,0.000361035,0
0.3,8,0,0.299966,0.000379784,0
0.3,8.1,0,0.299977,0.00038472,0
0.3,8.2,0,0.299981,0.000401958,0
0.3,8.3,0,0.299973,0.000420758,0
0.3,8.4,0,0.299975,0.000430412,0
0.3,8.5,0,0.299982,0.000440313,0
0.3,8.6,0,0.29998,0.000458125,0
0.3,8.7,0,0.299973,0.000471332,0
0.3,8.8,0,0.299983,0.000475705,0
0.3,8.9,0,0.299985,0.000492319,0
0.3,9,0,0.299976,0.000505782,0
0.3,9.1,0,0.299983,0.000510765,0
0.3,9.2,0,0.299987,0.000522361,0
0.3,9.3,0,0.299982,0.000534736,0
0.3,9.4,0,0.299982,0.000542068,0
0.3,9.5,0,0.299988,0.000549127,0
0.3,9.6,0,0.299987,0.000560733,0
0.3,9.7,0,0.299982,0.000568869,0
0.3,9.8,0,0.299989,0.000572674,0
0.3,9.9,0,0.299991,0.000583407,0
0.3,10,0,0.299985,0.000590872,0
0.3,10.1,0,0.299989,0.000594961,0
0.3,10.2,0,0.299992,0.000602181,0
0.3,10.3,0,0.29999,0.000609328,0
0.3,10.4,0,0.299989,0.000613791,0
0.3,10.5,0,0.299993,0.00061824,0
0.3,10.6,0,0.299993,0.000625063,0
0.3,10.7,0,0.29999,0.000629378,0
0.3,10.8,0,0.299994,0.000631866,0
0.3,10.9,0,0.299995,0.000637843,0
0.3,11,0,0.299992,0.000641722,0
0.3,11.1,0,0.299994,0.000644108,0
0.3,11.2,0,0.299996,0.000647844,0
0.3,11.3,0,0.299995,0.000651553,0
0.3,11.4,0,0.299994,0.000653801,0
0.3,11.5,0,0.299996,0.00065589,0
0.3,11.6,0,0.299997,0.000659205,0
0.3,11.7,0,0.299995,0.000661214,0
0.3,11.8,0,0.299998,0.000662231,0
0.3,11.9,0,0.299998,0.000664615,0
0.3,12,0,0.299997,0.000666265,0
0.3,12.1,0,0.299998,0.000667078,0
0.3,12.2,0,0.299999,0.000668154,0
0.3,12.3,0,0.299999,0.000669368,0
0.3,12.4,0,0.299999,0.000669989,0
0.3,12.5,0,0.299999,0.00067014,0
0.3,12.6,0,0.3,0.000679199,0
0.3,12.7,0,0.299999,0.00075318,0
0.4,0,0,0.299998,-0.00111192,0
0.4,0.1,0,0.299997,-0.00107799,0
0.4,0.2,0,0.299997,-0.00107708,0
0.4,0.3,0,0.299996,-0.00107572,0
0.4,0.4,0,0.299994,-0.001073,0
0.4,0.5,0,0.299992,-0.00107135,0
0.4,0.6,0,0.299992,-0.00106668,0
0.4,0.7,0,0.29999,-0.00106219,0
0.4,0.8,0,0.299989,-0.00105812,0
0.4,0.9,0,0.299987,-0.00105185,0
0.4,1,0,0.299984,-0.00104742,0
0.4,1.1,0,0.299985,-0.00103927,0
0.4,1.2,0,0.299983,-0.00103122,0
0.4,1.3,0,0.299982,-0.00102445,0
0.4,1.4,0,0.29998,-0.00101461,0
0.4,1.5,0,0.299977,-0.00100766,0
0.4,1.6,0,0.299977,-0.000995741,0
0.4,1.7,0,0.299976,-0.000984083,0
0.4,1.8,0,0.299975,-0.000974616,0
0.4,1.9,0,0.299973,-0.000961124,0
0.4,2,0,0.299969,-0.000951773,0
0.4,2.1,0,0.299971,-0.000935908,0
0.4,2.2,0,0.299969,-0.000920559,0
0.4,2.3,0,0.299968,-0.000908468,0
0.4,2.4,0,0.299966,-0.000891235,0
0.4,2.5,0,0.299962,-0.000879368,0
0.4,2.6,0,0.299964,-0.00085971,0
0.4,2.7,0,0.299962,-0.000840567,0
0.4,2.8,0,0.299962,-0.000826044,0
0.4,2.9,0,0.29996,-0.000804972,0
0.4,3,0,0.299955,-0.00079,0
0.4,3.1,0,0.299959,-0.00076729,0
0.4,3.2,0,0.299957,-0.00074429,0
0.4,3.3,0,0.299958,-0.000727577,0
0.4,3.4,0,0.299956,-0.000702684,0
0.4,3.5,0,0.299948,-0.000683571,0
0.4,3.6,0,0.299955,-0.000659144,0
0.4,3.7,0,0.299953,-0.000632446,0
0.4,3.8,0,0.299954,-0.000613686,0
0.4,3.9,0,0.299952,-0.000585329,0
0.4,4,0,0.299939,-0.000561229,0
0.4,4.1,0,0.299951,-0.000536451,0
0.4,4.2,0,0.299949,-0.000506615,0
0.4,4.3,0,0.299951,-0.000485798,0
0.4,4.4,0,0.299949,-0.000454652,0
0.4,4.5,0,0.299928,-0.000425713,0
0.4,4.6,0,0.299948,-0.000401251,0
0.4,4.7,0,0.299946,-0.000369081,0
0.4,4.8,0,0.299948,-0.000347727,0
0.4,4.9,0,0.299946,-0.000320179,0
0.4,5,0,0.299919,-0.000293009,0
0.4,5.1,0,0.299917,-0.000254546,0
0.4,5.2,0,0.299916,-0.000226643,0
0.4,5.3,0,0.299915,-0.000198725,0
0.4,5.4,0,0.299914,-0.000170726,0
0.4,5.5,0,0.299914,-0.000142684,0
0.4,5.6,0,0.299914,-0.000114644,0
0.4,5.7,0,0.299915,-8.6655e-05,0
0.4,5.8,0,0.299916,-5.87698e-05,0
0.4,5.9,0,0.299917,-3.09238e-05,0
0.4,6,0,0.299919,1.32494e-05,0
0.4,6.1,0,0.299945,3.95629e-05,0
0.4,6.2,0,0.299947,6.65955e-05,0
0.4,6.3,0,0.299947,9.30703e-05,0
0.4,6.4,0,0.299945,0.000111579,0
0.4,6.5,0,0.299948,0.000143605,0
0.4,6.6,0,0.29995,0.000175631,0
0.4,6.7,0,0.299944,0.000194358,0
0.4,6.8,0,0.299949,0.000223585,0
0.4,6.9,0,0.299951,0.000253727,0
0.4,7,0,0.29994,0.000278236,0
0.4,7.1,0,0.29995,0.000299442,0
0.4,7.2,0,0.299952,0.000327494,0
0.4,7.3,0,0.299954,0.000355546,0
0.4,7.4,0,0.299952,0.000371017,0
0.4,7.5,0,0.299954,0.000396795,0
0.4,7.6,0,0.299956,0.000422573,0
0.4,7.7,0,0.299953,0.000440328,0
0.4,7.8,0,0.299956,0.000461449,0
0.4,7.9,0,0.299958,0.000484861,0
0.4,8,0,0.299955,0.000507004,0
0.4,8.1,0,0.299959,0.000521263,0
0.4,8.2,0,0.29996,0.000542329,0
0.4,8.3,0,0.299962,0.000563395,0
0.4,8.4,0,0.299962,0.000576105,0
0.4,8.5,0,0.299964,0.000594899,0
0.4,8.6,0,0.299965,0.000613693,0
0.4,8.7,0,0.299964,0.000628226,0
0.4,8.8,0,0.299967,0.00064254,0
0.4,8.9,0,0.299969,0.000659154,0
0.4,9,0,0.299968,0.000675044,0
0.4,9.1,0,0.299971,0.000685297,0
0.4,9.2,0,0.299972,0.000699835,0
0.4,9.3,0,0.299974,0.000714372,0
0.4,9.4,0,0.299974,0.000723295,0
0.4,9.5,0,0.299975,0.000735869,0
0.4,9.6,0,0.299977,0.000748443,0
0.4,9.7,0,0.299976,0.000758314,0
0.4,9.8,0,0.299979,0.000767454,0
0.4,9.9,0,0.29998,0.000778188,0
0.4,10,0,0.29998,0.000788307,0
0.4,10.1,0,0.299982,0.000794838,0
0.4,10.2,0,0.299983,0.000803866,0
0.4,10.3,0,0.299984,0.000812893,0
0.4,10.4,0,0.299985,0.000818298,0
0.4,10.5,0,0.299986,0.000825759,0
0.4,10.6,0,0.299987,0.00083322,0
0.4,10.7,0,0.299986,0.000839088,0
0.4,10.8,0,0.299988,0.000844158,0
0.4,10.9,0,0.299989,0.000850193,0
0.4,11,0,0.29999,0.000855924,0
0.4,11.1,0,0.29999,0.000859347,0
0.4,11.2,0,0.299991,0.000864089,0
0.4,11.3,0,0.299992,0.000868831,0
0.4,11.4,0,0.299992,0.000871591,0
0.4,11.5,0,0.299993,0.000875157,0
0.4,11.6,0,0.299994,0.000878723,0
0.4,11.7,0,0.299994,0.000881601,0
0.4,11.8,0,0.299995,0.000883611,0
0.4,11.9,0,0.299996,0.000886092,0
0.4,12,0,0.299996,0.0008885,0
0.4,12.1,0,0.299997,0.000889618,0
0.4,12.2,0,0.299997,0.000891081,0
0.4,12.3,0,0.299998,0.000892544,0
0.4,12.4,0,0.299998,0.000893313,0
0.4,12.5,0,0.299999,0.000893788,0
0.4,12.6,0,0.299999,0.000894272,0
0.4,12.7,0,0.299999,0.000922114,0
0.5,0,0,0.299997,-0.00135075,0
0.5,0.1,0,0.299996,-0.00134936,0
0.5,0.2,0,0.299995,-0.00134845,0
0.5,0.3,0,0.299993,-0.00134617,0
0.5,0.4,0,0.299991,-0.00134345,0
0.5,0.5,0,0.299988,-0.00134058,0
0.5,0.6,0,0.299987,-0.00133536,0
0.5,0.7,0,0.299985,-0.00133086,0
0.5,0.8,0,0.299983,-0.00132417,0
0.5,0.9,0,0.299981,-0.00131789,0
0.5,1,0,0.299977,-0.00131057,0
0.5,1.1,0,0.299977,-0.00130183,0
0.5,1.2,0,0.299975,-0.00129378,0
0.5,1.3,0,0.299973,-0.00128266,0
0.5,1.4,0,0.299971,-0.00127281,0
0.5,1.5,0,0.299966,-0.00126066,0
0.5,1.6,0,0.299967,-0.00124869,0
0.5,1.7,0,0.299965,-0.00123703,0
0.5,1.8,0,0.299962,-0.00122135,0
0.5,1.9,0,0.29996,-0.00120786,0
0.5,2,0,0.299954,-0.00119045,0
0.5,2.1,0,0.299956,-0.0011754,0
0.5,2.2,0,0.299955,-0.00116005,0
0.5,2.3,0,0.299952,-0.00113957,0
0.5,2.4,0,0.299951,-0.00112234,0
0.5,2.5,0,0.299943,-0.00109949,0
0.5,2.6,0,0.299947,-0.00108111,0
0.5,2.7,0,0.299945,-0.00106197,0
0.5,2.8,0,0.299943,-0.00103628,0
0.5,2.9,0,0.299941,-0.00101521,0
0.5,3,0,0.299933,-0.000987405,0
0.5,3.1,0,0.299937,-0.000964743,0
0.5,3.2,0,0.299936,-0.000941743,0
0.5,3.3,0,0.299932,-0.000910547,0
0.5,3.4,0,0.299931,-0.000885654,0
0.5,3.5,0,0.299923,-0.000854365,0
0.5,3.6,0,0.299925,-0.000825981,0
0.5,3.7,0,0.299923,-0.000799284,0
0.5,3.8,0,0.299917,-0.000762943,0
0.5,3.9,0,0.299915,-0.000734586,0
0.5,4,0,0.299911,-0.000701936,0
0.5,4.1,0,0.299906,-0.000667028,0
0.5,4.2,0,0.299904,-0.000637192,0
0.5,4.3,0,0.299896,-0.000596983,0
0.5,4.4,0,0.299894,-0.000565837,0
0.5,4.5,0,0.299899,-0.000533419,0
0.5,4.6,0,0.299885,-0.000492489,0
0.5,4.7,0,0.299882,-0.000460319,0
0.5,4.8,0,0.299876,-0.000418938,0
0.5,4.9,0,0.299874,-0.000391391,0
0.5,5,0,0.299888,-0.000368165,0
0.5,5.1,0,0.299886,-0.000319747,0
0.5,5.2,0,0.299885,-0.000284459,0
0.5,5.3,0,0.299884,-0.000249121,0
0.5,5.4,0,0.299884,-0.000213687,0
0.5,5.5,0,0.299884,-0.000178201,0
0.5,5.6,0,0.299884,-0.000142717,0
0.5,5.7,0,0.299884,-0.000107293,0
0.5,5.8,0,0.299885,-7.19896e-05,0
0.5,5.9,0,0.299886,-3.6759e-05,0
0.5,6,0,0.299889,1.88127e-05,0
0.5,6.1,0,0.299876,3.99325e-05,0
0.5,6.2,0,0.299878,6.69651e-05,0
0.5,6.3,0,0.299881,9.49255e-05,0
0.5,6.4,0,0.299888,0.000141648,0
0.5,6.5,0,0.29989,0.000173674,0
0.5,6.6,0,0.299892,0.000205701,0
0.5,6.7,0,0.299901,0.000249984,0
0.5,6.8,0,0.299903,0.000281029,0
0.5,6.9,0,0.299905,0.00031117,0
0.5,7,0,0.29991,0.000346439,0
0.5,7.1,0,0.299914,0.000382127,0
0.5,7.2,0,0.299916,0.000410179,0
0.5,7.3,0,0.299918,0.000438231,0
0.5,7.4,0,0.299923,0.000476197,0
0.5,7.5,0,0.299925,0.000501975,0
0.5,7.6,0,0.299927,0.000527753,0
0.5,7.7,0,0.299929,0.000560033,0
0.5,7.8,0,0.299932,0.000586081,0
0.5,7.9,0,0.299934,0.000609493,0
0.5,8,0,0.299932,0.000633542,0
0.5,8.1,0,0.299938,0.000662496,0
0.5,8.2,0,0.29994,0.000683562,0
0.5,8.3,0,0.299941,0.000704629,0
0.5,8.4,0,0.299944,0.00073152,0
0.5,8.5,0,0.299945,0.000750314,0
0.5,8.6,0,0.299947,0.000769108,0
0.5,8.7,0,0.299947,0.000791157,0
0.5,8.8,0,0.299951,0.000810169,0
0.5,8.9,0,0.299952,0.000826783,0
0.5,9,0,0.299952,0.000844126,0
0.5,9.1,0,0.299956,0.000863524,0
0.5,9.2,0,0.299958,0.000878061,0
0.5,9.3,0,0.299959,0.000892599,0
0.5,9.4,0,0.299962,0.000910745,0
0.5,9.5,0,0.299963,0.000923319,0
0.5,9.6,0,0.299964,0.000935893,0
0.5,9.7,0,0.299965,0.000950768,0
0.5,9.8,0,0.299968,0.000962896,0
0.5,9.9,0,0.299969,0.000973629,0
0.5,10,0,0.29997,0.000985128,0
0.5,10.1,0,0.299973,0.000997131,0
0.5,10.2,0,0.299974,0.00100616,0
0.5,10.3,0,0.299975,0.00101519,0
0.5,10.4,0,0.299977,0.00102637,0
0.5,10.5,0,0.299978,0.00103383,0
0.5,10.6,0,0.29998,0.0010413,0
0.5,10.7,0,0.29998,0.00105028,0
0.5,10.8,0,0.299982,0.00105701,0
0.5,10.9,0,0.299983,0.00106305,0
0.5,11,0,0.299984,0.00106949,0
0.5,11.1,0,0.299986,0.00107605,0
0.5,11.2,0,0.299987,0.00108079,0
0.5,11.3,0,0.299988,0.00108553,0
0.5,11.4,0,0.299989,0.00109128,0
0.5,11.5,0,0.29999,0.00109484,0
0.5,11.6,0,0.299991,0.00109841,0
0.5,11.7,0,0.299991,0.00110277,0
0.5,11.8,0,0.299993,0.00110548,0
0.5,11.9,0,0.299993,0.00110796,0
0.5,12,0,0.299994,0.00111056,0
0.5,12.1,0,0.299995,0.00111291,0
0.5,12.2,0,0.299996,0.00111438,0
0.5,12.3,0,0.299997,0.00111584,0
0.5,12.4,0,0.299998,0.00111732,0
0.5,12.5,0,0.299998,0.0011178,0
0.5,12.6,0,0.299999,0.00111828,0
0.5,12.7,0,0.299999,0.00111904,0
0.6,0,0,0.299995,-0.00162357,0
0.6,0.1,0,0.299996,-0.00162123,0
0.6,0.2,0,0.299993,-0.00162055,0
0.6,0.3,0,0.29999,-0.0016179,0
0.6,0.4,0,0.299989,-0.00161439,0
0.6,0.5,0,0.299983,-0.00161122,0
0.6,0.6,0,0.299983,-0.00160453,0
0.6,0.7,0,0.299979,-0.00159936,0
0.6,0.8,0,0.299976,-0.00159161,0
0.6,0.9,0,0.299975,-0.00158444,0
0.6,1,0,0.299966,-0.00157501,0
0.6,1.1,0,0.299969,-0.00156489,0
0.6,1.2,0,0.299964,-0.00155488,0
0.6,1.3,0,0.299961,-0.00154201,0
0.6,1.4,0,0.299962,-0.00153152,0
0.6,1.5,0,0.299949,-0.00151474,0
0.6,1.6,0,0.299956,-0.00150214,0
0.6,1.7,0,0.299949,-0.00148679,0
0.6,1.8,0,0.299946,-0.00146863,0
0.6,1.9,0,0.299948,-0.00145511,0
0.6,2,0,0.299932,-0.00142985,0
0.6,2.1,0,0.299942,-0.00141542,0
0.6,2.2,0,0.299934,-0.00139432,0
0.6,2.3,0,0.299931,-0.00137048,0
0.6,2.4,0,0.299935,-0.00135396,0
0.6,2.5,0,0.299916,-0.00131988,0
0.6,2.6,0,0.299929,-0.00130305,0
0.6,2.7,0,0.29992,-0.00127635,0
0.6,2.8,0,0.299917,-0.00124619,0
0.6,2.9,0,0.299922,-0.00122598,0
0.6,3,0,0.2999,-0.00118472,0
0.6,3.1,0,0.299916,-0.00116273,0
0.6,3.2,0,0.299906,-0.00113158,0
0.6,3.3,0,0.299901,-0.00109458,0
0.6,3.4,0,0.299906,-0.00106914,0
0.6,3.5,0,0.299885,-0.00102506,0
0.6,3.6,0,0.299894,-0.000993303,0
0.6,3.7,0,0.299887,-0.000959961,0
0.6,3.8,0,0.299879,-0.000916569,0
0.6,3.9,0,0.299877,-0.00088428,0
0.6,4,0,0.299871,-0.000843044,0
0.6,4.1,0,0.299861,-0.00079799,0
0.6,4.2,0,0.299861,-0.000764769,0
0.6,4.3,0,0.29985,-0.000716787,0
0.6,4.4,0,0.299839,-0.000677365,0
0.6,4.5,0,0.299858,-0.000642405,0
0.6,4.6,0,0.299821,-0.000583953,0
0.6,4.7,0,0.299833,-0.000552201,0
0.6,4.8,0,0.299823,-0.000501601,0
0.6,4.9,0,0.299802,-0.000459808,0
0.6,5,0,0.299848,-0.000445226,0
0.6,5.1,0,0.299846,-0.000386514,0
0.6,5.2,0,0.299845,-0.000343431,0
0.6,5.3,0,0.299844,-0.000300233,0
0.6,5.4,0,0.299844,-0.000256927,0
0.6,5.5,0,0.299844,-0.000213563,0
0.6,5.6,0,0.299844,-0.000170202,0
0.6,5.7,0,0.299844,-0.000126906,0
0.6,5.8,0,0.299845,-8.37368e-05,0
0.6,5.9,0,0.299846,-4.06985e-05,0
0.6,6,0,0.299849,2.66269e-05,0
0.6,6.1,0,0.299811,3.77744e-05,0
0.6,6.2,0,0.299809,6.29538e-05,0
0.6,6.3,0,0.29984,0.000121997,0
0.6,6.4,0,0.299841,0.000170085,0
0.6,6.5,0,0.299833,0.000204407,0
0.6,6.6,0,0.299845,0.00024659,0
0.6,6.7,0,0.29986,0.000298863,0
0.6,6.8,0,0.299857,0.000339212,0
0.6,6.9,0,0.299859,0.000370414,0
0.6,7,0,0.29987,0.000416466,0
0.6,7.1,0,0.299877,0.000462612,0
0.6,7.2,0,0.29988,0.000493681,0
0.6,7.3,0,0.299879,0.000528286,0
0.6,7.4,0,0.299888,0.000571324,0
0.6,7.5,0,0.299896,0.000608033,0
0.6,7.6,0,0.299894,0.000635485,0
0.6,7.7,0,0.299893,0.00066949,0
0.6,7.8,0,0.299908,0.000711598,0
0.6,7.9,0,0.29991,0.000735049,0
0.6,8,0,0.299898,0.0007608,0
0.6,8.1,0,0.299914,0.000800273,0
0.6,8.2,0,0.299919,0.000825658,0
0.6,8.3,0,0.299912,0.000847986,0
0.6,8.4,0,0.299916,0.000878066,0
0.6,8.5,0,0.299927,0.000906558,0
0.6,8.6,0,0.299925,0.000926123,0
0.6,8.7,0,0.29992,0.000949214,0
0.6,8.8,0,0.299934,0.000978591,0
0.6,8.9,0,0.299936,0.000995205,0
0.6,9,0,0.299928,0.00101499,0
0.6,9.1,0,0.299939,0.0010396,0
0.6,9.2,0,0.299944,0.00105704,0
0.6,9.3,0,0.29994,0.00107405,0
0.6,9.4,0,0.299943,0.00109377,0
0.6,9.5,0,0.299951,0.00111148,0
0.6,9.6,0,0.29995,0.00112523,0
0.6,9.7,0,0.299947,0.0011422,0
0.6,9.8,0,0.299957,0.001159,0
0.6,9.9,0,0.299959,0.00116973,0
0.6,10,0,0.299955,0.00118454,0
0.6,10.1,0,0.299962,0.00119855,0
0.6,10.2,0,0.299966,0.00120906,0
0.6,10.3,0,0.299964,0.00122048,0
0.6,10.4,0,0.299966,0.00123268,0
0.6,10.5,0,0.299971,0.00124247,0
0.6,10.6,0,0.299972,0.00125075,0
0.6,10.7,0,0.29997,0.00126174,0
0.6,10.8,0,0.299977,0.00127033,0
0.6,10.9,0,0.299978,0.00127641,0
0.6,11,0,0.299976,0.00128529,0
0.6,11.1,0,0.29998,0.00129255,0
0.6,11.2,0,0.299982,0.00129795,0
0.6,11.3,0,0.299982,0.00130411,0
0.6,11.4,0,0.299983,0.00131051,0
0.6,11.5,0,0.299986,0.00131494,0
0.6,11.6,0,0.299987,0.00131888,0
0.6,11.7,0,0.299987,0.00132451,0
0.6,11.8,0,0.29999,0.00132769,0
0.6,11.9,0,0.299991,0.00133022,0
0.6,12,0,0.299991,0.00133406,0
0.6,12.1,0,0.299993,0.00133649,0
0.6,12.2,0,0.299994,0.00133804,0
0.6,12.3,0,0.299995,0.00134006,0
0.6,12.4,0,0.299996,0.00134187,0
0.6,12.5,0,0.299998,0.00134217,0
0.6,12.6,0,0.299998,0.00134274,0
0.6,12.7,0,0.299998,0.00134395,0
0.7,0,0,0.299993,-0.0018964,0
0.7,0.1,0,0.299994,-0.00189377,0
0.7,0.2,0,0.29999,-0.00189281,0
0.7,0.3,0,0.299987,-0.00189015,0
0.7,0.4,0,0.299984,-0.00188512,0
0.7,0.5,0,0.299977,-0.00188186,0
0.7,0.6,0,0.299978,-0.00187473,0
0.7,0.7,0,0.299971,-0.0018674,0
0.7,0.8,0,0.299967,-0.00185965,0
0.7,0.9,0,0.299966,-0.0018495,0
0.7,1,0,0.299955,-0.00183944,0
0.7,1.1,0,0.299959,-0.00182891,0
0.7,1.2,0,0.29995,-0.00181467,0
0.7,1.3,0,0.299947,-0.0018018,0
0.7,1.4,0,0.299947,-0.00178699,0
0.7,1.5,0,0.299933,-0.00176882,0
0.7,1.6,0,0.299941,-0.00175604,0
0.7,1.7,0,0.29993,-0.00173407,0
0.7,1.8,0,0.299927,-0.00171591,0
0.7,1.9,0,0.299929,-0.00169687,0
0.7,2,0,0.29991,-0.00166926,0
0.7,2.1,0,0.299922,-0.001655,0
0.7,2.2,0,0.299909,-0.00162475,0
0.7,2.3,0,0.299906,-0.00160091,0
0.7,2.4,0,0.299911,-0.00157773,0
0.7,2.5,0,0.299888,-0.00154028,0
0.7,2.6,0,0.299905,-0.00152391,0
0.7,2.7,0,0.299889,-0.00148568,0
0.7,2.8,0,0.299886,-0.00145552,0
0.7,2.9,0,0.299893,-0.00142733,0
0.7,3,0,0.299867,-0.00138203,0
0.7,3.1,0,0.299886,-0.00136024,0
0.7,3.2,0,0.29987,-0.00131599,0
0.7,3.3,0,0.299865,-0.00127899,0
0.7,3.4,0,0.299872,-0.00124367,0
0.7,3.5,0,0.299848,-0.00119576,0
0.7,3.6,0,0.299859,-0.00116299,0
0.7,3.7,0,0.299848,-0.00111621,0
0.7,3.8,0,0.29984,-0.00107282,0
0.7,3.9,0,0.299838,-0.00102796,0
0.7,4,0,0.299831,-0.000984151,0
0.7,4.1,0,0.299819,-0.000936053,0
0.7,4.2,0,0.299821,-0.00089009,0
0.7,4.3,0,0.29981,-0.000842108,0
0.7,4.4,0,0.299795,-0.000787113,0
0.7,4.5,0,0.299818,-0.00075139,0
0.7,4.6,0,0.299774,-0.000687682,0
0.7,4.7,0,0.299793,-0.000644361,0
0.7,4.8,0,0.299783,-0.000593761,0
0.7,4.9,0,0.299753,-0.000534276,0
0.7,5,0,0.299808,-0.000522287,0
0.7,5.1,0,0.299806,-0.000453281,0
0.7,5.2,0,0.299805,-0.000402402,0
0.7,5.3,0,0.299804,-0.000351345,0
0.7,5.4,0,0.299804,-0.000300167,0
0.7,5.5,0,0.299804,-0.000248926,0
0.7,5.6,0,0.299804,-0.000197687,0
0.7,5.7,0,0.299804,-0.000146518,0
0.7,5.8,0,0.299805,-9.54841e-05,0
0.7,5.9,0,0.299806,-4.46379e-05,0
0.7,6,0,0.299808,3.44411e-05,0
0.7,6.1,0,0.299771,4.55887e-05,0
0.7,6.2,0,0.299759,8.02826e-05,0
0.7,6.3,0,0.2998,0.000149068,0
0.7,6.4,0,0.299801,0.000197156,0
0.7,6.5,0,0.299784,0.000238028,0
0.7,6.6,0,0.299804,0.000295468,0
0.7,6.7,0,0.29982,0.000347742,0
0.7,6.8,0,0.299815,0.000390382,0
0.7,6.9,0,0.299819,0.000440441,0
0.7,7,0,0.29983,0.000486494,0
0.7,7.1,0,0.299837,0.000532639,0
0.7,7.2,0,0.299842,0.000581398,0
0.7,7.3,0,0.299841,0.000618594,0
0.7,7.4,0,0.299849,0.000661632,0
0.7,7.5,0,0.299863,0.000709074,0
0.7,7.6,0,0.299858,0.000744943,0
0.7,7.7,0,0.299856,0.000778948,0
0.7,7.8,0,0.299874,0.000823932,0
0.7,7.9,0,0.299876,0.000862307,0
0.7,8,0,0.299865,0.000888058,0
0.7,8.1,0,0.299881,0.000927531,0
0.7,8.2,0,0.299893,0.000968532,0
0.7,8.3,0,0.299882,0.00099149,0
0.7,8.4,0,0.299886,0.00102157,0
0.7,8.5,0,0.299903,0.00105763,0
0.7,8.6,0,0.299898,0.00108418,0
0.7,8.7,0,0.299893,0.00110727,0
0.7,8.8,0,0.299909,0.00113781,0
0.7,8.9,0,0.299913,0.00116596,0
0.7,9,0,0.299905,0.00118585,0
0.7,9.1,0,0.299916,0.00121046,0
0.7,9.2,0,0.299927,0.00123734,0
0.7,9.3,0,0.29992,0.001256,0
0.7,9.4,0,0.299923,0.00127573,0
0.7,9.5,0,0.299935,0.00129668,0
0.7,9.6,0,0.299933,0.00131666,0
0.7,9.7,0,0.29993,0.00133363,0
0.7,9.8,0,0.29994,0.00135064,0
0.7,9.9,0,0.299945,0.00136877,0
0.7,10,0,0.299941,0.00138395,0
0.7,10.1,0,0.299947,0.00139796,0
0.7,10.2,0,0.299955,0.00141299,0
0.7,10.3,0,0.299952,0.00142652,0
0.7,10.4,0,0.299954,0.00143873,0
0.7,10.5,0,0.299961,0.00144967,0
0.7,10.6,0,0.299962,0.00146221,0
0.7,10.7,0,0.29996,0.00147321,0
0.7,10.8,0,0.299967,0.00148179,0
0.7,10.9,0,0.29997,0.00149178,0
0.7,11,0,0.299969,0.0015011,0
0.7,11.1,0,0.299972,0.00150835,0
0.7,11.2,0,0.299977,0.00151563,0
0.7,11.3,0,0.299976,0.00152331,0
0.7,11.4,0,0.299977,0.00152971,0
0.7,11.5,0,0.299981,0.00153449,0
0.7,11.6,0,0.299983,0.00154061,0
0.7,11.7,0,0.299982,0.00154625,0
0.7,11.8,0,0.299986,0.00154943,0
0.7,11.9,0,0.299988,0.00155341,0
0.7,12,0,0.299988,0.00155757,0
0.7,12.1,0,0.29999,0.00155999,0
0.7,12.2,0,0.299992,0.00156192,0
0.7,12.3,0,0.299993,0.00156462,0
0.7,12.4,0,0.299995,0.00156643,0
0.7,12.5,0,0.299997,0.00156666,0
0.7,12.6,0,0.299997,0.00156765,0
0.7,12.7,0,0.299997,0.00156887,0
0.8,0,0,0.299991,-0.00216922,0
0.8,0.1,0,0.29999,-0.0021669,0
0.8,0.2,0,0.299987,-0.00216506,0
0.8,0.3,0,0.299984,-0.00216241,0
0.8,0.4,0,0.299978,-0.00215681,0
0.8,0.5,0,0.299972,-0.0021525,0
0.8,0.6,0,0.299969,-0.00214446,0
0.8,0.7,0,0.299963,-0.00213544,0
0.8,0.8,0,0.299959,-0.00212769,0
0.8,0.9,0,0.299953,-0.00211514,0
0.8,1,0,0.299945,-0.00210388,0
0.8,1.1,0,0.299944,-0.00209073,0
0.8,1.2,0,0.299937,-0.00207446,0
0.8,1.3,0,0.299934,-0.00206159,0
0.8,1.4,0,0.299928,-0.00204194,0
0.8,1.5,0,0.299917,-0.0020229,0
0.8,1.6,0,0.299918,-0.00200518,0
0.8,1.7,0,0.299911,-0.00198136,0
0.8,1.8,0,0.299908,-0.0019632,0
0.8,1.9,0,0.299902,-0.0019363,0
0.8,2,0,0.299888,-0.00190866,0
0.8,2.1,0,0.299892,-0.00188674,0
0.8,2.2,0,0.299884,-0.00185519,0
0.8,2.3,0,0.299882,-0.00183135,0
0.8,2.4,0,0.299876,-0.00179717,0
0.8,2.5,0,0.29986,-0.00176067,0
0.8,2.6,0,0.299867,-0.00173422,0
0.8,2.7,0,0.299859,-0.00169501,0
0.8,2.8,0,0.299856,-0.00166486,0
0.8,2.9,0,0.299851,-0.00162349,0
0.8,3,0,0.299834,-0.00157934,0
0.8,3.1,0,0.299842,-0.00154669,0
0.8,3.2,0,0.299835,-0.00150039,0
0.8,3.3,0,0.29983,-0.00146339,0
0.8,3.4,0,0.299826,-0.0014151,0
0.8,3.5,0,0.29981,-0.00136645,0
0.8,3.6,0,0.299814,-0.00132482,0
0.8,3.7,0,0.299809,-0.00127246,0
0.8,3.8,0,0.299801,-0.00122907,0
0.8,3.9,0,0.299797,-0.00117431,0
0.8,4,0,0.299791,-0.00112526,0
0.8,4.1,0,0.299783,-0.00107265,0
0.8,4.2,0,0.29978,-0.00101541,0
0.8,4.3,0,0.29977,-0.000967429,0
0.8,4.4,0,0.299766,-0.000907133,0
0.8,4.5,0,0.299777,-0.000860376,0
0.8,4.6,0,0.299752,-0.000797224,0
0.8,4.7,0,0.299752,-0.000736522,0
0.8,4.8,0,0.299743,-0.000685922,0
0.8,4.9,0,0.299738,-0.000630331,0
0.8,5,0,0.299768,-0.000599348,0
0.8,5.1,0,0.299766,-0.000520047,0
0.8,5.2,0,0.299765,-0.000461374,0
0.8,5.3,0,0.299764,-0.000402457,0
0.8,5.4,0,0.299764,-0.000343408,0
0.8,5.5,0,0.299764,-0.000284289,0
0.8,5.6,0,0.299764,-0.000225173,0
0.8,5.7,0,0.299764,-0.000166131,0
0.8,5.8,0,0.299765,-0.000107231,0
0.8,5.9,0,0.299766,-4.85773e-05,0
0.8,6,0,0.299768,4.22553e-05,0
0.8,6.1,0,0.299741,6.40729e-05,0
0.8,6.2,0,0.299742,0.000116973,0
0.8,6.3,0,0.299759,0.000176139,0
0.8,6.4,0,0.29976,0.000224227,0
0.8,6.5,0,0.29976,0.000283245,0
0.8,6.6,0,0.299764,0.000344347,0
0.8,6.7,0,0.299779,0.00039662,0
0.8,6.8,0,0.299779,0.000448099,0
0.8,6.9,0,0.299782,0.00050665,0
0.8,7,0,0.29979,0.000556521,0
0.8,7.1,0,0.299796,0.000604546,0
0.8,7.2,0,0.2998,0.000659841,0
0.8,7.3,0,0.299802,0.000708902,0
0.8,7.4,0,0.299811,0.000751941,0
0.8,7.5,0,0.299817,0.000802782,0
0.8,7.6,0,0.299822,0.000854284,0
0.8,7.7,0,0.29982,0.000888406,0
0.8,7.8,0,0.299832,0.000934572,0
0.8,7.9,0,0.299837,0.000981895,0
0.8,8,0,0.299832,0.00101532,0
0.8,8.1,0,0.299845,0.00105508,0
0.8,8.2,0,0.299851,0.00109797,0
0.8,8.3,0,0.299852,0.00113499,0
0.8,8.4,0,0.299856,0.00116507,0
0.8,8.5,0,0.299864,0.00120294,0
0.8,8.6,0,0.29987,0.00124129,0
0.8,8.7,0,0.299867,0.00126533,0
0.8,8.8,0,0.299878,0.00129736,0
0.8,8.9,0,0.299884,0.00133118,0
0.8,9,0,0.299882,0.00135672,0
0.8,9.1,0,0.299891,0.00138175,0
0.8,9.2,0,0.299897,0.00141119,0
0.8,9.3,0,0.2999,0.00143796,0
0.8,9.4,0,0.299903,0.00145768,0
0.8,9.5,0,0.299909,0.00148191,0
0.8,9.6,0,0.299915,0.00150721,0
0.8,9.7,0,0.299913,0.00152506,0
0.8,9.8,0,0.299921,0.00154387,0
0.8,9.9,0,0.299926,0.00156533,0
0.8,10,0,0.299926,0.00158336,0
0.8,10.1,0,0.299932,0.00159761,0
0.8,10.2,0,0.299937,0.00161554,0
0.8,10.3,0,0.29994,0.00163256,0
0.8,10.4,0,0.299942,0.00164477,0
0.8,10.5,0,0.299947,0.00165839,0
0.8,10.6,0,0.299951,0.00167313,0
0.8,10.7,0,0.29995,0.00168467,0
0.8,10.8,0,0.299956,0.00169442,0
0.8,10.9,0,0.29996,0.0017063,0
0.8,11,0,0.299961,0.00171691,0
0.8,11.1,0,0.299964,0.00172418,0
0.8,11.2,0,0.299968,0.00173347,0
0.8,11.3,0,0.29997,0.00174251,0
0.8,11.4,0,0.299971,0.00174891,0
0.8,11.5,0,0.299975,0.00175513,0
0.8,11.6,0,0.299978,0.0017621,0
0.8,11.7,0,0.299978,0.00176798,0
0.8,11.8,0,0.299981,0.00177167,0
0.8,11.9,0,0.299984,0.00177653,0
0.8,12,0,0.299986,0.00178107,0
0.8,12.1,0,0.299987,0.00178349,0
0.8,12.2,0,0.29999,0.00178632,0
0.8,12.3,0,0.299992,0.00178918,0
0.8,12.4,0,0.299993,0.00179099,0
0.8,12.5,0,0.299995,0.00179166,0
0.8,12.6,0,0.299996,0.00179263,0
0.8,12.7,0,0.299996,0.00179378,0
0.9,0,0,0.299989,-0.00244205,0
0.9,0.1,0,0.299986,-0.00244011,0
0.9,0.2,0,0.299983,-0.00243818,0
0.9,0.3,0,0.299979,-0.00243439,0
0.9,0.4,0,0.299973,-0.00242877,0
0.9,0.5,0,0.299966,-0.00242314,0
0.9,0.6,0,0.29996,-0.00241397,0
0.9,0.7,0,0.299953,-0.0024048,0
0.9,0.8,0,0.299947,-0.00239384,0
0.9,0.9,0,0.29994,-0.00238108,0
0.9,1,0,0.299934,-0.00236831,0
0.9,1.1,0,0.299927,-0.0023519,0
0.9,1.2,0,0.299921,-0.00233549,0
0.9,1.3,0,0.299914,-0.00231722,0
0.9,1.4,0,0.299907,-0.0022971,0
0.9,1.5,0,0.299901,-0.00227698,0
0.9,1.6,0,0.299894,-0.00225309,0
0.9,1.7,0,0.299887,-0.00222921,0
0.9,1.8,0,0.29988,-0.00220343,0
0.9,1.9,0,0.299873,-0.00217575,0
0.9,2,0,0.299866,-0.00214806,0
0.9,2.1,0,0.299859,-0.00211657,0
0.9,2.2,0,0.299853,-0.00208507,0
0.9,2.3,0,0.299846,-0.00205167,0
0.9,2.4,0,0.299839,-0.00201637,0
0.9,2.5,0,0.299833,-0.00198107,0
0.9,2.6,0,0.299826,-0.00194201,0
0.9,2.7,0,0.299819,-0.00190296,0
0.9,2.8,0,0.299813,-0.00186207,0
0.9,2.9,0,0.299807,-0.00181936,0
0.9,3,0,0.299801,-0.00177665,0
0.9,3.1,0,0.299795,-0.00173042,0
0.9,3.2,0,0.299789,-0.00168419,0
0.9,3.3,0,0.299783,-0.00163629,0
0.9,3.4,0,0.299778,-0.00158672,0
0.9,3.5,0,0.299773,-0.00153715,0
0.9,3.6,0,0.299768,-0.00148444,0
0.9,3.7,0,0.299763,-0.00143174,0
0.9,3.8,0,0.299759,-0.00137759,0
0.9,3.9,0,0.299755,-0.00132198,0
0.9,4,0,0.299751,-0.00126637,0
0.9,4.1,0,0.299748,-0.00120811,0
0.9,4.2,0,0.299745,-0.00114986,0
0.9,4.3,0,0.299742,-0.00109046,0
0.9,4.4,0,0.299739,-0.00102991,0
0.9,4.5,0,0.299737,-0.000969361,0
0.9,4.6,0,0.299735,-0.000906906,0
0.9,4.7,0,0.299733,-0.000844452,0
0.9,4.8,0,0.299731,-0.000785861,0
0.9,4.9,0,0.299729,-0.000731135,0
0.9,5,0,0.299728,-0.000676409,0
0.9,5.1,0,0.299726,-0.000586814,0
0.9,5.2,0,0.299725,-0.000520345,0
0.9,5.3,0,0.299724,-0.000453568,0
0.9,5.4,0,0.299724,-0.000386648,0
0.9,5.5,0,0.299724,-0.000319652,0
0.9,5.6,0,0.299724,-0.000252658,0
0.9,5.7,0,0.299724,-0.000185743,0
0.9,5.8,0,0.299725,-0.000118979,0
0.9,5.9,0,0.299726,-5.25168e-05,0
0.9,6,0,0.299728,5.00695e-05,0
0.9,6.1,0,0.299729,0.00010297,0
0.9,6.2,0,0.299731,0.000155869,0
0.9,6.3,0,0.299732,0.000208769,0
0.9,6.4,0,0.299734,0.000267142,0
0.9,6.5,0,0.299737,0.000328463,0
0.9,6.6,0,0.299739,0.000389783,0
0.9,6.7,0,0.299741,0.000450272,0
0.9,6.8,0,0.299744,0.000508822,0
0.9,6.9,0,0.299747,0.000567373,0
0.9,7,0,0.29975,0.000625923,0
0.9,7.1,0,0.299754,0.000681381,0
0.9,7.2,0,0.299758,0.000736676,0
0.9,7.3,0,0.299762,0.000791971,0
0.9,7.4,0,0.299766,0.000844989,0
0.9,7.5,0,0.299771,0.000896491,0
0.9,7.6,0,0.299776,0.000947992,0
0.9,7.7,0,0.299781,0.000998449,0
0.9,7.8,0,0.299786,0.00104577,0
0.9,7.9,0,0.299792,0.00109309,0
0.9,8,0,0.299797,0.00114042,0
0.9,8.1,0,0.299803,0.00118375,0
0.9,8.2,0,0.299808,0.00122664,0
0.9,8.3,0,0.299814,0.00126953,0
0.9,8.4,0,0.29982,0.00130992,0
0.9,8.5,0,0.299826,0.00134826,0
0.9,8.6,0,0.299832,0.0013866,0
0.9,8.7,0,0.299838,0.00142404,0
0.9,8.8,0,0.299844,0.00145786,0
0.9,8.9,0,0.29985,0.00149168,0
0.9,9,0,0.299856,0.00152549,0
0.9,9.1,0,0.299862,0.00155559,0
0.9,9.2,0,0.299868,0.00158503,0
0.9,9.3,0,0.299873,0.00161447,0
0.9,9.4,0,0.299879,0.00164184,0
0.9,9.5,0,0.299884,0.00166714,0
0.9,9.6,0,0.299889,0.00169244,0
0.9,9.7,0,0.299895,0.00171716,0
0.9,9.8,0,0.2999,0.00173861,0
0.9,9.9,0,0.299905,0.00176007,0
0.9,10,0,0.29991,0.00178152,0
0.9,10.1,0,0.299914,0.00180016,0
0.9,10.2,0,0.299919,0.00181809,0
0.9,10.3,0,0.299924,0.00183602,0
0.9,10.4,0,0.299928,0.00185252,0
0.9,10.5,0,0.299932,0.00186726,0
0.9,10.6,0,0.299936,0.001882,0
0.9,10.7,0,0.29994,0.00189646,0
0.9,10.8,0,0.299944,0.00190833,0
0.9,10.9,0,0.299948,0.00192021,0
0.9,11,0,0.299952,0.00193208,0
0.9,11.1,0,0.299955,0.00194202,0
0.9,11.2,0,0.299958,0.00195132,0
0.9,11.3,0,0.299962,0.00196062,0
0.9,11.4,0,0.299965,0.00196898,0
0.9,11.5,0,0.299968,0.00197596,0
0.9,11.6,0,0.299971,0.00198293,0
0.9,11.7,0,0.299974,0.0019898,0
0.9,11.8,0,0.299976,0.00199465,0
0.9,11.9,0,0.299979,0.00199951,0
0.9,12,0,0.299982,0.00200436,0
0.9,12.1,0,0.299984,0.00200783,0
0.9,12.2,0,0.299987,0.00201071,0
0.9,12.3,0,0.299989,0.00201359,0
0.9,12.4,0,0.299991,0.0020158,0
0.9,12.5,0,0.299993,0.00201677,0
0.9,12.6,0,0.299994,0.00201773,0
0.9,12.7,0,0.299995,0.0020187,0
1,0,0,0.299985,-0.00272127,0
1,0.1,0,0.299985,-0.00271547,0
1,0.2,0,0.299982,-0.00271386,0
1,0.3,0,0.299973,-0.00270877,0
1,0.4,0,0.299967,-0.00270267,0
1,0.5,0,0.299957,-0.00270013,0
1,0.6,0,0.299951,-0.00268546,0
1,0.7,0,0.299944,-0.0026766,0
1,0.8,0,0.299934,-0.00266244,0
1,0.9,0,0.299927,-0.00264902,0
1,1,0,0.299916,-0.00263946,0
1,1.1,0,0.29991,-0.00261512,0
1,1.2,0,0.299903,-0.00259906,0
1,1.3,0,0.299893,-0.00257542,0
1,1.4,0,0.299887,-0.00255434,0
1,1.5,0,0.299874,-0.00253849,0
1,1.6,0,0.299869,-0.00250311,0
1,1.7,0,0.299862,-0.00247975,0
1,1.8,0,0.299851,-0.00244636,0
1,1.9,0,0.299845,-0.00241731,0
1,2,0,0.29983,-0.00239596,0
1,2.1,0,0.299827,-0.00234851,0
1,2.2,0,0.299819,-0.00231777,0
1,2.3,0,0.299809,-0.0022748,0
1,2.4,0,0.299802,-0.00223768,0
1,2.5,0,0.299787,-0.00221107,0
1,2.6,0,0.299785,-0.00215187,0
1,2.7,0,0.299777,-0.00211376,0
1,2.8,0,0.299768,-0.00206209,0
1,2.9,0,0.299762,-0.00201723,0
1,3,0,0.299746,-0.00198411,0
1,3.1,0,0.299747,-0.00191606,0
1,3.2,0,0.29974,-0.00187069,0
1,3.3,0,0.299734,-0.00181179,0
1,3.4,0,0.29973,-0.00176013,0
1,3.5,0,0.299708,-0.00171701,0
1,3.6,0,0.299721,-0.00164575,0
1,3.7,0,0.299714,-0.00159333,0
1,3.8,0,0.299714,-0.00152829,0
1,3.9,0,0.299713,-0.00147119,0
1,4,0,0.299676,-0.00141372,0
1,4.1,0,0.299713,-0.00134497,0
1,4.2,0,0.299705,-0.00128599,0
1,4.3,0,0.29971,-0.00121497,0
1,4.4,0,0.299713,-0.00115386,0
1,4.5,0,0.299652,-0.00108037,0
1,4.6,0,0.299717,-0.00101754,0
1,4.7,0,0.299708,-0.000953204,0
1,4.8,0,0.299714,-0.000877188,0
1,4.9,0,0.299721,-0.000822404,0
1,5,0,0.299636,-0.000751882,0
1,5.1,0,0.299633,-0.000652047,0
1,5.2,0,0.299631,-0.000578194,0
1,5.3,0,0.29963,-0.000504038,0
1,5.4,0,0.299629,-0.00042972,0
1,5.5,0,0.299629,-0.000355318,0
1,5.6,0,0.299629,-0.000280917,0
1,5.7,0,0.29963,-0.000206604,0
1,5.8,0,0.299631,-0.000132462,0
1,5.9,0,0.299633,-5.8634e-05,0
1,6,0,0.299636,5.56825e-05,0
1,6.1,0,0.299717,0.000127398,0
1,6.2,0,0.299719,0.000180297,0
1,6.3,0,0.29968,0.000234627,0
1,6.4,0,0.299702,0.000311751,0
1,6.5,0,0.299713,0.000375612,0
1,6.6,0,0.299712,0.000437259,0
1,6.7,0,0.299678,0.00050705,0
1,6.8,0,0.299709,0.000571737,0
1,6.9,0,0.299712,0.000630288,0
1,7,0,0.299678,0.000701565,0
1,7.1,0,0.299711,0.000760871,0
1,7.2,0,0.299715,0.000816166,0
1,7.3,0,0.299707,0.000880312,0
1,7.4,0,0.299716,0.000942063,0
1,7.5,0,0.299725,0.000993192,0
1,7.6,0,0.299729,0.00104469,0
1,7.7,0,0.299724,0.00111562,0
1,7.8,0,0.29974,0.0011602,0
1,7.9,0,0.299746,0.00120752,0
1,8,0,0.299742,0.00127379,0
1,8.1,0,0.29976,0.00131579,0
1,8.2,0,0.299766,0.00135868,0
1,8.3,0,0.299769,0.00140946,0
1,8.4,0,0.299778,0.00145949,0
1,8.5,0,0.299787,0.00149698,0
1,8.6,0,0.299793,0.00153532,0
1,8.7,0,0.299797,0.00158927,0
1,8.8,0,0.29981,0.00162169,0
1,8.9,0,0.299816,0.00165551,0
1,9,0,0.299818,0.00170039,0
1,9.1,0,0.299833,0.00173262,0
1,9.2,0,0.299838,0.00176206,0
1,9.3,0,0.299843,0.0017951,0
1,9.4,0,0.299851,0.00182998,0
1,9.5,0,0.299859,0.00185535,0
1,9.6,0,0.299865,0.00188065,0
1,9.7,0,0.299868,0.00191406,0
1,9.8,0,0.299879,0.0019361,0
1,9.9,0,0.299884,0.00195755,0
1,10,0,0.299887,0.00198386,0
1,10.1,0,0.299897,0.0020052,0
1,10.2,0,0.299902,0.00202313,0
1,10.3,0,0.299906,0.00204242,0
1,10.4,0,0.299912,0.00206328,0
1,10.5,0,0.299918,0.00207838,0
1,10.6,0,0.299922,0.00209312,0
1,10.7,0,0.299925,0.00211173,0
1,10.8,0,0.299932,0.00212427,0
1,10.9,0,0.299936,0.00213614,0
1,11,0,0.299939,0.00215013,0
1,11.1,0,0.299946,0.00216168,0
1,11.2,0,0.299949,0.00217098,0
1,11.3,0,0.299952,0.00218077,0
1,11.4,0,0.299956,0.00219132,0
1,11.5,0,0.299961,0.00219844,0
1,11.6,0,0.299964,0.00220541,0
1,11.7,0,0.299967,0.00221425,0
1,11.8,0,0.299972,0.00221915,0
1,11.9,0,0.299975,0.00222401,0
1,12,0,0.299977,0.00222977,0
1,12.1,0,0.299982,0.00223366,0
1,12.2,0,0.299984,0.00223653,0
1,12.3,0,0.299987,0.00223956,0
1,12.4,0,0.29999,0.00224259,0
1,12.5,0,0.299992,0.0022433,0
1,12.6,0,0.299993,0.00224427,0
1,12.7,0,0.299993,0.00224604,0
1.1,0,0,0.299982,-0.00300049,0
1.1,0.1,0,0.299983,-0.00299161,0
1.1,0.2,0,0.299976,-0.00299248,0
1.1,0.3,0,0.299968,-0.00298739,0
1.1,0.4,0,0.299961,-0.00297719,0
1.1,0.5,0,0.299948,-0.00297713,0
1.1,0.6,0,0.299942,-0.00295805,0
1.1,0.7,0,0.299931,-0.00295112,0
1.1,0.8,0,0.299921,-0.00293697,0
1.1,0.9,0,0.299914,-0.00291761,0
1.1,1,0,0.299898,-0.00291061,0
1.1,1.1,0,0.299894,-0.00287992,0
1.1,1.2,0,0.299881,-0.00286588,0
1.1,1.3,0,0.299871,-0.00284224,0
1.1,1.4,0,0.299865,-0.00281243,0
1.1,1.5,0,0.299847,-0.00280001,0
1.1,1.6,0,0.299844,-0.00275543,0
1.1,1.7,0,0.29983,-0.00273496,0
1.1,1.8,0,0.29982,-0.00270157,0
1.1,1.9,0,0.299815,-0.00266014,0
1.1,2,0,0.299794,-0.00264385,0
1.1,2.1,0,0.299793,-0.00258365,0
1.1,2.2,0,0.299778,-0.00255727,0
1.1,2.3,0,0.299768,-0.0025143,0
1.1,2.4,0,0.299764,-0.00246073,0
1.1,2.5,0,0.299741,-0.00244108,0
1.1,2.6,0,0.299743,-0.00236576,0
1.1,2.7,0,0.299727,-0.00233311,0
1.1,2.8,0,0.299718,-0.00228143,0
1.1,2.9,0,0.299716,-0.00221701,0
1.1,3,0,0.299691,-0.00219157,0
1.1,3.1,0,0.299699,-0.00210606,0
1.1,3.2,0,0.299681,-0.002065,0
1.1,3.3,0,0.299674,-0.0020061,0
1.1,3.4,0,0.299678,-0.00193483,0
1.1,3.5,0,0.299643,-0.00189688,0
1.1,3.6,0,0.299671,-0.00181076,0
1.1,3.7,0,0.299645,-0.00175751,0
1.1,3.8,0,0.299644,-0.00169247,0
1.1,3.9,0,0.299664,-0.00162002,0
1.1,4,0,0.299601,-0.00156108,0
1.1,4.1,0,0.29967,-0.00148392,0
1.1,4.2,0,0.299625,-0.00141556,0
1.1,4.3,0,0.29963,-0.00134455,0
1.1,4.4,0,0.299674,-0.00127522,0
1.1,4.5,0,0.299566,-0.00119139,0
1.1,4.6,0,0.299686,-0.00112824,0
1.1,4.7,0,0.299619,-0.00104506,0
1.1,4.8,0,0.299625,-0.000969042,0
1.1,4.9,0,0.299695,-0.000910513,0
1.1,5,0,0.299544,-0.000827354,0
1.1,5.1,0,0.299539,-0.00071728,0
1.1,5.2,0,0.299537,-0.000636043,0
1.1,5.3,0,0.299535,-0.000554507,0
1.1,5.4,0,0.299534,-0.000472792,0
1.1,5.5,0,0.299534,-0.000390984,0
1.1,5.6,0,0.299534,-0.000309176,0
1.1,5.7,0,0.299535,-0.000227465,0
1.1,5.8,0,0.299537,-0.000145945,0
1.1,5.9,0,0.29954,-6.47513e-05,0
1.1,6,0,0.299545,6.12955e-05,0
1.1,6.1,0,0.299653,0.000139469,0
1.1,6.2,0,0.299692,0.000205229,0
1.1,6.3,0,0.299592,0.000261752,0
1.1,6.4,0,0.299615,0.000338877,0
1.1,6.5,0,0.299689,0.000422761,0
1.1,6.6,0,0.29963,0.000489895,0
1.1,6.7,0,0.299596,0.000559686,0
1.1,6.8,0,0.299662,0.000632044,0
1.1,6.9,0,0.299653,0.000701246,0
1.1,7,0,0.299603,0.000778122,0
1.1,7.1,0,0.299645,0.000838239,0
1.1,7.2,0,0.299669,0.000897941,0
1.1,7.3,0,0.299639,0.000978934,0
1.1,7.4,0,0.299647,0.00104068,0
1.1,7.5,0,0.299678,0.00108989,0
1.1,7.6,0,0.299667,0.00116309,0
1.1,7.7,0,0.299662,0.00123418,0
1.1,7.8,0,0.299689,0.00127596,0
1.1,7.9,0,0.299694,0.00133339,0
1.1,8,0,0.299686,0.00141011,0
1.1,8.1,0,0.299707,0.00145121,0
1.1,8.2,0,0.299723,0.00149175,0
1.1,8.3,0,0.299719,0.00156146,0
1.1,8.4,0,0.299728,0.00161149,0
1.1,8.5,0,0.299749,0.0016457,0
1.1,8.6,0,0.29975,0.00169979,0
1.1,8.7,0,0.299752,0.00175501,0
1.1,8.8,0,0.299773,0.00178627,0
1.1,8.9,0,0.29978,0.00182565,0
1.1,9,0,0.29978,0.00187808,0
1.1,9.1,0,0.299795,0.00191021,0
1.1,9.2,0,0.299809,0.00193909,0
1.1,9.3,0,0.299809,0.00198308,0
1.1,9.4,0,0.299818,0.00201796,0
1.1,9.5,0,0.299834,0.00204356,0
1.1,9.6,0,0.299837,0.00207619,0
1.1,9.7,0,0.299839,0.00211081,0
1.1,9.8,0,0.299854,0.00213325,0
1.1,9.9,0,0.299862,0.00215761,0
1.1,10,0,0.299863,0.00218797,0
1.1,10.1,0,0.299873,0.00220939,0
1.1,10.2,0,0.299884,0.00222818,0
1.1,10.3,0,0.299886,0.00225263,0
1.1,10.4,0,0.299892,0.00227349,0
1.1,10.5,0,0.299903,0.00228946,0
1.1,10.6,0,0.299906,0.00230745,0
1.1,10.7,0,0.299909,0.0023269,0
1.1,10.8,0,0.299918,0.0023398,0
1.1,10.9,0,0.299924,0.0023531,0
1.1,11,0,0.299926,0.00236925,0
1.1,11.1,0,0.299933,0.00238081,0
1.1,11.2,0,0.29994,0.00239064,0
1.1,11.3,0,0.299943,0.00240294,0
1.1,11.4,0,0.299947,0.0024135,0
1.1,11.5,0,0.299954,0.00242088,0
1.1,11.6,0,0.299957,0.00242932,0
1.1,11.7,0,0.29996,0.0024387,0
1.1,11.8,0,0.299966,0.00244362,0
1.1,11.9,0,0.29997,0.00244889,0
1.1,12,0,0.299973,0.00245581,0
1.1,12.1,0,0.299977,0.00245969,0
1.1,12.2,0,0.299982,0.00246234,0
1.1,12.3,0,0.299984,0.00246656,0
1.1,12.4,0,0.299987,0.0024696,0
1.1,12.5,0,0.299991,0.00246993,0
1.1,12.6,0,0.299992,0.00247134,0
1.1,12.7,0,0.299992,0.0024734,0
1.2,0,0,0.299978,-0.00327971,0
1.2,0.1,0,0.299979,-0.0032718,0
1.2,0.2,0,0.299971,-0.0032711,0
1.2,0.3,0,0.299963,-0.00326601,0
1.2,0.4,0,0.299952,-0.0032556,0
1.2,0.5,0,0.299939,-0.00325413,0
1.2,0.6,0,0.299931,-0.00323596,0
1.2,0.7,0,0.299917,-0.00322564,0
1.2,0.8,0,0.299907,-0.00321149,0
1.2,0.9,0,0.299896,-0.00319073,0
1.2,1,0,0.29988,-0.00318175,0
1.2,1.1,0,0.299874,-0.00315214,0
1.2,1.2,0,0.299859,-0.0031327,0
1.2,1.3,0,0.299849,-0.00310906,0
1.2,1.4,0,0.299837,-0.00307683,0
1.2,1.5,0,0.299819,-0.00306153,0
1.2,1.6,0,0.299815,-0.0030185,0
1.2,1.7,0,0.299799,-0.00299018,0
1.2,1.8,0,0.299788,-0.00295679,0
1.2,1.9,0,0.299778,-0.00291212,0
1.2,2,0,0.299758,-0.00289174,0
1.2,2.1,0,0.299755,-0.0028338,0
1.2,2.2,0,0.299737,-0.00279677,0
1.2,2.3,0,0.299727,-0.0027538,0
1.2,2.4,0,0.299717,-0.00269619,0
1.2,2.5,0,0.299696,-0.00267108,0
1.2,2.6,0,0.299695,-0.00259861,0
1.2,2.7,0,0.299677,-0.00255245,0
1.2,2.8,0,0.299667,-0.00250077,0
1.2,2.9,0,0.299659,-0.00243092,0
1.2,3,0,0.299636,-0.00239903,0
1.2,3.1,0,0.29964,-0.00231612,0
1.2,3.2,0,0.299621,-0.00225931,0
1.2,3.3,0,0.299614,-0.0022004,0
1.2,3.4,0,0.29961,-0.00212097,0
1.2,3.5,0,0.299579,-0.00207675,0
1.2,3.6,0,0.2996,-0.00199149,0
1.2,3.7,0,0.299575,-0.00192169,0
1.2,3.8,0,0.299574,-0.00185665,0
1.2,3.9,0,0.299581,-0.00177187,0
1.2,4,0,0.299526,-0.00170844,0
1.2,4.1,0,0.299581,-0.00162909,0
1.2,4.2,0,0.299545,-0.00154514,0
1.2,4.3,0,0.299549,-0.00147412,0
1.2,4.4,0,0.299573,-0.00138792,0
1.2,4.5,0,0.299481,-0.0013024,0
1.2,4.6,0,0.299579,-0.00123362,0
1.2,4.7,0,0.299529,-0.00113691,0
1.2,4.8,0,0.299535,-0.0010609,0
1.2,4.9,0,0.299579,-0.000986161,0
1.2,5,0,0.299452,-0.000902827,0
1.2,5.1,0,0.299446,-0.000782513,0
1.2,5.2,0,0.299443,-0.000693892,0
1.2,5.3,0,0.29944,-0.000604977,0
1.2,5.4,0,0.299439,-0.000515865,0
1.2,5.5,0,0.299439,-0.00042665,0
1.2,5.6,0,0.299439,-0.000337435,0
1.2,5.7,0,0.299441,-0.000248326,0
1.2,5.8,0,0.299443,-0.000159428,0
1.2,5.9,0,0.299446,-7.08686e-05,0
1.2,6,0,0.299453,6.69085e-05,0
1.2,6.1,0,0.299561,0.000145082,0
1.2,6.2,0,0.29958,0.000226457,0
1.2,6.3,0,0.299505,0.000288877,0
1.2,6.4,0,0.299527,0.000366002,0
1.2,6.5,0,0.299573,0.000458151,0
1.2,6.6,0,0.299548,0.000542532,0
1.2,6.7,0,0.299515,0.000612322,0
1.2,6.8,0,0.29957,0.00068804,0
1.2,6.9,0,0.299578,0.000777803,0
1.2,7,0,0.299527,0.00085468,0
1.2,7.1,0,0.29957,0.000914796,0
1.2,7.2,0,0.299588,0.000995446,0
1.2,7.3,0,0.29957,0.00107755,0
1.2,7.4,0,0.299579,0.0011393,0
1.2,7.5,0,0.299603,0.00120242,0
1.2,7.6,0,0.299605,0.00128165,0
1.2,7.7,0,0.2996,0.00135274,0
1.2,7.8,0,0.299625,0.00139843,0
1.2,7.9,0,0.299638,0.0014697,0
1.2,8,0,0.29963,0.00154643,0
1.2,8.1,0,0.299651,0.00158753,0
1.2,8.2,0,0.299667,0.00164567,0
1.2,8.3,0,0.299669,0.00171345,0
1.2,8.4,0,0.299678,0.00176349,0
1.2,8.5,0,0.299697,0.00180733,0
1.2,8.6,0,0.299706,0.00186553,0
1.2,8.7,0,0.299708,0.00192075,0
1.2,8.8,0,0.299728,0.00195356,0
1.2,8.9,0,0.299741,0.00200343,0
1.2,9,0,0.299741,0.00205577,0
1.2,9.1,0,0.299757,0.0020879,0
1.2,9.2,0,0.299771,0.00212725,0
1.2,9.3,0,0.299776,0.00217107,0
1.2,9.4,0,0.299784,0.00220595,0
1.2,9.5,0,0.299799,0.00223595,0
1.2,9.6,0,0.299808,0.00227294,0
1.2,9.7,0,0.299811,0.00230756,0
1.2,9.8,0,0.299826,0.0023303,0
1.2,9.9,0,0.299837,0.00236165,0
1.2,10,0,0.299839,0.00239209,0
1.2,10.1,0,0.29985,0.00241351,0
1.2,10.2,0,0.299861,0.00243743,0
1.2,10.3,0,0.299866,0.00246284,0
1.2,10.4,0,0.299872,0.00248371,0
1.2,10.5,0,0.299883,0.00250148,0
1.2,10.6,0,0.29989,0.00252262,0
1.2,10.7,0,0.299893,0.00254208,0
1.2,10.8,0,0.299902,0.00255497,0
1.2,10.9,0,0.299911,0.00257208,0
1.2,11,0,0.299914,0.00258837,0
1.2,11.1,0,0.299921,0.00259993,0
1.2,11.2,0,0.299928,0.00261209,0
1.2,11.3,0,0.299933,0.00262512,0
1.2,11.4,0,0.299937,0.00263567,0
1.2,11.5,0,0.299944,0.0026438,0
1.2,11.6,0,0.29995,0.00265376,0
1.2,11.7,0,0.299953,0.00266315,0
1.2,11.8,0,0.299959,0.00266807,0
1.2,11.9,0,0.299965,0.00267491,0
1.2,12,0,0.299968,0.00268184,0
1.2,12.1,0,0.299973,0.00268572,0
1.2,12.2,0,0.299978,0.00268924,0
1.2,12.3,0,0.299982,0.00269357,0
1.2,12.4,0,0.299985,0.0026966,0
1.2,12.5,0,0.299988,0.00269719,0
1.2,12.6,0,0.299991,0.00269869,0
1.2,12.7,0,0.29999,0.00270075,0
1.3,0,0,0.299975,-0.00355893,0
1.3,0.1,0,0.299971,-0.00355428,0
1.3,0.2,0,0.299965,-0.00355126,0
1.3,0.3,0,0.299956,-0.00354586,0
1.3,0.4,0,0.299943,-0.00353732,0
1.3,0.5,0,0.29993,-0.00353113,0
1.3,0.6,0,0.299918,-0.00351599,0
1.3,0.7,0,0.299904,-0.00350237,0
1.3,0.8,0,0.299892,-0.00348729,0
1.3,0.9,0,0.299877,-0.00346845,0
1.3,1,0,0.299862,-0.0034529,0
1.3,1.1,0,0.29985,-0.00342689,0
1.3,1.2,0,0.299836,-0.00340269,0
1.3,1.3,0,0.299823,-0.00337759,0
1.3,1.4,0,0.299808,-0.00334792,0
1.3,1.5,0,0.299792,-0.00332304,0
1.3,1.6,0,0.299781,-0.00328522,0
1.3,1.7,0,0.299766,-0.00325,0
1.3,1.8,0,0.299753,-0.00321454,0
1.3,1.9,0,0.299738,-0.00317367,0
1.3,2,0,0.299721,-0.00313963,0
1.3,2.1,0,0.29971,-0.00308925,0
1.3,2.2,0,0.299695,-0.00304265,0
1.3,2.3,0,0.299683,-0.00299678,0
1.3,2.4,0,0.299667,-0.00294438,0
1.3,2.5,0,0.29965,-0.00290108,0
1.3,2.6,0,0.29964,-0.00283809,0
1.3,2.7,0,0.299625,-0.00277985,0
1.3,2.8,0,0.299613,-0.00272395,0
1.3,2.9,0,0.299598,-0.00265985,0
1.3,3,0,0.299581,-0.00260649,0
1.3,3.1,0,0.299573,-0.00253225,0
1.3,3.2,0,0.299558,-0.00246234,0
1.3,3.3,0,0.299548,-0.00239729,0
1.3,3.4,0,0.299534,-0.00232173,0
1.3,3.5,0,0.299514,-0.00225661,0
1.3,3.6,0,0.299512,-0.00217424,0
1.3,3.7,0,0.299498,-0.00209329,0
1.3,3.8,0,0.299492,-0.00202009,0
1.3,3.9,0,0.299478,-0.0019342,0
1.3,4,0,0.299451,-0.00185579,0
1.3,4.1,0,0.299461,-0.00176917,0
1.3,4.2,0,0.299448,-0.00167891,0
1.3,4.3,0,0.299446,-0.00159852,0
1.3,4.4,0,0.299434,-0.00150456,0
1.3,4.5,0,0.299396,-0.00141341,0
1.3,4.6,0,0.299422,-0.00132586,0
1.3,4.7,0,0.299413,-0.00122892,0
1.3,4.8,0,0.299413,-0.00114643,0
1.3,4.9,0,0.299406,-0.00106222,0
1.3,5,0,0.29936,-0.000978299,0
1.3,5.1,0,0.299352,-0.000847746,0
1.3,5.2,0,0.299349,-0.000751741,0
1.3,5.3,0,0.299346,-0.000655446,0
1.3,5.4,0,0.299344,-0.000558937,0
1.3,5.5,0,0.299344,-0.000462316,0
1.3,5.6,0,0.299344,-0.000365695,0
1.3,5.7,0,0.299346,-0.000269187,0
1.3,5.8,0,0.299349,-0.000172911,0
1.3,5.9,0,0.299353,-7.69859e-05,0
1.3,6,0,0.299361,7.25215e-05,0
1.3,6.1,0,0.299406,0.00015297,0
1.3,6.2,0,0.299413,0.000234767,0
1.3,6.3,0,0.299417,0.000316002,0
1.3,6.4,0,0.299418,0.000395175,0
1.3,6.5,0,0.299428,0.000490763,0
1.3,6.6,0,0.299438,0.000586351,0
1.3,6.7,0,0.299433,0.000664958,0
1.3,6.8,0,0.299449,0.000754319,0
1.3,6.9,0,0.299461,0.000845003,0
1.3,7,0,0.299452,0.000931237,0
1.3,7.1,0,0.299475,0.0010062,0
1.3,7.2,0,0.299488,0.00109113,0
1.3,7.3,0,0.299501,0.00117607,0
1.3,7.4,0,0.299506,0.00124461,0
1.3,7.5,0,0.299519,0.0013229,0
1.3,7.6,0,0.299532,0.00140118,0
1.3,7.7,0,0.299538,0.00147129,0
1.3,7.8,0,0.299553,0.00153888,0
1.3,7.9,0,0.299567,0.00161006,0
1.3,8,0,0.299574,0.00168275,0
1.3,8.1,0,0.29959,0.00173799,0
1.3,8.2,0,0.299603,0.00180195,0
1.3,8.3,0,0.299617,0.0018659,0
1.3,8.4,0,0.299627,0.00191955,0
1.3,8.5,0,0.299641,0.00197635,0
1.3,8.6,0,0.299655,0.00203315,0
1.3,8.7,0,0.299664,0.00208648,0
1.3,8.8,0,0.299679,0.00213315,0
1.3,8.9,0,0.299692,0.00218302,0
1.3,9,0,0.299702,0.00223346,0
1.3,9.1,0,0.299715,0.00227263,0
1.3,9.2,0,0.299728,0.0023159,0
1.3,9.3,0,0.299741,0.00235916,0
1.3,9.4,0,0.29975,0.0023954,0
1.3,9.5,0,0.299762,0.00243247,0
1.3,9.6,0,0.299774,0.00246955,0
1.3,9.7,0,0.299783,0.00250432,0
1.3,9.8,0,0.299795,0.00253368,0
1.3,9.9,0,0.299806,0.00256503,0
1.3,10,0,0.299815,0.00259621,0
1.3,10.1,0,0.299824,0.00262059,0
1.3,10.2,0,0.299835,0.00264671,0
1.3,10.3,0,0.299845,0.00267283,0
1.3,10.4,0,0.299852,0.00269434,0
1.3,10.5,0,0.299861,0.00271575,0
1.3,10.6,0,0.29987,0.00273715,0
1.3,10.7,0,0.299877,0.00275725,0
1.3,10.8,0,0.299885,0.00277326,0
1.3,10.9,0,0.299893,0.00279044,0
1.3,11,0,0.299901,0.00280749,0
1.3,11.1,0,0.299907,0.00282032,0
1.3,11.2,0,0.299915,0.00283372,0
1.3,11.3,0,0.299922,0.00284713,0
1.3,11.4,0,0.299927,0.00285792,0
1.3,11.5,0,0.299934,0.00286795,0
1.3,11.6,0,0.29994,0.00287798,0
1.3,11.7,0,0.299946,0.0028876,0
1.3,11.8,0,0.299952,0.00289392,0
1.3,11.9,0,0.299958,0.0029009,0
1.3,12,0,0.299964,0.00290787,0
1.3,12.1,0,0.299968,0.00291228,0
1.3,12.2,0,0.299973,0.00291647,0
1.3,12.3,0,0.299979,0.00292066,0
1.3,12.4,0,0.299982,0.00292361,0
1.3,12.5,0,0.299985,0.00292501,0
1.3,12.6,0,0.299987,0.00292644,0
1.3,12.7,0,0.299989,0.0029281,0
1.4,0,0,0.29997,-0.00384277,0
1.4,0.1,0,0.299966,-0.00383844,0
1.4,0.2,0,0.29996,-0.00383542,0
1.4,0.3,0,0.299948,-0.00382897,0
1.4,0.4,0,0.299935,-0.00382042,0
1.4,0.5,0,0.299919,-0.00381263,0
1.4,0.6,0,0.299905,-0.00379744,0
1.4,0.7,0,0.29989,-0.00378382,0
1.4,0.8,0,0.299873,-0.00376648,0
1.4,0.9,0,0.299859,-0.00374764,0
1.4,1,0,0.299841,-0.00372843,0
1.4,1.1,0,0.299827,-0.00370315,0
1.4,1.2,0,0.299812,-0.00367895,0
1.4,1.3,0,0.299795,-0.00365021,0
1.4,1.4,0,0.29978,-0.00362055,0
1.4,1.5,0,0.29976,-0.0035887,0
1.4,1.6,0,0.299747,-0.00355349,0
1.4,1.7,0,0.299732,-0.00351827,0
1.4,1.8,0,0.299714,-0.00347766,0
1.4,1.9,0,0.299699,-0.0034368,0
1.4,2,0,0.299678,-0.00339115,0
1.4,2.1,0,0.299666,-0.0033463,0
1.4,2.2,0,0.299651,-0.0032997,0
1.4,2.3,0,0.299633,-0.0032466,0
1.4,2.4,0,0.299618,-0.0031942,0
1.4,2.5,0,0.299595,-0.00313395,0
1.4,2.6,0,0.299585,-0.00307921,0
1.4,2.7,0,0.29957,-0.00302096,0
1.4,2.8,0,0.299552,-0.00295451,0
1.4,2.9,0,0.299538,-0.00289041,0
1.4,3,0,0.299514,-0.00281606,0
1.4,3.1,0,0.299505,-0.00274997,0
1.4,3.2,0,0.29949,-0.00268007,0
1.4,3.3,0,0.299472,-0.00259959,0
1.4,3.4,0,0.299457,-0.00252403,0
1.4,3.5,0,0.299436,-0.00243838,0
1.4,3.6,0,0.299424,-0.00235842,0
1.4,3.7,0,0.29941,-0.00227748,0
1.4,3.8,0,0.299389,-0.00218372,0
1.4,3.9,0,0.299376,-0.00209783,0
1.4,4,0,0.299364,-0.00200563,0
1.4,4.1,0,0.299341,-0.00191038,0
1.4,4.2,0,0.299328,-0.00182012,0
1.4,4.3,0,0.299306,-0.0017161,0
1.4,4.4,0,0.299295,-0.00162213,0
1.4,4.5,0,0.299301,-0.00152777,0
1.4,4.6,0,0.299265,-0.00141881,0
1.4,4.7,0,0.299255,-0.00132187,0
1.4,4.8,0,0.299239,-0.0012147,0
1.4,4.9,0,0.299232,-0.00113049,0
1.4,5,0,0.299261,-0.00105726,0
1.4,5.1,0,0.299254,-0.000915775,0
1.4,5.2,0,0.29925,-0.000811666,0
1.4,5.3,0,0.299246,-0.000707227,0
1.4,5.4,0,0.299244,-0.000602551,0
1.4,5.5,0,0.299244,-0.000497752,0
1.4,5.6,0,0.299245,-0.000392952,0
1.4,5.7,0,0.299247,-0.000288276,0
1.4,5.8,0,0.29925,-0.000183855,0
1.4,5.9,0,0.299254,-7.98355e-05,0
1.4,6,0,0.299263,8.21624e-05,0
1.4,6.1,0,0.299237,0.000149291,0
1.4,6.2,0,0.299243,0.000231088,0
1.4,6.3,0,0.299252,0.000314394,0
1.4,6.4,0,0.299271,0.00042951,0
1.4,6.5,0,0.299281,0.000525098,0
1.4,6.6,0,0.299292,0.000620686,0
1.4,6.7,0,0.299316,0.000730708,0
1.4,6.8,0,0.299326,0.000822526,0
1.4,6.9,0,0.299338,0.00091321,0
1.4,7,0,0.29936,0.00100861,0
1.4,7.1,0,0.299374,0.00110424,0
1.4,7.2,0,0.299387,0.00118918,0
1.4,7.3,0,0.2994,0.00127411,0
1.4,7.4,0,0.299421,0.00136769,0
1.4,7.5,0,0.299435,0.00144597,0
1.4,7.6,0,0.299448,0.00152425,0
1.4,7.7,0,0.299465,0.00160701,0
1.4,7.8,0,0.299481,0.00168201,0
1.4,7.9,0,0.299494,0.00175319,0
1.4,8,0,0.299505,0.00182262,0
1.4,8.1,0,0.299526,0.00189696,0
1.4,8.2,0,0.29954,0.00196092,0
1.4,8.3,0,0.299554,0.00202487,0
1.4,8.4,0,0.299572,0.0020912,0
1.4,8.5,0,0.299585,0.002148,0
1.4,8.6,0,0.299599,0.0022048,0
1.4,8.7,0,0.299613,0.00226251,0
1.4,8.8,0,0.29963,0.00231527,0
1.4,8.9,0,0.299643,0.00236515,0
1.4,9,0,0.299655,0.00241499,0
1.4,9.1,0,0.299673,0.00246366,0
1.4,9.2,0,0.299686,0.00250693,0
1.4,9.3,0,0.299698,0.0025502,0
1.4,9.4,0,0.299714,0.00259415,0
1.4,9.5,0,0.299726,0.00263122,0
1.4,9.6,0,0.299738,0.0026683,0
1.4,9.7,0,0.29975,0.0027066,0
1.4,9.8,0,0.299764,0.00273911,0
1.4,9.9,0,0.299775,0.00277046,0
1.4,10,0,0.299785,0.00280252,0
1.4,10.1,0,0.299799,0.00283173,0
1.4,10.2,0,0.299809,0.00285785,0
1.4,10.3,0,0.299819,0.00288397,0
1.4,10.4,0,0.299831,0.00291027,0
1.4,10.5,0,0.29984,0.00293167,0
1.4,10.6,0,0.299849,0.00295307,0
1.4,10.7,0,0.299858,0.00297565,0
1.4,10.8,0,0.299868,0.0029931,0
1.4,10.9,0,0.299877,0.00301028,0
1.4,11,0,0.299885,0.00302789,0
1.4,11.1,0,0.299894,0.00304328,0
1.4,11.2,0,0.299901,0.00305668,0
1.4,11.3,0,0.299909,0.00307008,0
1.4,11.4,0,0.299917,0.00308326,0
1.4,11.5,0,0.299924,0.00309329,0
1.4,11.6,0,0.299931,0.00310331,0
1.4,11.7,0,0.299938,0.00311412,0
1.4,11.8,0,0.299945,0.00312098,0
1.4,11.9,0,0.299951,0.00312796,0
1.4,12,0,0.299957,0.0031351,0
1.4,12.1,0,0.299964,0.0031405,0
1.4,12.2,0,0.299969,0.00314469,0
1.4,12.3,0,0.299974,0.00314888,0
1.4,12.4,0,0.299981,0.00315248,0
1.4,12.5,0,0.299983,0.00315389,0
1.4,12.6,0,0.299986,0.00315532,0
1.4,12.7,0,0.299987,0.0031572,0
1.5,0,0,0.299965,-0.00413123,0
1.5,0.1,0,0.299965,-0.00412428,0
1.5,0.2,0,0.299955,-0.00412242,0
1.5,0.3,0,0.29994,-0.00411544,0
1.5,0.4,0,0.299927,-0.00410493,0
1.5,0.5,0,0.299906,-0.00409864,0
1.5,0.6,0,0.299891,-0.00408032,0
1.5,0.7,0,0.299874,-0.00406703,0
1.5,0.8,0,0.299855,-0.00404881,0
1.5,0.9,0,0.29984,-0.00402831,0
1.5,1,0,0.299816,-0.00400836,0
1.5,1.1,0,0.299803,-0.00398091,0
1.5,1.2,0,0.299784,-0.00395529,0
1.5,1.3,0,0.299764,-0.00392512,0
1.5,1.4,0,0.299751,-0.00389471,0
1.5,1.5,0,0.299722,-0.0038585,0
1.5,1.6,0,0.299712,-0.00382332,0
1.5,1.7,0,0.299691,-0.00378404,0
1.5,1.8,0,0.299672,-0.00374139,0
1.5,1.9,0,0.29966,-0.0037015,0
1.5,2,0,0.299626,-0.00364632,0
1.5,2.1,0,0.299621,-0.00360495,0
1.5,2.2,0,0.299598,-0.00355079,0
1.5,2.3,0,0.299578,-0.0034948,0
1.5,2.4,0,0.299568,-0.00344563,0
1.5,2.5,0,0.299529,-0.0033697,0
1.5,2.6,0,0.29953,-0.00332195,0
1.5,2.7,0,0.299505,-0.00325262,0
1.5,2.8,0,0.299485,-0.00318194,0
1.5,2.9,0,0.299477,-0.00312259,0
1.5,3,0,0.299434,-0.00302774,0
1.5,3.1,0,0.299437,-0.0029693,0
1.5,3.2,0,0.299412,-0.00288667,0
1.5,3.3,0,0.299389,-0.0028,0
1.5,3.4,0,0.299381,-0.00272788,0
1.5,3.5,0,0.299344,-0.00262203,0
1.5,3.6,0,0.299336,-0.00254406,0
1.5,3.7,0,0.299317,-0.00245277,0
1.5,3.8,0,0.29929,-0.00235072,0
1.5,3.9,0,0.299273,-0.00226276,0
1.5,4,0,0.299264,-0.00215794,0
1.5,4.1,0,0.29922,-0.00205271,0
1.5,4.2,0,0.299219,-0.0019583,0
1.5,4.3,0,0.299189,-0.00184475,0
1.5,4.4,0,0.299155,-0.00174064,0
1.5,4.5,0,0.299198,-0.00164548,0
1.5,4.6,0,0.299106,-0.00151249,0
1.5,4.7,0,0.299129,-0.0014189,0
1.5,4.8,0,0.299106,-0.00129845,0
1.5,4.9,0,0.299058,-0.00119097,0
1.5,5,0,0.299157,-0.00113972,0
1.5,5.1,0,0.299149,-0.0009866,0
1.5,5.2,0,0.299145,-0.000873669,0
1.5,5.3,0,0.299142,-0.00076032,0
1.5,5.4,0,0.29914,-0.000646708,0
1.5,5.5,0,0.29914,-0.000532958,0
1.5,5.6,0,0.29914,-0.000419207,0
1.5,5.7,0,0.299142,-0.000305594,0
1.5,5.8,0,0.299145,-0.00019226,0
1.5,5.9,0,0.29915,-7.94174e-05,0
1.5,6,0,0.299159,9.58311e-05,0
1.5,6.1,0,0.299076,0.000138219,0
1.5,6.2,0,0.299072,0.000215419,0
1.5,6.3,0,0.299148,0.000349291,0
1.5,6.4,0,0.299151,0.00046484,0
1.5,6.5,0,0.299134,0.000561156,0
1.5,6.6,0,0.299169,0.000669276,0
1.5,6.7,0,0.299213,0.000789157,0
1.5,6.8,0,0.299204,0.000892662,0
1.5,6.9,0,0.299218,0.000984322,0
1.5,7,0,0.29926,0.00108966,0
1.5,7.1,0,0.299274,0.00120031,0
1.5,7.2,0,0.299286,0.00128957,0
1.5,7.3,0,0.299305,0.0013765,0
1.5,7.4,0,0.29933,0.00147726,0
1.5,7.5,0,0.29935,0.00157164,0
1.5,7.6,0,0.299362,0.00164839,0
1.5,7.7,0,0.299377,0.00172957,0
1.5,7.8,0,0.299408,0.00182784,0
1.5,7.9,0,0.299422,0.00189891,0
1.5,8,0,0.299426,0.00196365,0
1.5,8.1,0,0.299458,0.00205262,0
1.5,8.2,0,0.299477,0.00212257,0
1.5,8.3,0,0.299484,0.00218291,0
1.5,8.4,0,0.299505,0.0022528,0
1.5,8.5,0,0.29953,0.00232228,0
1.5,8.6,0,0.299541,0.00237817,0
1.5,8.7,0,0.299551,0.00243466,0
1.5,8.8,0,0.299581,0.00249992,0
1.5,8.9,0,0.299595,0.0025498,0
1.5,9,0,0.299601,0.00259957,0
1.5,9.1,0,0.299626,0.00265392,0
1.5,9.2,0,0.299643,0.00270035,0
1.5,9.3,0,0.299653,0.00274493,0
1.5,9.4,0,0.299669,0.00279017,0
1.5,9.5,0,0.29969,0.00283219,0
1.5,9.6,0,0.299701,0.00287021,0
1.5,9.7,0,0.299711,0.0029102,0
1.5,9.8,0,0.299733,0.00294657,0
1.5,9.9,0,0.299744,0.00297792,0
1.5,10,0,0.299753,0.0030131,0
1.5,10.1,0,0.29977,0.00304369,0
1.5,10.2,0,0.299783,0.00307084,0
1.5,10.3,0,0.299792,0.00309937,0
1.5,10.4,0,0.299805,0.00312658,0
1.5,10.5,0,0.299819,0.00314926,0
1.5,10.6,0,0.299828,0.00317153,0
1.5,10.7,0,0.299837,0.00319621,0
1.5,10.8,0,0.299852,0.00321441,0
1.5,10.9,0,0.29986,0.0032316,0
1.5,11,0,0.299867,0.00325187,0
1.5,11.1,0,0.299879,0.00326741,0
1.5,11.2,0,0.299888,0.00328096,0
1.5,11.3,0,0.299896,0.00329594,0
1.5,11.4,0,0.299904,0.00330981,0
1.5,11.5,0,0.299914,0.00331981,0
1.5,11.6,0,0.299921,0.00333026,0
1.5,11.7,0,0.299928,0.00334255,0
1.5,11.8,0,0.299938,0.00334915,0
1.5,11.9,0,0.299944,0.00335611,0
1.5,12,0,0.299951,0.00336483,0
1.5,12.1,0,0.299959,0.00337001,0
1.5,12.2,0,0.299965,0.00337391,0
1.5,12.3,0,0.299971,0.00337894,0
1.5,12.4,0,0.299977,0.00338305,0
1.5,12.5,0,0.299983,0.00338383,0
1.5,12.6,0,0.299985,0.0033854,0
1.5,12.7,0,0.299985,0.00338807,0
1.6,0,0,0.299959,-0.00441968,0
1.6,0.1,0,0.299961,-0.00441195,0
1.6,0.2,0,0.299948,-0.0044102,0
1.6,0.3,0,0.299932,-0.00440321,0
1.6,0.4,0,0.299915,-0.00439049,0
1.6,0.5,0,0.299893,-0.00438466,0
1.6,0.6,0,0.299878,-0.0043654,0
1.6,0.7,0,0.299855,-0.00435046,0
1.6,0.8,0,0.299836,-0.00433223,0
1.6,0.9,0,0.299817,-0.00430846,0
1.6,1,0,0.299791,-0.00428828,0
1.6,1.1,0,0.299779,-0.00426018,0
1.6,1.2,0,0.299752,-0.0042307,0
1.6,1.3,0,0.299733,-0.00420052,0
1.6,1.4,0,0.299716,-0.00416581,0
1.6,1.5,0,0.299684,-0.00412831,0
1.6,1.6,0,0.299676,-0.00409313,0
1.6,1.7,0,0.299647,-0.00404711,0
1.6,1.8,0,0.299627,-0.00400446,0
1.6,1.9,0,0.299612,-0.00395953,0
1.6,2,0,0.299575,-0.00390148,0
1.6,2.1,0,0.299572,-0.00386116,0
1.6,2.2,0,0.299539,-0.00379685,0
1.6,2.3,0,0.29952,-0.00374086,0
1.6,2.4,0,0.299508,-0.00368608,0
1.6,2.5,0,0.299464,-0.00360544,0
1.6,2.6,0,0.299468,-0.0035598,0
1.6,2.7,0,0.299432,-0.00347688,0
1.6,2.8,0,0.299412,-0.0034062,0
1.6,2.9,0,0.299403,-0.00334042,0
1.6,3,0,0.299355,-0.00323943,0
1.6,3.1,0,0.299361,-0.00318328,0
1.6,3.2,0,0.299326,-0.00308478,0
1.6,3.3,0,0.299304,-0.00299811,0
1.6,3.4,0,0.299294,-0.00291759,0
1.6,3.5,0,0.299252,-0.00280569,0
1.6,3.6,0,0.299245,-0.00272831,0
1.6,3.7,0,0.29922,-0.00262115,0
1.6,3.8,0,0.299193,-0.00251911,0
1.6,3.9,0,0.299172,-0.00241886,0
1.6,4,0,0.299163,-0.00231026,0
1.6,4.1,0,0.299114,-0.00220203,0
1.6,4.2,0,0.299116,-0.00209371,0
1.6,4.3,0,0.299087,-0.00198016,0
1.6,4.4,0,0.299041,-0.00185859,0
1.6,4.5,0,0.299094,-0.00176318,0
1.6,4.6,0,0.298986,-0.00162299,0
1.6,4.7,0,0.299025,-0.00151817,0
1.6,4.8,0,0.299002,-0.00139772,0
1.6,4.9,0,0.298932,-0.00126683,0
1.6,5,0,0.299053,-0.00122217,0
1.6,5.1,0,0.299045,-0.00105743,0
1.6,5.2,0,0.299041,-0.000935671,0
1.6,5.3,0,0.299037,-0.000813413,0
1.6,5.4,0,0.299035,-0.000690865,0
1.6,5.5,0,0.299035,-0.000568164,0
1.6,5.6,0,0.299036,-0.000445463,0
1.6,5.7,0,0.299038,-0.000322911,0
1.6,5.8,0,0.299041,-0.000200664,0
1.6,5.9,0,0.299045,-7.89993e-05,0
1.6,6,0,0.299054,0.0001095,0
1.6,6.1,0,0.298972,0.000151888,0
1.6,6.2,0,0.298947,0.000234466,0
1.6,6.3,0,0.299043,0.000384187,0
1.6,6.4,0,0.299046,0.000499736,0
1.6,6.5,0,0.299009,0.00060173,0
1.6,6.6,0,0.299066,0.000727725,0
1.6,6.7,0,0.29911,0.000847605,0
1.6,6.8,0,0.299096,0.000953988,0
1.6,6.9,0,0.299118,0.00106537,0
1.6,7,0,0.299161,0.0011707,0
1.6,7.1,0,0.299174,0.00128135,0
1.6,7.2,0,0.299189,0.00139125,0
1.6,7.3,0,0.299211,0.00147898,0
1.6,7.4,0,0.299235,0.00157973,0
1.6,7.5,0,0.299262,0.00168871,0
1.6,7.6,0,0.299275,0.00177095,0
1.6,7.7,0,0.29929,0.00185213,0
1.6,7.8,0,0.299324,0.00195456,0
1.6,7.9,0,0.299343,0.00203995,0
1.6,8,0,0.299347,0.00210469,0
1.6,8.1,0,0.299379,0.00219365,0
1.6,8.2,0,0.299409,0.00228201,0
1.6,8.3,0,0.299413,0.00234054,0
1.6,8.4,0,0.299434,0.00241042,0
1.6,8.5,0,0.299468,0.00248942,0
1.6,8.6,0,0.299479,0.00255032,0
1.6,8.7,0,0.299489,0.0026068,0
1.6,8.8,0,0.29952,0.00267347,0
1.6,8.9,0,0.299541,0.00273437,0
1.6,9,0,0.299547,0.00278414,0
1.6,9.1,0,0.299572,0.00283849,0
1.6,9.2,0,0.299599,0.00289441,0
1.6,9.3,0,0.299606,0.00293992,0
1.6,9.4,0,0.299623,0.00298516,0
1.6,9.5,0,0.299649,0.00303031,0
1.6,9.6,0,0.299662,0.0030738,0
1.6,9.7,0,0.299672,0.00311379,0
1.6,9.8,0,0.299694,0.00315034,0
1.6,9.9,0,0.299712,0.00318815,0
1.6,10,0,0.29972,0.00322367,0
1.6,10.1,0,0.299737,0.00325426,0
1.6,10.2,0,0.299757,0.00328495,0
1.6,10.3,0,0.299765,0.00331554,0
1.6,10.4,0,0.299778,0.00334274,0
1.6,10.5,0,0.299795,0.00336606,0
1.6,10.6,0,0.299806,0.00339209,0
1.6,10.7,0,0.299815,0.00341678,0
1.6,10.8,0,0.29983,0.00343498,0
1.6,10.9,0,0.299843,0.00345511,0
1.6,11,0,0.29985,0.00347584,0
1.6,11.1,0,0.299862,0.00349139,0
1.6,11.2,0,0.299875,0.003506,0
1.6,11.3,0,0.299883,0.00352249,0
1.6,11.4,0,0.299891,0.00353636,0
1.6,11.5,0,0.299903,0.00354635,0
1.6,11.6,0,0.299912,0.00355869,0
1.6,11.7,0,0.299919,0.00357098,0
1.6,11.8,0,0.299928,0.00357758,0
1.6,11.9,0,0.299938,0.00358545,0
1.6,12,0,0.299944,0.00359456,0
1.6,12.1,0,0.299952,0.00359974,0
1.6,12.2,0,0.299961,0.00360362,0
1.6,12.3,0,0.299967,0.0036095,0
1.6,12.4,0,0.299974,0.00361361,0
1.6,12.5,0,0.299981,0.0036142,0
1.6,12.6,0,0.299983,0.00361627,0
1.6,12.7,0,0.299982,0.00361895,0
1.7,0,0,0.299954,-0.00470814,0
1.7,0.1,0,0.29995,-0.00470195,0
1.7,0.2,0,0.29994,-0.00469797,0
1.7,0.3,0,0.299924,-0.00469099,0
1.7,0.4,0,0.299903,-0.00467912,0
1.7,0.5,0,0.29988,-0.00467067,0
1.7,0.6,0,0.299861,-0.00465185,0
1.7,0.7,0,0.299836,-0.00463388,0
1.7,0.8,0,0.299817,-0.00461566,0
1.7,0.9,0,0.299792,-0.00459059,0
1.7,1,0,0.299766,-0.0045682,0
1.7,1.1,0,0.299747,-0.00453822,0
1.7,1.2,0,0.299721,-0.0045061,0
1.7,1.3,0,0.299701,-0.00447592,0
1.7,1.4,0,0.299676,-0.00443661,0
1.7,1.5,0,0.299646,-0.00439811,0
1.7,1.6,0,0.299629,-0.00435753,0
1.7,1.7,0,0.299602,-0.00431018,0
1.7,1.8,0,0.299582,-0.00426752,0
1.7,1.9,0,0.299556,-0.00421338,0
1.7,2,0,0.299523,-0.00415664,0
1.7,2.1,0,0.299509,-0.00410624,0
1.7,2.2,0,0.299481,-0.0040429,0
1.7,2.3,0,0.299461,-0.00398691,0
1.7,2.4,0,0.299435,-0.00391752,0
1.7,2.5,0,0.299399,-0.00384118,0
1.7,2.6,0,0.299388,-0.00378075,0
1.7,2.7,0,0.29936,-0.00370114,0
1.7,2.8,0,0.29934,-0.00363046,0
1.7,2.9,0,0.299314,-0.00354577,0
1.7,3,0,0.299275,-0.00345111,0
1.7,3.1,0,0.299267,-0.00337799,0
1.7,3.2,0,0.29924,-0.0032829,0
1.7,3.3,0,0.299218,-0.00319623,0
1.7,3.4,0,0.299195,-0.00309666,0
1.7,3.5,0,0.29916,-0.00298935,0
1.7,3.6,0,0.299146,-0.00289817,0
1.7,3.7,0,0.299124,-0.00278954,0
1.7,3.8,0,0.299097,-0.00268749,0
1.7,3.9,0,0.299077,-0.00257394,0
1.7,4,0,0.299063,-0.00246257,0
1.7,4.1,0,0.299029,-0.0023488,0
1.7,4.2,0,0.299014,-0.00222912,0
1.7,4.3,0,0.298984,-0.00211557,0
1.7,4.4,0,0.298967,-0.00198982,0
1.7,4.5,0,0.298991,-0.00188089,0
1.7,4.6,0,0.298926,-0.00174517,0
1.7,4.7,0,0.298921,-0.00161743,0
1.7,4.8,0,0.298898,-0.00149698,0
1.7,4.9,0,0.298884,-0.00138031,0
1.7,5,0,0.298948,-0.00130462,0
1.7,5.1,0,0.29894,-0.00112825,0
1.7,5.2,0,0.298936,-0.000997674,0
1.7,5.3,0,0.298933,-0.000866506,0
1.7,5.4,0,0.298931,-0.000735021,0
1.7,5.5,0,0.29893,-0.000603371,0
1.7,5.6,0,0.298931,-0.000471718,0
1.7,5.7,0,0.298933,-0.000340229,0
1.7,5.8,0,0.298936,-0.000209069,0
1.7,5.9,0,0.298941,-7.85813e-05,0
1.7,6,0,0.298949,0.000123169,0
1.7,6.1,0,0.29889,0.000182915,0
1.7,6.2,0,0.298897,0.000293227,0
1.7,6.3,0,0.298939,0.000419084,0
1.7,6.4,0,0.298942,0.000534633,0
1.7,6.5,0,0.298949,0.000659017,0
1.7,6.6,0,0.298963,0.000786173,0
1.7,6.7,0,0.299008,0.000906054,0
1.7,6.8,0,0.29901,0.00102058,0
1.7,6.9,0,0.299026,0.00114161,0
1.7,7,0,0.299061,0.00125174,0
1.7,7.1,0,0.299076,0.00136296,0
1.7,7.2,0,0.299096,0.00147668,0
1.7,7.3,0,0.299116,0.00158145,0
1.7,7.4,0,0.299141,0.00168221,0
1.7,7.5,0,0.299164,0.00178807,0
1.7,7.6,0,0.299187,0.00189333,0
1.7,7.7,0,0.299202,0.00197468,0
1.7,7.8,0,0.299232,0.00207387,0
1.7,7.9,0,0.299256,0.00216987,0
1.7,8,0,0.299268,0.00224572,0
1.7,8.1,0,0.299298,0.00233385,0
1.7,8.2,0,0.299324,0.00242008,0
1.7,8.3,0,0.299343,0.00249816,0
1.7,8.4,0,0.299363,0.00256805,0
1.7,8.5,0,0.29939,0.00264492,0
1.7,8.6,0,0.299415,0.00272123,0
1.7,8.7,0,0.299427,0.00277895,0
1.7,8.8,0,0.299455,0.00284557,0
1.7,8.9,0,0.299479,0.00291213,0
1.7,9,0,0.299493,0.00296871,0
1.7,9.1,0,0.299518,0.00302328,0
1.7,9.2,0,0.299541,0.00308055,0
1.7,9.3,0,0.29956,0.00313492,0
1.7,9.4,0,0.299577,0.00318016,0
1.7,9.5,0,0.299599,0.00322792,0
1.7,9.6,0,0.299621,0.00327654,0
1.7,9.7,0,0.299633,0.00331738,0
1.7,9.8,0,0.299654,0.00335562,0
1.7,9.9,0,0.299674,0.00339635,0
1.7,10,0,0.299687,0.00343424,0
1.7,10.1,0,0.299705,0.00346507,0
1.7,10.2,0,0.299722,0.0034987,0
1.7,10.3,0,0.299738,0.0035317,0
1.7,10.4,0,0.299751,0.00355891,0
1.7,10.5,0,0.299767,0.00358505,0
1.7,10.6,0,0.299783,0.00361237,0
1.7,10.7,0,0.299793,0.00363735,0
1.7,10.8,0,0.299808,0.00365681,0
1.7,10.9,0,0.299822,0.00367857,0
1.7,11,0,0.299833,0.00369982,0
1.7,11.1,0,0.299845,0.00371538,0
1.7,11.2,0,0.299857,0.00373224,0
1.7,11.3,0,0.299869,0.00374904,0
1.7,11.4,0,0.299878,0.00376291,0
1.7,11.5,0,0.29989,0.00377458,0
1.7,11.6,0,0.299901,0.00378713,0
1.7,11.7,0,0.299909,0.00379941,0
1.7,11.8,0,0.299919,0.00380666,0
1.7,11.9,0,0.29993,0.00381539,0
1.7,12,0,0.299938,0.00382429,0
1.7,12.1,0,0.299946,0.00382947,0
1.7,12.2,0,0.299955,0.0038347,0
1.7,12.3,0,0.299964,0.00384007,0
1.7,12.4,0,0.29997,0.00384417,0
1.7,12.5,0,0.299976,0.00384552,0
1.7,12.6,0,0.29998,0.00384736,0
1.7,12.7,0,0.29998,0.00384982,0
1.8,0,0,0.299948,-0.00499659,0
1.8,0.1,0,0.299938,-0.00499235,0
1.8,0.2,0,0.299928,-0.0049881,0
1.8,0.3,0,0.299912,-0.00498012,0
1.8,0.4,0,0.29989,-0.0049684,0
1.8,0.5,0,0.299868,-0.00495668,0
1.8,0.6,0,0.299843,-0.0049384,0
1.8,0.7,0,0.299817,-0.00492013,0
1.8,0.8,0,0.299792,-0.00489842,0
1.8,0.9,0,0.299766,-0.00487327,0
1.8,1,0,0.299741,-0.00484813,0
1.8,1.1,0,0.299715,-0.00481579,0
1.8,1.2,0,0.299688,-0.00478345,0
1.8,1.3,0,0.299662,-0.00474741,0
1.8,1.4,0,0.299635,-0.00470766,0
1.8,1.5,0,0.299608,-0.00466791,0
1.8,1.6,0,0.299581,-0.00462057,0
1.8,1.7,0,0.299554,-0.00457322,0
1.8,1.8,0,0.299527,-0.004522,0
1.8,1.9,0,0.299499,-0.0044669,0
1.8,2,0,0.299472,-0.0044118,0
1.8,2.1,0,0.299444,-0.00434881,0
1.8,2.2,0,0.299417,-0.00428582,0
1.8,2.3,0,0.299389,-0.00421884,0
1.8,2.4,0,0.299361,-0.00414788,0
1.8,2.5,0,0.299333,-0.00407692,0
1.8,2.6,0,0.299306,-0.00399801,0
1.8,2.7,0,0.299278,-0.0039191,0
1.8,2.8,0,0.29925,-0.00383628,0
1.8,2.9,0,0.299223,-0.00374954,0
1.8,3,0,0.299196,-0.0036628,0
1.8,3.1,0,0.29917,-0.00356846,0
1.8,3.2,0,0.299144,-0.00347413,0
1.8,3.3,0,0.299118,-0.00337617,0
1.8,3.4,0,0.299093,-0.00327459,0
1.8,3.5,0,0.299069,-0.003173,0
1.8,3.6,0,0.299046,-0.00306457,0
1.8,3.7,0,0.299024,-0.00295615,0
1.8,3.8,0,0.299003,-0.00284452,0
1.8,3.9,0,0.298983,-0.0027297,0
1.8,4,0,0.298963,-0.00261488,0
1.8,4.1,0,0.298947,-0.0024942,0
1.8,4.2,0,0.29893,-0.00237351,0
1.8,4.3,0,0.298915,-0.00225026,0
1.8,4.4,0,0.298901,-0.00212443,0
1.8,4.5,0,0.298887,-0.0019986,0
1.8,4.6,0,0.298877,-0.00186846,0
1.8,4.7,0,0.298866,-0.00173833,0
1.8,4.8,0,0.298857,-0.00161602,0
1.8,4.9,0,0.298851,-0.00150155,0
1.8,5,0,0.298844,-0.00138708,0
1.8,5.1,0,0.298836,-0.00119908,0
1.8,5.2,0,0.298832,-0.00105968,0
1.8,5.3,0,0.298828,-0.000919599,0
1.8,5.4,0,0.298826,-0.000779178,0
1.8,5.5,0,0.298826,-0.000638577,0
1.8,5.6,0,0.298827,-0.000497974,0
1.8,5.7,0,0.298829,-0.000357547,0
1.8,5.8,0,0.298832,-0.000217473,0
1.8,5.9,0,0.298836,-7.81632e-05,0
1.8,6,0,0.298845,0.000136837,0
1.8,6.1,0,0.298852,0.000247149,0
1.8,6.2,0,0.298859,0.000357462,0
1.8,6.3,0,0.298866,0.000467774,0
1.8,6.4,0,0.298876,0.000589079,0
1.8,6.5,0,0.298888,0.000716305,0
1.8,6.6,0,0.298901,0.00084353,0
1.8,6.7,0,0.298914,0.000968898,0
1.8,6.8,0,0.29893,0.00108993,0
1.8,6.9,0,0.298946,0.00121097,0
1.8,7,0,0.298962,0.001332,0
1.8,7.1,0,0.298982,0.00144609,0
1.8,7.2,0,0.299002,0.00155981,0
1.8,7.3,0,0.299022,0.00167352,0
1.8,7.4,0,0.299044,0.00178217,0
1.8,7.5,0,0.299067,0.00188743,0
1.8,7.6,0,0.299089,0.00199269,0
1.8,7.7,0,0.299113,0.00209563,0
1.8,7.8,0,0.299137,0.00219163,0
1.8,7.9,0,0.299162,0.00228763,0
1.8,8,0,0.299186,0.00238363,0
1.8,8.1,0,0.299212,0.00247085,0
1.8,8.2,0,0.299237,0.00255708,0
1.8,8.3,0,0.299262,0.00264332,0
1.8,8.4,0,0.299288,0.0027241,0
1.8,8.5,0,0.299313,0.00280041,0
1.8,8.6,0,0.299338,0.00287672,0
1.8,8.7,0,0.299363,0.00295108,0
1.8,8.8,0,0.299388,0.00301764,0
1.8,8.9,0,0.299412,0.0030842,0
1.8,9,0,0.299436,0.00315077,0
1.8,9.1,0,0.29946,0.00320943,0
1.8,9.2,0,0.299483,0.0032667,0
1.8,9.3,0,0.299506,0.00332397,0
1.8,9.4,0,0.299529,0.00337692,0
1.8,9.5,0,0.29955,0.00342554,0
1.8,9.6,0,0.299572,0.00347416,0
1.8,9.7,0,0.299593,0.0035216,0
1.8,9.8,0,0.299613,0.00356232,0
1.8,9.9,0,0.299632,0.00360305,0
1.8,10,0,0.299652,0.00364378,0
1.8,10.1,0,0.29967,0.00367883,0
1.8,10.2,0,0.299688,0.00371245,0
1.8,10.3,0,0.299706,0.00374608,0
1.8,10.4,0,0.299723,0.00377687,0
1.8,10.5,0,0.299739,0.00380419,0
1.8,10.6,0,0.299755,0.00383151,0
1.8,10.7,0,0.299771,0.00385828,0
1.8,10.8,0,0.299786,0.00388003,0
1.8,10.9,0,0.2998,0.00390179,0
1.8,11,0,0.299814,0.00392354,0
1.8,11.1,0,0.299827,0.00394163,0
1.8,11.2,0,0.29984,0.00395849,0
1.8,11.3,0,0.299853,0.00397535,0
1.8,11.4,0,0.299865,0.00399048,0
1.8,11.5,0,0.299877,0.00400303,0
1.8,11.6,0,0.299888,0.00401558,0
1.8,11.7,0,0.2999,0.00402794,0
1.8,11.8,0,0.29991,0.00403667,0
1.8,11.9,0,0.299921,0.0040454,0
1.8,12,0,0.299931,0.00405413,0
1.8,12.1,0,0.29994,0.00406047,0
1.8,12.2,0,0.299949,0.00406577,0
1.8,12.3,0,0.299958,0.00407108,0
1.8,12.4,0,0.299966,0.00407517,0
1.8,12.5,0,0.29997,0.00407701,0
1.8,12.6,0,0.299974,0.00407885,0
1.8,12.7,0,0.299978,0.00408069,0
1.9,0,0,0.299941,-0.00529757,0
1.9,0.1,0,0.299938,-0.00528746,0
1.9,0.2,0,0.299927,-0.00528373,0
1.9,0.3,0,0.299902,-0.00527373,0
1.9,0.4,0,0.299879,-0.00526127,0
1.9,0.5,0,0.299851,-0.0052553,0
1.9,0.6,0,0.299825,-0.00522866,0
1.9,0.7,0,0.299799,-0.00521099,0
1.9,0.8,0,0.299767,-0.005186,0
1.9,0.9,0,0.299741,-0.00515989,0
1.9,1,0,0.299709,-0.00514142,0
1.9,1.1,0,0.299682,-0.00509742,0
1.9,1.2,0,0.299655,-0.00506586,0
1.9,1.3,0,0.299622,-0.00502404,0
1.9,1.4,0,0.299595,-0.00498287,0
1.9,1.5,0,0.29956,-0.00495258,0
1.9,1.6,0,0.299533,-0.00488787,0
1.9,1.7,0,0.299505,-0.0048417,0
1.9,1.8,0,0.29947,-0.00478199,0
1.9,1.9,0,0.299443,-0.00472478,0
1.9,2,0,0.299407,-0.00468408,0
1.9,2.1,0,0.299379,-0.00459579,0
1.9,2.2,0,0.299351,-0.00453455,0
1.9,2.3,0,0.299315,-0.0044566,0
1.9,2.4,0,0.299287,-0.00438268,0
1.9,2.5,0,0.29925,-0.00433238,0
1.9,2.6,0,0.299223,-0.00421967,0
1.9,2.7,0,0.299194,-0.0041431,0
1.9,2.8,0,0.299159,-0.00404804,0
1.9,2.9,0,0.299132,-0.0039576,0
1.9,3,0,0.299095,-0.00389594,0
1.9,3.1,0,0.299071,-0.00376307,0
1.9,3.2,0,0.299044,-0.00367123,0
1.9,3.3,0,0.299015,-0.00356178,0
1.9,3.4,0,0.298991,-0.00345643,0
1.9,3.5,0,0.298949,-0.00337692,0
1.9,3.6,0,0.298945,-0.00323466,0
1.9,3.7,0,0.298919,-0.00312787,0
1.9,3.8,0,0.298904,-0.00300643,0
1.9,3.9,0,0.298887,-0.00288889,0
1.9,4,0,0.298824,-0.00278195,0
1.9,4.1,0,0.298863,-0.00264269,0
1.9,4.2,0,0.29884,-0.00252177,0
1.9,4.3,0,0.298839,-0.00238837,0
1.9,4.4,0,0.298833,-0.00226165,0
1.9,4.5,0,0.298728,-0.00212251,0
1.9,4.6,0,0.298826,-0.00199393,0
1.9,4.7,0,0.298803,-0.00186132,0
1.9,4.8,0,0.298808,-0.00171759,0
1.9,4.9,0,0.298815,-0.00160322,0
1.9,5,0,0.298671,-0.00146818,0
1.9,5.1,0,0.29866,-0.00126834,0
1.9,5.2,0,0.298654,-0.00112055,0
1.9,5.3,0,0.29865,-0.000972093,0
1.9,5.4,0,0.298648,-0.000823251,0
1.9,5.5,0,0.298647,-0.000674212,0
1.9,5.6,0,0.298648,-0.000525175,0
1.9,5.7,0,0.298651,-0.000376343,0
1.9,5.8,0,0.298655,-0.000227923,0
1.9,5.9,0,0.29866,-8.02853e-05,0
1.9,6,0,0.298672,0.000148302,0
1.9,6.1,0,0.298809,0.000281922,0
1.9,6.2,0,0.298816,0.000392234,0
1.9,6.3,0,0.298759,0.000503952,0
1.9,6.4,0,0.2988,0.000647584,0
1.9,6.5,0,0.298825,0.000777872,0
1.9,6.6,0,0.298832,0.000905501,0
1.9,6.7,0,0.298789,0.00103964,0
1.9,6.8,0,0.298847,0.00116423,0
1.9,6.9,0,0.298863,0.00128526,0
1.9,7,0,0.298827,0.00142688,0
1.9,7.1,0,0.298886,0.00153516,0
1.9,7.2,0,0.298906,0.00164888,0
1.9,7.3,0,0.298912,0.00177743,0
1.9,7.4,0,0.298939,0.0018911,0
1.9,7.5,0,0.298967,0.00199343,0
1.9,7.6,0,0.29899,0.00209869,0
1.9,7.7,0,0.299005,0.00223217,0
1.9,7.8,0,0.299042,0.00231654,0
1.9,7.9,0,0.299066,0.00241254,0
1.9,8,0,0.299085,0.00253927,0
1.9,8.1,0,0.299125,0.00261524,0
1.9,8.2,0,0.29915,0.00270148,0
1.9,8.3,0,0.299174,0.00280002,0
1.9,8.4,0,0.299207,0.00289027,0
1.9,8.5,0,0.299236,0.00296328,0
1.9,8.6,0,0.299261,0.00303959,0
1.9,8.7,0,0.299287,0.00313684,0
1.9,8.8,0,0.299321,0.00319684,0
1.9,8.9,0,0.299345,0.0032634,0
1.9,9,0,0.299368,0.00334555,0
1.9,9.1,0,0.299403,0.00340228,0
1.9,9.2,0,0.299426,0.00345955,0
1.9,9.3,0,0.299449,0.0035216,0
1.9,9.4,0,0.299477,0.00358189,0
1.9,9.5,0,0.299502,0.00362933,0
1.9,9.6,0,0.299524,0.00367795,0
1.9,9.7,0,0.299546,0.00373563,0
1.9,9.8,0,0.299573,0.00377461,0
1.9,9.9,0,0.299592,0.00381533,0
1.9,10,0,0.299612,0.00386178,0
1.9,10.1,0,0.299637,0.00389756,0
1.9,10.2,0,0.299655,0.00393119,0
1.9,10.3,0,0.299673,0.00396633,0
1.9,10.4,0,0.299694,0.00400081,0
1.9,10.5,0,0.299713,0.00402774,0
1.9,10.6,0,0.299729,0.00405506,0
1.9,10.7,0,0.299745,0.00408606,0
1.9,10.8,0,0.299764,0.00410713,0
1.9,10.9,0,0.299779,0.00412888,0
1.9,11,0,0.299793,0.00415284,0
1.9,11.1,0,0.299811,0.00417128,0
1.9,11.2,0,0.299824,0.00418814,0
1.9,11.3,0,0.299837,0.0042055,0
1.9,11.4,0,0.299852,0.0042223,0
1.9,11.5,0,0.299865,0.00423449,0
1.9,11.6,0,0.299876,0.00424704,0
1.9,11.7,0,0.299889,0.0042614,0
1.9,11.8,0,0.299902,0.00426936,0
1.9,11.9,0,0.299912,0.00427809,0
1.9,12,0,0.299923,0.00428784,0
1.9,12.1,0,0.299936,0.00429402,0
1.9,12.2,0,0.299945,0.00429927,0
1.9,12.3,0,0.299954,0.00430477,0
1.9,12.4,0,0.299964,0.00430981,0
1.9,12.5,0,0.29997,0.00431124,0
1.9,12.6,0,0.299974,0.00431308,0
1.9,12.7,0,0.299975,0.00431593,0
2,0,0,0.299933,-0.00559855,0
2,0.1,0,0.299935,-0.00558375,0
2,0.2,0,0.299916,-0.00558403,0
2,0.3,0,0.299892,-0.00557402,0
2,0.4,0,0.299868,-0.00555528,0
2,0.5,0,0.299835,-0.00555393,0
2,0.6,0,0.299807,-0.0055206,0
2,0.7,0,0.299775,-0.00550731,0
2,0.8,0,0.299743,-0.00548232,0
2,0.9,0,0.299715,-0.00544784,0
2,1,0,0.299677,-0.0054347,0
2,1.1,0,0.29965,-0.00538138,0
2,1.2,0,0.299615,-0.00535528,0
2,1.3,0,0.299582,-0.00531347,0
2,1.4,0,0.299553,-0.00525998,0
2,1.5,0,0.299512,-0.00523725,0
2,1.6,0,0.299485,-0.00515865,0
2,1.7,0,0.299448,-0.00512067,0
2,1.8,0,0.299414,-0.00506097,0
2,1.9,0,0.299385,-0.00498554,0
2,2,0,0.299341,-0.00495635,0
2,2.1,0,0.299314,-0.00484783,0
2,2.2,0,0.299276,-0.00479902,0
2,2.3,0,0.29924,-0.00472107,0
2,2.4,0,0.299211,-0.0046216,0
2,2.5,0,0.299167,-0.00458783,0
2,2.6,0,0.29914,-0.00444809,0
2,2.7,0,0.299102,-0.00438817,0
2,2.8,0,0.299067,-0.00429311,0
2,2.9,0,0.299038,-0.00417068,0
2,3,0,0.298994,-0.00412908,0
2,3.1,0,0.298973,-0.00396539,0
2,3.2,0,0.298934,-0.0038907,0
2,3.3,0,0.298905,-0.00378126,0
2,3.4,0,0.298886,-0.0036427,0
2,3.5,0,0.29883,-0.00358083,0
2,3.6,0,0.298839,-0.00341152,0
2,3.7,0,0.29879,-0.00331428,0
2,3.8,0,0.298775,-0.00319284,0
2,3.9,0,0.298783,-0.00304965,0
2,4,0,0.298685,-0.00294901,0
2,4.1,0,0.298768,-0.0027949,0
2,4.2,0,0.29869,-0.00266791,0
2,4.3,0,0.298689,-0.00253451,0
2,4.4,0,0.298747,-0.00239621,0
2,4.5,0,0.298569,-0.00224643,0
2,4.6,0,0.298753,-0.00211909,0
2,4.7,0,0.298636,-0.00196202,0
2,4.8,0,0.29864,-0.0018183,0
2,4.9,0,0.298751,-0.00170077,0
2,5,0,0.298497,-0.00154929,0
2,5.1,0,0.298484,-0.0013376,0
2,5.2,0,0.298477,-0.00118142,0
2,5.3,0,0.298472,-0.00102459,0
2,5.4,0,0.298469,-0.000867323,0
2,5.5,0,0.298468,-0.000709846,0
2,5.6,0,0.298469,-0.000552376,0
2,5.7,0,0.298472,-0.000395139,0
2,5.8,0,0.298477,-0.000238373,0
2,5.9,0,0.298485,-8.24074e-05,0
2,6,0,0.2985,0.000159767,0
2,6.1,0,0.298682,0.000301388,0
2,6.2,0,0.298751,0.000427502,0
2,6.3,0,0.298594,0.000541377,0
2,6.4,0,0.298636,0.000685009,0
2,6.5,0,0.298762,0.000839439,0
2,6.6,0,0.29868,0.000973843,0
2,6.7,0,0.298637,0.00110798,0
2,6.8,0,0.298746,0.00123701,0
2,6.9,0,0.298747,0.00137256,0
2,7,0,0.298687,0.00152324,0
2,7.1,0,0.298759,0.00162951,0
2,7.2,0,0.298807,0.00174178,0
2,7.3,0,0.298786,0.00189856,0
2,7.4,0,0.298813,0.00201224,0
2,7.5,0,0.298868,0.00209943,0
2,7.6,0,0.298876,0.00224083,0
2,7.7,0,0.298891,0.00237458,0
2,7.8,0,0.29894,0.00244706,0
2,7.9,0,0.298967,0.00255599,0
2,8,0,0.298983,0.00269968,0
2,8.1,0,0.299026,0.0027723,0
2,8.2,0,0.299063,0.0028475,0
2,8.3,0,0.299084,0.00297554,0
2,8.4,0,0.299117,0.00306579,0
2,8.5,0,0.299159,0.00312615,0
2,8.6,0,0.299182,0.00322588,0
2,8.7,0,0.299208,0.00332501,0
2,8.8,0,0.299249,0.00337952,0
2,8.9,0,0.299278,0.00345149,0
2,9,0,0.2993,0.00354426,0
2,9.1,0,0.299336,0.00360016,0
2,9.2,0,0.299369,0.0036524,0
2,9.3,0,0.299391,0.00372901,0
2,9.4,0,0.299419,0.0037893,0
2,9.5,0,0.299454,0.00383311,0
2,9.6,0,0.299475,0.0038909,0
2,9.7,0,0.299497,0.0039501,0
2,9.8,0,0.299529,0.00398788,0
2,9.9,0,0.299552,0.00403065,0
2,10,0,0.299571,0.00408189,0
2,10.1,0,0.299598,0.00411757,0
2,10.2,0,0.299622,0.00414993,0
2,10.3,0,0.29964,0.00419085,0
2,10.4,0,0.299661,0.00422532,0
2,10.5,0,0.299686,0.00425135,0
2,10.6,0,0.299702,0.00428205,0
2,10.7,0,0.299719,0.00431394,0
2,10.8,0,0.29974,0.00433464,0
2,10.9,0,0.299758,0.00435704,0
2,11,0,0.299773,0.00438324,0
2,11.1,0,0.299791,0.00440168,0
2,11.2,0,0.299808,0.0044178,0
2,11.3,0,0.299821,0.00443773,0
2,11.4,0,0.299836,0.00445453,0
2,11.5,0,0.299852,0.00446605,0
2,11.6,0,0.299865,0.00447999,0
2,11.7,0,0.299877,0.00449491,0
2,11.8,0,0.299892,0.00450254,0
2,11.9,0,0.299904,0.00451122,0
2,12,0,0.299916,0.00452224,0
2,12.1,0,0.299928,0.00452842,0
2,12.2,0,0.29994,0.00453277,0
2,12.3,0,0.29995,0.00453977,0
2,12.4,0,0.299959,0.00454481,0
2,12.5,0,0.29997,0.00454561,0
2,12.6,0,0.299973,0.00454797,0
2,12.7,0,0.299972,0.00455117,0
2.1,0,0,0.299926,-0.00589952,0
2.1,0.1,0,0.299925,-0.00588628,0
2.1,0.2,0,0.299906,-0.00588432,0
2.1,0.3,0,0.299881,-0.00587432,0
2.1,0.4,0,0.299851,-0.00585614,0
2.1,0.5,0,0.299818,-0.00585255,0
2.1,0.6,0,0.299789,-0.00582104,0
2.1,0.7,0,0.299751,-0.00580363,0
2.1,0.8,0,0.299719,-0.00577864,0
2.1,0.9,0,0.299683,-0.00574403,0
2.1,1,0,0.299645,-0.00572799,0
2.1,1.1,0,0.299616,-0.00567701,0
2.1,1.2,0,0.299575,-0.00564471,0
2.1,1.3,0,0.299542,-0.00560289,0
2.1,1.4,0,0.299505,-0.00554892,0
2.1,1.5,0,0.299464,-0.00552193,0
2.1,1.6,0,0.299434,-0.00544683,0
2.1,1.7,0,0.299392,-0.00539965,0
2.1,1.8,0,0.299357,-0.00533994,0
2.1,1.9,0,0.299319,-0.00526414,0
2.1,2,0,0.299276,-0.00522862,0
2.1,2.1,0,0.299246,-0.00512535,0
2.1,2.2,0,0.299202,-0.00506349,0
2.1,2.3,0,0.299166,-0.00498554,0
2.1,2.4,0,0.299128,-0.00488596,0
2.1,2.5,0,0.299084,-0.00484328,0
2.1,2.6,0,0.299054,-0.00471057,0
2.1,2.7,0,0.29901,-0.00463324,0
2.1,2.8,0,0.298975,-0.00453818,0
2.1,2.9,0,0.298937,-0.00441493,0
2.1,3,0,0.298893,-0.00436222,0
2.1,3.1,0,0.298868,-0.00420599,0
2.1,3.2,0,0.298824,-0.00411018,0
2.1,3.3,0,0.298795,-0.00400073,0
2.1,3.4,0,0.298764,-0.0038579,0
2.1,3.5,0,0.298711,-0.00378475,0
2.1,3.6,0,0.298712,-0.00362033,0
2.1,3.7,0,0.298661,-0.00350069,0
2.1,3.8,0,0.298646,-0.00337925,0
2.1,3.9,0,0.298634,-0.00322488,0
2.1,4,0,0.298546,-0.00311607,0
2.1,4.1,0,0.298609,-0.00296126,0
2.1,4.2,0,0.29854,-0.00281405,0
2.1,4.3,0,0.29854,-0.00268065,0
2.1,4.4,0,0.298563,-0.00252281,0
2.1,4.5,0,0.298409,-0.00237035,0
2.1,4.6,0,0.298559,-0.00223558,0
2.1,4.7,0,0.298468,-0.00206273,0
2.1,4.8,0,0.298473,-0.00191901,0
2.1,4.9,0,0.298538,-0.00178159,0
2.1,5,0,0.298324,-0.00163039,0
2.1,5.1,0,0.298308,-0.00140687,0
2.1,5.2,0,0.2983,-0.0012423,0
2.1,5.3,0,0.298294,-0.00107708,0
2.1,5.4,0,0.29829,-0.000911396,0
2.1,5.5,0,0.298289,-0.00074548,0
2.1,5.6,0,0.29829,-0.000579577,0
2.1,5.7,0,0.298294,-0.000413934,0
2.1,5.8,0,0.2983,-0.000248823,0
2.1,5.9,0,0.298309,-8.45295e-05,0
2.1,6,0,0.298327,0.000171232,0
2.1,6.1,0,0.298509,0.000312853,0
2.1,6.2,0,0.298546,0.000457622,0
2.1,6.3,0,0.29843,0.000578802,0
2.1,6.4,0,0.298471,0.000722434,0
2.1,6.5,0,0.298556,0.000886942,0
2.1,6.6,0,0.298527,0.00104218,0
2.1,6.7,0,0.298484,0.00117632,0
2.1,6.8,0,0.29858,0.00131078,0
2.1,6.9,0,0.298607,0.00146892,0
2.1,7,0,0.298548,0.0016196,0
2.1,7.1,0,0.29862,0.00172587,0
2.1,7.2,0,0.298664,0.00186569,0
2.1,7.3,0,0.298659,0.0020197,0
2.1,7.4,0,0.298686,0.00213337,0
2.1,7.5,0,0.298736,0.00224194,0
2.1,7.6,0,0.298762,0.00238325,0
2.1,7.7,0,0.298777,0.002517,0
2.1,7.8,0,0.298825,0.00259584,0
2.1,7.9,0,0.298865,0.0027164,0
2.1,8,0,0.298881,0.00286008,0
2.1,8.1,0,0.298924,0.00293271,0
2.1,8.2,0,0.298966,0.00303019,0
2.1,8.3,0,0.298993,0.00315106,0
2.1,8.4,0,0.299026,0.00324131,0
2.1,8.5,0,0.299068,0.00331536,0
2.1,8.6,0,0.299103,0.00341405,0
2.1,8.7,0,0.299129,0.00351319,0
2.1,8.8,0,0.29917,0.00356988,0
2.1,8.9,0,0.299209,0.00365061,0
2.1,9,0,0.299232,0.00374298,0
2.1,9.1,0,0.299268,0.00379888,0
2.1,9.2,0,0.299305,0.00386261,0
2.1,9.3,0,0.299333,0.00393642,0
2.1,9.4,0,0.299361,0.00399671,0
2.1,9.5,0,0.299396,0.00404597,0
2.1,9.6,0,0.299426,0.00410538,0
2.1,9.7,0,0.299448,0.00416457,0
2.1,9.8,0,0.29948,0.00420271,0
2.1,9.9,0,0.299511,0.00425101,0
2.1,10,0,0.299531,0.004302,0
2.1,10.1,0,0.299557,0.00433768,0
2.1,10.2,0,0.299585,0.00437477,0
2.1,10.3,0,0.299607,0.00441536,0
2.1,10.4,0,0.299628,0.00444984,0
2.1,10.5,0,0.299653,0.0044778,0
2.1,10.6,0,0.299676,0.00450993,0
2.1,10.7,0,0.299692,0.00454183,0
2.1,10.8,0,0.299714,0.00456253,0
2.1,10.9,0,0.299736,0.00458759,0
2.1,11,0,0.299752,0.00461364,0
2.1,11.1,0,0.29977,0.00463208,0
2.1,11.2,0,0.299789,0.00465013,0
2.1,11.3,0,0.299806,0.00466996,0
2.1,11.4,0,0.29982,0.00468676,0
2.1,11.5,0,0.299837,0.00469906,0
2.1,11.6,0,0.299853,0.0047135,0
2.1,11.7,0,0.299866,0.00472843,0
2.1,11.8,0,0.29988,0.00473605,0
2.1,11.9,0,0.299896,0.00474582,0
2.1,12,0,0.299908,0.00475664,0
2.1,12.1,0,0.299921,0.00476282,0
2.1,12.2,0,0.299934,0.00476809,0
2.1,12.3,0,0.299945,0.00477477,0
2.1,12.4,0,0.299955,0.00477981,0
2.1,12.5,0,0.299964,0.00478093,0
2.1,12.6,0,0.29997,0.00478322,0
2.1,12.7,0,0.299969,0.00478642,0
2.2,0,0,0.299918,-0.0062005,0
2.2,0.1,0,0.299908,-0.00619243,0
2.2,0.2,0,0.299893,-0.00618696,0
2.2,0.3,0,0.299869,-0.00617691,0
2.2,0.4,0,0.299835,-0.00616219,0
2.2,0.5,0,0.299802,-0.00615118,0
2.2,0.6,0,0.299766,-0.00612572,0
2.2,0.7,0,0.299728,-0.00610329,0
2.2,0.8,0,0.299693,-0.00607763,0
2.2,0.9,0,0.299653,-0.00604703,0
2.2,1,0,0.299613,-0.00602128,0
2.2,1.1,0,0.299576,-0.00597809,0
2.2,1.2,0,0.299536,-0.0059388,0
2.2,1.3,0,0.299499,-0.0058961,0
2.2,1.4,0,0.299457,-0.0058478,0
2.2,1.5,0,0.299416,-0.0058066,0
2.2,1.6,0,0.299377,-0.00574317,0
2.2,1.7,0,0.299335,-0.00568558,0
2.2,1.8,0,0.299297,-0.00562468,0
2.2,1.9,0,0.299254,-0.00555751,0
2.2,2,0,0.29921,-0.00550089,0
2.2,2.1,0,0.299171,-0.00541511,0
2.2,2.2,0,0.299128,-0.00533808,0
2.2,2.3,0,0.299088,-0.00525828,0
2.2,2.4,0,0.299044,-0.00517109,0
2.2,2.5,0,0.299,-0.00509874,0
2.2,2.6,0,0.298961,-0.00498943,0
2.2,2.7,0,0.298918,-0.00489183,0
2.2,2.8,0,0.298879,-0.00479328,0
2.2,2.9,0,0.298835,-0.00468507,0
2.2,3,0,0.298792,-0.00459536,0
2.2,3.1,0,0.298755,-0.004464,0
2.2,3.2,0,0.298713,-0.00434507,0
2.2,3.3,0,0.298678,-0.00422904,0
2.2,3.4,0,0.298637,-0.00409944,0
2.2,3.5,0,0.298592,-0.00398867,0
2.2,3.6,0,0.298565,-0.00384057,0
2.2,3.7,0,0.298525,-0.00370062,0
2.2,3.8,0,0.298499,-0.00356881,0
2.2,3.9,0,0.298461,-0.00341916,0
2.2,4,0,0.298406,-0.00328313,0
2.2,4.1,0,0.298404,-0.00312596,0
2.2,4.2,0,0.298369,-0.00296761,0
2.2,4.3,0,0.298353,-0.00282146,0
2.2,4.4,0,0.298322,-0.00265563,0
2.2,4.5,0,0.29825,-0.00249427,0
2.2,4.6,0,0.298283,-0.00233473,0
2.2,4.7,0,0.298257,-0.00216282,0
2.2,4.8,0,0.29825,-0.00201149,0
2.2,4.9,0,0.298233,-0.00186173,0
2.2,5,0,0.298151,-0.00171149,0
2.2,5.1,0,0.298132,-0.00147613,0
2.2,5.2,0,0.298122,-0.00130317,0
2.2,5.3,0,0.298115,-0.00112957,0
2.2,5.4,0,0.298111,-0.000955469,0
2.2,5.5,0,0.29811,-0.000781114,0
2.2,5.6,0,0.298111,-0.000606779,0
2.2,5.7,0,0.298116,-0.00043273,0
2.2,5.8,0,0.298123,-0.000259273,0
2.2,5.9,0,0.298133,-8.66516e-05,0
2.2,6,0,0.298155,0.000182697,0
2.2,6.1,0,0.298234,0.000326555,0
2.2,6.2,0,0.298251,0.000471739,0
2.2,6.3,0,0.298265,0.000616227,0
2.2,6.4,0,0.298273,0.000762386,0
2.2,6.5,0,0.298302,0.000931142,0
2.2,6.6,0,0.29833,0.0010999,0
2.2,6.7,0,0.298332,0.00124466,0
2.2,6.8,0,0.298371,0.00140119,0
2.2,6.9,0,0.298405,0.00155986,0
2.2,7,0,0.298409,0.00171596,0
2.2,7.1,0,0.298456,0.00184711,0
2.2,7.2,0,0.298494,0.00199411,0
2.2,7.3,0,0.298531,0.0021411,0
2.2,7.4,0,0.298556,0.00226564,0
2.2,7.5,0,0.298595,0.00239949,0
2.2,7.6,0,0.298634,0.00253334,0
2.2,7.7,0,0.298663,0.00265942,0
2.2,7.8,0,0.298704,0.00277375,0
2.2,7.9,0,0.298745,0.00289392,0
2.2,8,0,0.298779,0.00302049,0
2.2,8.1,0,0.298819,0.00311518,0
2.2,8.2,0,0.29886,0.00322172,0
2.2,8.3,0,0.298901,0.00332825,0
2.2,8.4,0,0.298936,0.00342287,0
2.2,8.5,0,0.298976,0.00351618,0
2.2,8.6,0,0.299016,0.00360949,0
2.2,8.7,0,0.29905,0.00370136,0
2.2,8.8,0,0.299089,0.00377757,0
2.2,8.9,0,0.299128,0.00385829,0
2.2,9,0,0.299164,0.00394169,0
2.2,9.1,0,0.299199,0.00400694,0
2.2,9.2,0,0.299236,0.00407588,0
2.2,9.3,0,0.299272,0.00414483,0
2.2,9.4,0,0.299303,0.00420595,0
2.2,9.5,0,0.299337,0.00426406,0
2.2,9.6,0,0.299371,0.00432217,0
2.2,9.7,0,0.299399,0.00437904,0
2.2,9.8,0,0.29943,0.00442501,0
2.2,9.9,0,0.299461,0.00447331,0
2.2,10,0,0.29949,0.00452211,0
2.2,10.1,0,0.299517,0.00456111,0
2.2,10.2,0,0.299545,0.00460066,0
2.2,10.3,0,0.299572,0.00464021,0
2.2,10.4,0,0.299595,0.00467481,0
2.2,10.5,0,0.29962,0.00470666,0
2.2,10.6,0,0.299645,0.00473851,0
2.2,10.7,0,0.299666,0.00476972,0
2.2,10.8,0,0.299688,0.00479365,0
2.2,10.9,0,0.29971,0.00481878,0
2.2,11,0,0.299731,0.00484404,0
2.2,11.1,0,0.299749,0.00486379,0
2.2,11.2,0,0.299769,0.0048831,0
2.2,11.3,0,0.299789,0.00490242,0
2.2,11.4,0,0.299805,0.00491906,0
2.2,11.5,0,0.299822,0.00493334,0
2.2,11.6,0,0.299839,0.00494761,0
2.2,11.7,0,0.299855,0.00496194,0
2.2,11.8,0,0.29987,0.00497112,0
2.2,11.9,0,0.299885,0.00498104,0
2.2,12,0,0.299901,0.00499104,0
2.2,12.1,0,0.299913,0.00499788,0
2.2,12.2,0,0.299927,0.005004,0
2.2,12.3,0,0.29994,0.00501011,0
2.2,12.4,0,0.299951,0.00501482,0
2.2,12.5,0,0.299957,0.00501695,0
2.2,12.6,0,0.299963,0.00501911,0
2.2,12.7,0,0.299966,0.00502166,0
2.3,0,0,0.29991,-0.00650889,0
2.3,0.1,0,0.299899,-0.00650163,0
2.3,0.2,0,0.299885,-0.00649616,0
2.3,0.3,0,0.299854,-0.00648507,0
2.3,0.4,0,0.299821,-0.00647034,0
2.3,0.5,0,0.299783,-0.00645717,0
2.3,0.6,0,0.299744,-0.00643258,0
2.3,0.7,0,0.299706,-0.00641015,0
2.3,0.8,0,0.299662,-0.00638298,0
2.3,0.9,0,0.299622,-0.00635238,0
2.3,1,0,0.299578,-0.00632193,0
2.3,1.1,0,0.299537,-0.00628164,0
2.3,1.2,0,0.299496,-0.00624235,0
2.3,1.3,0,0.299451,-0.00619753,0
2.3,1.4,0,0.299409,-0.00614922,0
2.3,1.5,0,0.299363,-0.00609844,0
2.3,1.6,0,0.299321,-0.00604213,0
2.3,1.7,0,0.299279,-0.00598454,0
2.3,1.8,0,0.299231,-0.00592075,0
2.3,1.9,0,0.299188,-0.00585358,0
2.3,2,0,0.299138,-0.00577963,0
2.3,2.1,0,0.299097,-0.00570766,0
2.3,2.2,0,0.299053,-0.00563062,0
2.3,2.3,0,0.299005,-0.00554626,0
2.3,2.4,0,0.298961,-0.00545907,0
2.3,2.5,0,0.298907,-0.00535926,0
2.3,2.6,0,0.298869,-0.00527122,0
2.3,2.7,0,0.298825,-0.00517362,0
2.3,2.8,0,0.298777,-0.0050664,0
2.3,2.9,0,0.298734,-0.00495819,0
2.3,3,0,0.298678,-0.0048319,0
2.3,3.1,0,0.298642,-0.00472499,0
2.3,3.2,0,0.2986,-0.00460606,0
2.3,3.3,0,0.298551,-0.00447352,0
2.3,3.4,0,0.298509,-0.00434393,0
2.3,3.5,0,0.298457,-0.00419519,0
2.3,3.6,0,0.298418,-0.00406361,0
2.3,3.7,0,0.298378,-0.00392367,0
2.3,3.8,0,0.298326,-0.00376567,0
2.3,3.9,0,0.298288,-0.00361603,0
2.3,4,0,0.298254,-0.00345384,0
2.3,4.1,0,0.298198,-0.00329292,0
2.3,4.2,0,0.298163,-0.00313457,0
2.3,4.3,0,0.298111,-0.00295618,0
2.3,4.4,0,0.29808,-0.00279036,0
2.3,4.5,0,0.298084,-0.00262387,0
2.3,4.6,0,0.298005,-0.00243538,0
2.3,4.7,0,0.297979,-0.00226346,0
2.3,4.8,0,0.297942,-0.00207783,0
2.3,4.9,0,0.297925,-0.00192807,0
2.3,5,0,0.297977,-0.0017991,0
2.3,5.1,0,0.297957,-0.00155065,0
2.3,5.2,0,0.297946,-0.00136794,0
2.3,5.3,0,0.297938,-0.00118453,0
2.3,5.4,0,0.297934,-0.00100058,0
2.3,5.5,0,0.297932,-0.000816368,0
2.3,5.6,0,0.297934,-0.000632175,0
2.3,5.7,0,0.297939,-0.000448289,0
2.3,5.8,0,0.297947,-0.000265033,0
2.3,5.9,0,0.297958,-8.26957e-05,0
2.3,6,0,0.297982,0.000201576,0
2.3,6.1,0,0.297934,0.000319584,0
2.3,6.2,0,0.297951,0.000464768,0
2.3,6.3,0,0.297973,0.000612316,0
2.3,6.4,0,0.298017,0.000810126,0
2.3,6.5,0,0.298045,0.000978881,0
2.3,6.6,0,0.298073,0.00114764,0
2.3,6.7,0,0.298131,0.00133491,0
2.3,6.8,0,0.29816,0.00149557,0
2.3,6.9,0,0.298194,0.00165424,0
2.3,7,0,0.298249,0.00181499,0
2.3,7.1,0,0.298286,0.00198025,0
2.3,7.2,0,0.298323,0.00212725,0
2.3,7.3,0,0.29836,0.00227424,0
2.3,7.4,0,0.298414,0.00242826,0
2.3,7.5,0,0.298453,0.00256211,0
2.3,7.6,0,0.298493,0.00269596,0
2.3,7.7,0,0.29854,0.00283022,0
2.3,7.8,0,0.298583,0.00295679,0
2.3,7.9,0,0.298624,0.00307696,0
2.3,8,0,0.298663,0.00319011,0
2.3,8.1,0,0.298714,0.00331173,0
2.3,8.2,0,0.298755,0.00341827,0
2.3,8.3,0,0.298796,0.00352481,0
2.3,8.4,0,0.298843,0.00362851,0
2.3,8.5,0,0.298884,0.00372182,0
2.3,8.6,0,0.298924,0.00381513,0
2.3,8.7,0,0.298967,0.00390525,0
2.3,8.8,0,0.299009,0.00398981,0
2.3,8.9,0,0.299048,0.00407053,0
2.3,9,0,0.299087,0.00414966,0
2.3,9.1,0,0.29913,0.00422443,0
2.3,9.2,0,0.299167,0.00429337,0
2.3,9.3,0,0.299204,0.00436232,0
2.3,9.4,0,0.299245,0.00442789,0
2.3,9.5,0,0.299279,0.004486,0
2.3,9.6,0,0.299313,0.00454411,0
2.3,9.7,0,0.299348,0.00460166,0
2.3,9.8,0,0.299382,0.00465076,0
2.3,9.9,0,0.299413,0.00469906,0
2.3,10,0,0.299444,0.00474782,0
2.3,10.1,0,0.299477,0.00479006,0
2.3,10.2,0,0.299505,0.00482961,0
2.3,10.3,0,0.299533,0.00486916,0
2.3,10.4,0,0.299563,0.00490634,0
2.3,10.5,0,0.299588,0.00493819,0
2.3,10.6,0,0.299613,0.00497003,0
2.3,10.7,0,0.299639,0.00500231,0
2.3,10.8,0,0.299663,0.00502716,0
2.3,10.9,0,0.299685,0.00505229,0
2.3,11,0,0.299707,0.00507778,0
2.3,11.1,0,0.29973,0.00509877,0
2.3,11.2,0,0.29975,0.00511809,0
2.3,11.3,0,0.299769,0.0051374,0
2.3,11.4,0,0.29979,0.00515508,0
2.3,11.5,0,0.299808,0.00516936,0
2.3,11.6,0,0.299825,0.00518364,0
2.3,11.7,0,0.299843,0.00519842,0
2.3,11.8,0,0.29986,0.00520785,0
2.3,11.9,0,0.299875,0.00521777,0
2.3,12,0,0.299891,0.00522783,0
2.3,12.1,0,0.299907,0.00523512,0
2.3,12.2,0,0.299921,0.00524123,0
2.3,12.3,0,0.299934,0.00524735,0
2.3,12.4,0,0.299948,0.00525244,0
2.3,12.5,0,0.299954,0.00525458,0
2.3,12.6,0,0.29996,0.00525674,0
2.3,12.7,0,0.299963,0.00525934,0
2.4,0,0,0.2999,-0.0068247,0
2.4,0.1,0,0.299899,-0.00681387,0
2.4,0.2,0,0.299877,-0.0068101,0
2.4,0.3,0,0.299842,-0.00679822,0
2.4,0.4,0,0.299809,-0.00678059,0
2.4,0.5,0,0.299763,-0.00677052,0
2.4,0.6,0,0.299723,-0.00674162,0
2.4,0.7,0,0.29968,-0.0067204,0
2.4,0.8,0,0.299633,-0.0066927,0
2.4,0.9,0,0.299592,-0.0066601,0
2.4,1,0,0.29954,-0.00662993,0
2.4,1.1,0,0.299498,-0.00658766,0
2.4,1.2,0,0.299452,-0.00654718,0
2.4,1.3,0,0.299403,-0.00650154,0
2.4,1.4,0,0.299362,-0.00645319,0
2.4,1.5,0,0.299305,-0.00639744,0
2.4,1.6,0,0.299265,-0.00634371,0
2.4,1.7,0,0.299215,-0.00628083,0
2.4,1.8,0,0.299164,-0.00621592,0
2.4,1.9,0,0.299123,-0.00615236,0
2.4,2,0,0.299058,-0.00606481,0
2.4,2.1,0,0.299023,-0.00600298,0
2.4,2.2,0,0.298969,-0.00591445,0
2.4,2.3,0,0.298917,-0.0058283,0
2.4,2.4,0,0.298878,-0.00574992,0
2.4,2.5,0,0.298804,-0.00562486,0
2.4,2.6,0,0.298776,-0.00555593,0
2.4,2.7,0,0.298719,-0.00543961,0
2.4,2.8,0,0.298667,-0.00532894,0
2.4,2.9,0,0.298632,-0.00523427,0
2.4,3,0,0.298551,-0.00507185,0
2.4,3.1,0,0.298529,-0.00498896,0
2.4,3.2,0,0.298471,-0.0048467,0
2.4,3.3,0,0.298416,-0.00470754,0
2.4,3.4,0,0.298382,-0.00459135,0
2.4,3.5,0,0.298307,-0.00440431,0
2.4,3.6,0,0.298271,-0.00428946,0
2.4,3.7,0,0.298224,-0.00412934,0
2.4,3.8,0,0.298161,-0.00396077,0
2.4,3.9,0,0.298114,-0.00381547,0
2.4,4,0,0.298088,-0.00362819,0
2.4,4.1,0,0.297991,-0.00346214,0
2.4,4.2,0,0.297978,-0.0032955,0
2.4,4.3,0,0.297911,-0.00310407,0
2.4,4.4,0,0.297836,-0.00292697,0
2.4,4.5,0,0.297912,-0.00275917,0
2.4,4.6,0,0.297726,-0.00253752,0
2.4,4.7,0,0.297764,-0.00237275,0
2.4,4.8,0,0.297714,-0.00216728,0
2.4,4.9,0,0.297614,-0.00198061,0
2.4,5,0,0.297803,-0.00189322,0
2.4,5.1,0,0.297783,-0.00163042,0
2.4,5.2,0,0.297771,-0.00143661,0
2.4,5.3,0,0.297763,-0.00124196,0
2.4,5.4,0,0.297759,-0.00104674,0
2.4,5.5,0,0.297757,-0.000851242,0
2.4,5.6,0,0.297759,-0.000655767,0
2.4,5.7,0,0.297764,-0.00046061,0
2.4,5.8,0,0.297772,-0.000266103,0
2.4,5.9,0,0.297784,-7.26618e-05,0
2.4,6,0,0.297807,0.00022787,0
2.4,6.1,0,0.297649,0.000300044,0
2.4,6.2,0,0.297646,0.00043671,0
2.4,6.3,0,0.2978,0.000663462,0
2.4,6.4,0,0.297811,0.000861322,0
2.4,6.5,0,0.297786,0.00103016,0
2.4,6.6,0,0.297864,0.00121376,0
2.4,6.7,0,0.29796,0.00141271,0
2.4,6.8,0,0.297948,0.00159391,0
2.4,6.9,0,0.297987,0.00175301,0
2.4,7,0,0.298085,0.00191813,0
2.4,7.1,0,0.298115,0.00211034,0
2.4,7.2,0,0.298151,0.00226511,0
2.4,7.3,0,0.298206,0.00240165,0
2.4,7.4,0,0.298263,0.00256771,0
2.4,7.5,0,0.298311,0.00272978,0
2.4,7.6,0,0.298351,0.00285449,0
2.4,7.7,0,0.298399,0.00297933,0
2.4,7.8,0,0.298462,0.00314496,0
2.4,7.9,0,0.298502,0.00326469,0
2.4,8,0,0.298538,0.00335908,0
2.4,8.1,0,0.298602,0.00350382,0
2.4,8.2,0,0.298649,0.00361985,0
2.4,8.3,0,0.298686,0.0037125,0
2.4,8.4,0,0.298737,0.00382041,0
2.4,8.5,0,0.298792,0.00393229,0
2.4,8.6,0,0.298831,0.00402123,0
2.4,8.7,0,0.298871,0.00410546,0
2.4,8.8,0,0.29893,0.00420659,0
2.4,8.9,0,0.298969,0.00428731,0
2.4,9,0,0.299005,0.00436111,0
2.4,9.1,0,0.299058,0.00444246,0
2.4,9.2,0,0.299099,0.00451508,0
2.4,9.3,0,0.299135,0.00458269,0
2.4,9.4,0,0.299178,0.00464896,0
2.4,9.5,0,0.299222,0.00471179,0
2.4,9.6,0,0.299256,0.00477017,0
2.4,9.7,0,0.299291,0.0048282,0
2.4,9.8,0,0.299335,0.00487997,0
2.4,9.9,0,0.299366,0.00492827,0
2.4,10,0,0.299398,0.004979,0
2.4,10.1,0,0.299436,0.00502172,0
2.4,10.2,0,0.299467,0.00506162,0
2.4,10.3,0,0.299495,0.00510301,0
2.4,10.4,0,0.299527,0.00514074,0
2.4,10.5,0,0.299557,0.00517239,0
2.4,10.6,0,0.299583,0.00520494,0
2.4,10.7,0,0.299609,0.00523891,0
2.4,10.8,0,0.299638,0.00526302,0
2.4,10.9,0,0.299661,0.00528813,0
2.4,11,0,0.299684,0.00531579,0
2.4,11.1,0,0.299709,0.00533627,0
2.4,11.2,0,0.299731,0.00535508,0
2.4,11.3,0,0.299752,0.0053757,0
2.4,11.4,0,0.299773,0.00539391,0
2.4,11.5,0,0.299794,0.00540712,0
2.4,11.6,0,0.299812,0.00542176,0
2.4,11.7,0,0.299831,0.00543779,0
2.4,11.8,0,0.29985,0.00544618,0
2.4,11.9,0,0.299866,0.005456,0
2.4,12,0,0.299883,0.00546753,0
2.4,12.1,0,0.299901,0.00547431,0
2.4,12.2,0,0.299916,0.0054798,0
2.4,12.3,0,0.299929,0.0054868,0
2.4,12.4,0,0.299943,0.00549241,0
2.4,12.5,0,0.299955,0.00549382,0
2.4,12.6,0,0.29996,0.00549612,0
2.4,12.7,0,0.29996,0.00549946,0
2.5,0,0,0.29989,-0.00714051,0
2.5,0.1,0,0.299892,-0.00712861,0
2.5,0.2,0,0.299864,-0.00712519,0
2.5,0.3,0,0.299829,-0.0071133,0
2.5,0.4,0,0.299791,-0.00709302,0
2.5,0.5,0,0.299743,-0.00708388,0
2.5,0.6,0,0.299702,-0.00705368,0
2.5,0.7,0,0.299651,-0.00703145,0
2.5,0.8,0,0.299604,-0.00700375,0
2.5,0.9,0,0.299557,-0.00696802,0
2.5,1,0,0.299502,-0.00693794,0
2.5,1.1,0,0.29946,-0.00689507,0
2.5,1.2,0,0.299404,-0.00685122,0
2.5,1.3,0,0.299356,-0.00680557,0
2.5,1.4,0,0.299307,-0.00675368,0
2.5,1.5,0,0.299247,-0.00669644,0
2.5,1.6,0,0.299207,-0.00664349,0
2.5,1.7,0,0.299146,-0.00657359,0
2.5,1.8,0,0.299096,-0.00650869,0
2.5,1.9,0,0.299048,-0.00644162,0
2.5,2,0,0.298979,-0.00635,0
2.5,2.1,0,0.298945,-0.00629122,0
2.5,2.2,0,0.298878,-0.00619061,0
2.5,2.3,0,0.298826,-0.00610446,0
2.5,2.4,0,0.298781,-0.00602309,0
2.5,2.5,0,0.298702,-0.00589047,0
2.5,2.6,0,0.298677,-0.00582727,0
2.5,2.7,0,0.298604,-0.00569311,0
2.5,2.8,0,0.298552,-0.00558244,0
2.5,2.9,0,0.298512,-0.00548506,0
2.5,3,0,0.298423,-0.0053118,0
2.5,3.1,0,0.298406,-0.00523612,0
2.5,3.2,0,0.298332,-0.00507178,0
2.5,3.3,0,0.298277,-0.00493263,0
2.5,3.4,0,0.298238,-0.00481197,0
2.5,3.5,0,0.298157,-0.00461343,0
2.5,3.6,0,0.298122,-0.00450361,0
2.5,3.7,0,0.298065,-0.00432155,0
2.5,3.8,0,0.298002,-0.00415299,0
2.5,3.9,0,0.297946,-0.00399735,0
2.5,4,0,0.297922,-0.00380255,0
2.5,4.1,0,0.297813,-0.00363496,0
2.5,4.2,0,0.297808,-0.00345091,0
2.5,4.3,0,0.297741,-0.00325948,0
2.5,4.4,0,0.297642,-0.00306267,0
2.5,4.5,0,0.29774,-0.00289447,0
2.5,4.6,0,0.297522,-0.00266287,0
2.5,4.7,0,0.29759,-0.00248681,0
2.5,4.8,0,0.29754,-0.00228134,0
2.5,4.9,0,0.297399,-0.00206225,0
2.5,5,0,0.297629,-0.00198734,0
2.5,5.1,0,0.297608,-0.00171019,0
2.5,5.2,0,0.297596,-0.00150528,0
2.5,5.3,0,0.297588,-0.00129938,0
2.5,5.4,0,0.297583,-0.0010929,0
2.5,5.5,0,0.297582,-0.000886116,0
2.5,5.6,0,0.297584,-0.000679358,0
2.5,5.7,0,0.297589,-0.000472931,0
2.5,5.8,0,0.297597,-0.000267172,0
2.5,5.9,0,0.297609,-6.26279e-05,0
2.5,6,0,0.297633,0.000254163,0
2.5,6.1,0,0.297475,0.000326338,0
2.5,6.2,0,0.297431,0.000463031,0
2.5,6.3,0,0.297627,0.000714607,0
2.5,6.4,0,0.297638,0.000912467,0
2.5,6.5,0,0.29757,0.00108714,0
2.5,6.6,0,0.297694,0.00129156,0
2.5,6.7,0,0.29779,0.00149051,0
2.5,6.8,0,0.297768,0.00167677,0
2.5,6.9,0,0.297822,0.00185615,0
2.5,7,0,0.297921,0.00202127,0
2.5,7.1,0,0.297951,0.00221349,0
2.5,7.2,0,0.29799,0.00239625,0
2.5,7.3,0,0.298052,0.00252866,0
2.5,7.4,0,0.298109,0.00269471,0
2.5,7.5,0,0.298165,0.00288042,0
2.5,7.6,0,0.29821,0.0030036,0
2.5,7.7,0,0.298258,0.00312844,0
2.5,7.8,0,0.298325,0.00330106,0
2.5,7.9,0,0.298377,0.00343366,0
2.5,8,0,0.298412,0.00352805,0
2.5,8.1,0,0.298477,0.00367279,0
2.5,8.2,0,0.298541,0.00381286,0
2.5,8.3,0,0.298576,0.00389857,0
2.5,8.4,0,0.298627,0.00400648,0
2.5,8.5,0,0.298692,0.00413172,0
2.5,8.6,0,0.298735,0.00422144,0
2.5,8.7,0,0.298776,0.00430567,0
2.5,8.8,0,0.298837,0.00440865,0
2.5,8.9,0,0.298888,0.004499,0
2.5,9,0,0.298924,0.00457257,0
2.5,9.1,0,0.298976,0.00465392,0
2.5,9.2,0,0.299031,0.00473586,0
2.5,9.3,0,0.299067,0.00480279,0
2.5,9.4,0,0.29911,0.00486906,0
2.5,9.5,0,0.299159,0.00493483,0
2.5,9.6,0,0.299199,0.0049967,0
2.5,9.7,0,0.299235,0.00505473,0
2.5,9.8,0,0.299279,0.00510663,0
2.5,9.9,0,0.29932,0.00515923,0
2.5,10,0,0.299351,0.00521018,0
2.5,10.1,0,0.299389,0.0052529,0
2.5,10.2,0,0.299429,0.00529457,0
2.5,10.3,0,0.299458,0.00533743,0
2.5,10.4,0,0.299489,0.00537516,0
2.5,10.5,0,0.299523,0.00540672,0
2.5,10.6,0,0.299553,0.00544154,0
2.5,10.7,0,0.299579,0.00547552,0
2.5,10.8,0,0.299609,0.00549962,0
2.5,10.9,0,0.299637,0.00552575,0
2.5,11,0,0.299661,0.0055538,0
2.5,11.1,0,0.299686,0.00557428,0
2.5,11.2,0,0.299713,0.00559289,0
2.5,11.3,0,0.299734,0.00561456,0
2.5,11.4,0,0.299756,0.00563278,0
2.5,11.5,0,0.299778,0.00564557,0
2.5,11.6,0,0.299799,0.00566113,0
2.5,11.7,0,0.299818,0.00567717,0
2.5,11.8,0,0.299838,0.00568555,0
2.5,11.9,0,0.299857,0.00569533,0
2.5,12,0,0.299875,0.00570722,0
2.5,12.1,0,0.299893,0.00571401,0
2.5,12.2,0,0.29991,0.00571901,0
2.5,12.3,0,0.299925,0.00572677,0
2.5,12.4,0,0.299938,0.00573239,0
2.5,12.5,0,0.299952,0.00573356,0
2.5,12.6,0,0.299957,0.00573623,0
2.5,12.7,0,0.299957,0.00573957,0
2.6,0,0,0.29988,-0.00745632,0
2.6,0.1,0,0.299872,-0.0074467,0
2.6,0.2,0,0.299851,-0.00744027,0
2.6,0.3,0,0.299816,-0.00742838,0
2.6,0.4,0,0.299771,-0.00741024,0
2.6,0.5,0,0.299723,-0.00739724,0
2.6,0.6,0,0.299677,-0.00736864,0
2.6,0.7,0,0.299623,-0.00734249,0
2.6,0.8,0,0.299576,-0.00731479,0
2.6,0.9,0,0.29952,-0.00727869,0
2.6,1,0,0.299464,-0.00724594,0
2.6,1.1,0,0.299415,-0.00720149,0
2.6,1.2,0,0.299357,-0.00715526,0
2.6,1.3,0,0.299308,-0.00710961,0
2.6,1.4,0,0.299249,-0.00705274,0
2.6,1.5,0,0.299189,-0.00699544,0
2.6,1.6,0,0.29914,-0.00693544,0
2.6,1.7,0,0.299078,-0.00686636,0
2.6,1.8,0,0.299027,-0.00680145,0
2.6,1.9,0,0.298966,-0.00672201,0
2.6,2,0,0.298899,-0.00663519,0
2.6,2.1,0,0.298852,-0.00656107,0
2.6,2.2,0,0.298787,-0.00646677,0
2.6,2.3,0,0.298735,-0.00638062,0
2.6,2.4,0,0.298672,-0.00627695,0
2.6,2.5,0,0.298599,-0.00615607,0
2.6,2.6,0,0.298556,-0.0060679,0
2.6,2.7,0,0.298489,-0.00594662,0
2.6,2.8,0,0.298437,-0.00583595,0
2.6,2.9,0,0.298375,-0.00570694,0
2.6,3,0,0.298296,-0.00555174,0
2.6,3.1,0,0.298258,-0.00544495,0
2.6,3.2,0,0.298193,-0.00529687,0
2.6,3.3,0,0.298138,-0.00515771,0
2.6,3.4,0,0.29808,-0.00500322,0
2.6,3.5,0,0.298008,-0.00482255,0
2.6,3.6,0,0.297963,-0.00468582,0
2.6,3.7,0,0.297906,-0.00451376,0
2.6,3.8,0,0.297843,-0.0043452,0
2.6,3.9,0,0.297792,-0.00416592,0
2.6,4,0,0.297757,-0.00397691,0
2.6,4.1,0,0.297677,-0.00379826,0
2.6,4.2,0,0.297638,-0.00360632,0
2.6,4.3,0,0.297571,-0.00341489,0
2.6,4.4,0,0.297529,-0.003213,0
2.6,4.5,0,0.297568,-0.00302977,0
2.6,4.6,0,0.297434,-0.0028077,0
2.6,4.7,0,0.297417,-0.00260087,0
2.6,4.8,0,0.297367,-0.0023954,0
2.6,4.9,0,0.297335,-0.00220558,0
2.6,5,0,0.297454,-0.00208145,0
2.6,5.1,0,0.297433,-0.00178996,0
2.6,5.2,0,0.297421,-0.00157395,0
2.6,5.3,0,0.297413,-0.00135681,0
2.6,5.4,0,0.297408,-0.00113905,0
2.6,5.5,0,0.297407,-0.00092099,0
2.6,5.6,0,0.297409,-0.00070295,0
2.6,5.7,0,0.297414,-0.000485252,0
2.6,5.8,0,0.297423,-0.000268242,0
2.6,5.9,0,0.297435,-5.25941e-05,0
2.6,6,0,0.297459,0.000280457,0
2.6,6.1,0,0.297346,0.000379821,0
2.6,6.2,0,0.297365,0.000558387,0
2.6,6.3,0,0.297454,0.000765752,0
2.6,6.4,0,0.297465,0.000963612,0
2.6,6.5,0,0.297486,0.00116481,0
2.6,6.6,0,0.297523,0.00136936,0
2.6,6.7,0,0.29762,0.00156831,0
2.6,6.8,0,0.297633,0.00175816,0
2.6,6.9,0,0.297675,0.00195087,0
2.6,7,0,0.297757,0.00212442,0
2.6,7.1,0,0.297792,0.00231363,0
2.6,7.2,0,0.297843,0.00249268,0
2.6,7.3,0,0.297898,0.00265566,0
2.6,7.4,0,0.297955,0.00282171,0
2.6,7.5,0,0.298012,0.00298886,0
2.6,7.6,0,0.29807,0.00315241,0
2.6,7.7,0,0.298118,0.00327756,0
2.6,7.8,0,0.298181,0.00343714,0
2.6,7.9,0,0.298242,0.00358398,0
2.6,8,0,0.298286,0.00369701,0
2.6,8.1,0,0.29835,0.00383852,0
2.6,8.2,0,0.298412,0.00396803,0
2.6,8.3,0,0.298466,0.00408465,0
2.6,8.4,0,0.298517,0.00419256,0
2.6,8.5,0,0.298578,0.00430753,0
2.6,8.6,0,0.298639,0.00441983,0
2.6,8.7,0,0.298681,0.00450587,0
2.6,8.8,0,0.29874,0.0046056,0
2.6,8.9,0,0.298798,0.00470143,0
2.6,9,0,0.298843,0.00478402,0
2.6,9.1,0,0.298895,0.00486514,0
2.6,9.2,0,0.298949,0.0049457,0
2.6,9.3,0,0.298999,0.00502289,0
2.6,9.4,0,0.299041,0.00508916,0
2.6,9.5,0,0.299091,0.00515567,0
2.6,9.6,0,0.29914,0.00522243,0
2.6,9.7,0,0.299178,0.00528126,0
2.6,9.8,0,0.299222,0.00533423,0
2.6,9.9,0,0.299267,0.00538877,0
2.6,10,0,0.299305,0.00544136,0
2.6,10.1,0,0.299343,0.00548426,0
2.6,10.2,0,0.299383,0.00552816,0
2.6,10.3,0,0.299421,0.00557185,0
2.6,10.4,0,0.299452,0.00560959,0
2.6,10.5,0,0.299487,0.00564342,0
2.6,10.6,0,0.299522,0.00567819,0
2.6,10.7,0,0.29955,0.00571212,0
2.6,10.8,0,0.29958,0.00573726,0
2.6,10.9,0,0.299611,0.00576428,0
2.6,11,0,0.299638,0.00579181,0
2.6,11.1,0,0.299663,0.0058123,0
2.6,11.2,0,0.299691,0.00583277,0
2.6,11.3,0,0.299717,0.00585343,0
2.6,11.4,0,0.299739,0.00587164,0
2.6,11.5,0,0.299762,0.00588585,0
2.6,11.6,0,0.299786,0.00590081,0
2.6,11.7,0,0.299806,0.00591654,0
2.6,11.8,0,0.299826,0.00592553,0
2.6,11.9,0,0.299847,0.00593588,0
2.6,12,0,0.299867,0.00594692,0
2.6,12.1,0,0.299884,0.0059537,0
2.6,12.2,0,0.299902,0.00596011,0
2.6,12.3,0,0.29992,0.00596674,0
2.6,12.4,0,0.299933,0.00597236,0
2.6,12.5,0,0.299944,0.00597425,0
2.6,12.6,0,0.299952,0.0059766,0
2.6,12.7,0,0.299953,0.00597969,0
2.7,0,0,0.29987,-0.00777213,0
2.7,0.1,0,0.29985,-0.00776535,0
2.7,0.2,0,0.29983,-0.00775857,0
2.7,0.3,0,0.299797,-0.00774626,0
2.7,0.4,0,0.29975,-0.00772843,0
2.7,0.5,0,0.299704,-0.00771059,0
2.7,0.6,0,0.299649,-0.00768401,0
2.7,0.7,0,0.299595,-0.00765743,0
2.7,0.8,0,0.29954,-0.0076261,0
2.7,0.9,0,0.299483,-0.00759002,0
2.7,1,0,0.299426,-0.00755395,0
2.7,1.1,0,0.299368,-0.00750752,0
2.7,1.2,0,0.299309,-0.00746108,0
2.7,1.3,0,0.29925,-0.00740918,0
2.7,1.4,0,0.299191,-0.00735182,0
2.7,1.5,0,0.299131,-0.00729445,0
2.7,1.6,0,0.299069,-0.00722563,0
2.7,1.7,0,0.299008,-0.00715681,0
2.7,1.8,0,0.298946,-0.00708199,0
2.7,1.9,0,0.298883,-0.00700119,0
2.7,2,0,0.29882,-0.00692038,0
2.7,2.1,0,0.298755,-0.00682709,0
2.7,2.2,0,0.298691,-0.0067338,0
2.7,2.3,0,0.298626,-0.00663406,0
2.7,2.4,0,0.298561,-0.00652786,0
2.7,2.5,0,0.298496,-0.00642167,0
2.7,2.6,0,0.298431,-0.00630229,0
2.7,2.7,0,0.298365,-0.00618292,0
2.7,2.8,0,0.2983,-0.00605692,0
2.7,2.9,0,0.298234,-0.00592431,0
2.7,3,0,0.298169,-0.00579169,0
2.7,3.1,0,0.298105,-0.00564601,0
2.7,3.2,0,0.298042,-0.00550033,0
2.7,3.3,0,0.297979,-0.00534833,0
2.7,3.4,0,0.297919,-0.00519,0
2.7,3.5,0,0.297858,-0.00503168,0
2.7,3.6,0,0.297801,-0.0048613,0
2.7,3.7,0,0.297745,-0.00469092,0
2.7,3.8,0,0.297692,-0.00451483,0
2.7,3.9,0,0.297641,-0.00433305,0
2.7,4,0,0.297591,-0.00415126,0
2.7,4.1,0,0.297548,-0.0039588,0
2.7,4.2,0,0.297505,-0.00376635,0
2.7,4.3,0,0.297466,-0.00356911,0
2.7,4.4,0,0.297431,-0.00336709,0
2.7,4.5,0,0.297395,-0.00316506,0
2.7,4.6,0,0.297367,-0.00295492,0
2.7,4.7,0,0.297339,-0.00274478,0
2.7,4.8,0,0.297316,-0.00254688,0
2.7,4.9,0,0.297298,-0.00236122,0
2.7,5,0,0.29728,-0.00217557,0
2.7,5.1,0,0.297259,-0.00186974,0
2.7,5.2,0,0.297246,-0.00164262,0
2.7,5.3,0,0.297238,-0.00141423,0
2.7,5.4,0,0.297233,-0.00118521,0
2.7,5.5,0,0.297231,-0.000955864,0
2.7,5.6,0,0.297234,-0.000726542,0
2.7,5.7,0,0.297239,-0.000497573,0
2.7,5.8,0,0.297248,-0.000269311,0
2.7,5.9,0,0.29726,-4.25602e-05,0
2.7,6,0,0.297285,0.000306751,0
2.7,6.1,0,0.297304,0.000485317,0
2.7,6.2,0,0.297323,0.000663884,0
2.7,6.3,0,0.297342,0.00084245,0
2.7,6.4,0,0.29737,0.00103791,0
2.7,6.5,0,0.297402,0.00124248,0
2.7,6.6,0,0.297434,0.00144704,0
2.7,6.7,0,0.297469,0.00164805,0
2.7,6.8,0,0.297511,0.00184076,0
2.7,6.9,0,0.297553,0.00203347,0
2.7,7,0,0.297595,0.00222618,0
2.7,7.1,0,0.297646,0.00240591,0
2.7,7.2,0,0.297697,0.00258496,0
2.7,7.3,0,0.297748,0.002764,0
2.7,7.4,0,0.297803,0.00293375,0
2.7,7.5,0,0.29786,0.0030973,0
2.7,7.6,0,0.297917,0.00326085,0
2.7,7.7,0,0.297976,0.00342023,0
2.7,7.8,0,0.298037,0.00356706,0
2.7,7.9,0,0.298097,0.0037139,0
2.7,8,0,0.298158,0.00386074,0
2.7,8.1,0,0.29822,0.00399198,0
2.7,8.2,0,0.298282,0.0041215,0
2.7,8.3,0,0.298343,0.00425101,0
2.7,8.4,0,0.298404,0.00437105,0
2.7,8.5,0,0.298465,0.00448335,0
2.7,8.6,0,0.298525,0.00459565,0
2.7,8.7,0,0.298585,0.00470465,0
2.7,8.8,0,0.298643,0.00480048,0
2.7,8.9,0,0.298701,0.0048963,0
2.7,9,0,0.298758,0.00499213,0
2.7,9.1,0,0.298813,0.00507498,0
2.7,9.2,0,0.298867,0.00515554,0
2.7,9.3,0,0.298921,0.00523609,0
2.7,9.4,0,0.298973,0.00530975,0
2.7,9.5,0,0.299022,0.00537651,0
2.7,9.6,0,0.299072,0.00544327,0
2.7,9.7,0,0.299121,0.00550819,0
2.7,9.8,0,0.299166,0.00556273,0
2.7,9.9,0,0.299211,0.00561728,0
2.7,10,0,0.299256,0.00567182,0
2.7,10.1,0,0.299297,0.00571785,0
2.7,10.2,0,0.299337,0.00576176,0
2.7,10.3,0,0.299377,0.00580566,0
2.7,10.4,0,0.299415,0.00584546,0
2.7,10.5,0,0.29945,0.00588024,0
2.7,10.6,0,0.299485,0.00591502,0
2.7,10.7,0,0.29952,0.00594902,0
2.7,10.8,0,0.299551,0.00597604,0
2.7,10.9,0,0.299582,0.00600305,0
2.7,11,0,0.299613,0.00603007,0
2.7,11.1,0,0.299641,0.00605218,0
2.7,11.2,0,0.299669,0.00607265,0
2.7,11.3,0,0.299696,0.00609311,0
2.7,11.4,0,0.299722,0.00611138,0
2.7,11.5,0,0.299746,0.00612633,0
2.7,11.6,0,0.29977,0.00614128,0
2.7,11.7,0,0.299794,0.00615601,0
2.7,11.8,0,0.299815,0.00616636,0
2.7,11.9,0,0.299836,0.00617672,0
2.7,12,0,0.299857,0.00618707,0
2.7,12.1,0,0.299876,0.00619472,0
2.7,12.2,0,0.299894,0.00620121,0
2.7,12.3,0,0.299912,0.0062077,0
2.7,12.4,0,0.299926,0.00621275,0
2.7,12.5,0,0.299934,0.0062151,0
2.7,12.6,0,0.299942,0.00621745,0
2.7,12.7,0,0.29995,0.00621981,0
2.8,0,0,0.299858,-0.00810523,0
2.8,0.1,0,0.299851,-0.00809155,0
2.8,0.2,0,0.299829,-0.00808539,0
2.8,0.3,0,0.299782,-0.00807015,0
2.8,0.4,0,0.299736,-0.00805136,0
2.8,0.5,0,0.29968,-0.00804161,0
2.8,0.6,0,0.299624,-0.00800435,0
2.8,0.7,0,0.299569,-0.00797867,0
2.8,0.8,0,0.299504,-0.00794425,0
2.8,0.9,0,0.299447,-0.00790693,0
2.8,1,0,0.299383,-0.00788121,0
2.8,1.1,0,0.299322,-0.00781948,0
2.8,1.2,0,0.299262,-0.00777431,0
2.8,1.3,0,0.299193,-0.00771641,0
2.8,1.4,0,0.299133,-0.00765711,0
2.8,1.5,0,0.299064,-0.00761578,0
2.8,1.6,0,0.299,-0.00752232,0
2.8,1.7,0,0.298938,-0.00745556,0
2.8,1.8,0,0.298864,-0.00737111,0
2.8,1.9,0,0.298801,-0.00728718,0
2.8,2,0,0.298728,-0.00723272,0
2.8,2.1,0,0.29866,-0.00710019,0
2.8,2.2,0,0.298594,-0.00701022,0
2.8,2.3,0,0.298517,-0.00689706,0
2.8,2.4,0,0.298451,-0.00678605,0
2.8,2.5,0,0.298376,-0.00672066,0
2.8,2.6,0,0.298305,-0.00654406,0
2.8,2.7,0,0.298239,-0.00642951,0
2.8,2.8,0,0.29816,-0.00628816,0
2.8,2.9,0,0.298094,-0.00614901,0
2.8,3,0,0.298021,-0.00607071,0
2.8,3.1,0,0.297951,-0.00585424,0
2.8,3.2,0,0.297887,-0.00571428,0
2.8,3.3,0,0.297816,-0.00554917,0
2.8,3.4,0,0.297756,-0.00538366,0
2.8,3.5,0,0.297679,-0.00528049,0
2.8,3.6,0,0.297637,-0.0050433,0
2.8,3.7,0,0.297578,-0.00487759,0
2.8,3.8,0,0.297533,-0.00469366,0
2.8,3.9,0,0.297487,-0.00450632,0
2.8,4,0,0.297377,-0.00435657,0
2.8,4.1,0,0.297415,-0.00412505,0
2.8,4.2,0,0.297362,-0.00393386,0
2.8,4.3,0,0.29735,-0.00373011,0
2.8,4.4,0,0.297328,-0.0035261,0
2.8,4.5,0,0.297144,-0.00331516,0
2.8,4.6,0,0.297297,-0.00310624,0
2.8,4.7,0,0.297249,-0.00289291,0
2.8,4.8,0,0.29725,-0.00267072,0
2.8,4.9,0,0.297254,-0.00248555,0
2.8,5,0,0.297002,-0.0022692,0
2.8,5.1,0,0.296976,-0.00194808,0
2.8,5.2,0,0.296962,-0.00171026,0
2.8,5.3,0,0.296952,-0.00147114,0
2.8,5.4,0,0.296945,-0.0012313,0
2.8,5.5,0,0.296943,-0.000991093,0
2.8,5.6,0,0.296946,-0.000750921,0
2.8,5.7,0,0.296952,-0.000511173,0
2.8,5.8,0,0.296963,-0.000272257,0
2.8,5.9,0,0.296978,-3.48757e-05,0
2.8,6,0,0.297009,0.00033202,0
2.8,6.1,0,0.29725,0.000543821,0
2.8,6.2,0,0.297269,0.000722388,0
2.8,6.3,0,0.297179,0.000901456,0
2.8,6.4,0,0.297257,0.00112051,0
2.8,6.5,0,0.297311,0.00132843,0
2.8,6.6,0,0.297334,0.00153382,0
2.8,6.7,0,0.297275,0.00174469,0
2.8,6.8,0,0.297381,0.00193272,0
2.8,6.9,0,0.297423,0.00212543,0
2.8,7,0,0.297387,0.00235815,0
2.8,7.1,0,0.297493,0.00250918,0
2.8,7.2,0,0.297544,0.00268822,0
2.8,7.3,0,0.297578,0.00289532,0
2.8,7.4,0,0.29764,0.00306269,0
2.8,7.5,0,0.297704,0.00321783,0
2.8,7.6,0,0.297762,0.00338138,0
2.8,7.7,0,0.297815,0.00359217,0
2.8,7.8,0,0.29789,0.00370978,0
2.8,7.9,0,0.297951,0.00385662,0
2.8,8,0,0.29801,0.00405665,0
2.8,8.1,0,0.29809,0.00415844,0
2.8,8.2,0,0.298151,0.00428795,0
2.8,8.3,0,0.298214,0.0044376,0
2.8,8.4,0,0.298288,0.00456706,0
2.8,8.5,0,0.298353,0.00467181,0
2.8,8.6,0,0.298413,0.00478411,0
2.8,8.7,0,0.298479,0.00492639,0
2.8,8.8,0,0.298548,0.00500724,0
2.8,8.9,0,0.298606,0.00510306,0
2.8,9,0,0.298666,0.00522108,0
2.8,9.1,0,0.298734,0.00529567,0
2.8,9.2,0,0.298788,0.00537623,0
2.8,9.3,0,0.298843,0.00546305,0
2.8,9.4,0,0.298904,0.00554332,0
2.8,9.5,0,0.298957,0.00560704,0
2.8,9.6,0,0.299007,0.0056738,0
2.8,9.7,0,0.299061,0.00575021,0
2.8,9.8,0,0.299113,0.00579974,0
2.8,9.9,0,0.299158,0.00585428,0
2.8,10,0,0.299205,0.00591498,0
2.8,10.1,0,0.299255,0.00595878,0
2.8,10.2,0,0.299295,0.00600269,0
2.8,10.3,0,0.299335,0.00604805,0
2.8,10.4,0,0.299379,0.0060899,0
2.8,10.5,0,0.299417,0.00612332,0
2.8,10.6,0,0.299453,0.0061581,0
2.8,10.7,0,0.29949,0.00619547,0
2.8,10.8,0,0.299526,0.0062201,0
2.8,10.9,0,0.299557,0.00624712,0
2.8,11,0,0.299589,0.00627584,0
2.8,11.1,0,0.299622,0.00629652,0
2.8,11.2,0,0.299649,0.00631699,0
2.8,11.3,0,0.299677,0.00633781,0
2.8,11.4,0,0.299706,0.0063565,0
2.8,11.5,0,0.299732,0.00637056,0
2.8,11.6,0,0.299756,0.00638551,0
2.8,11.7,0,0.299781,0.00640153,0
2.8,11.8,0,0.299805,0.0064103,0
2.8,11.9,0,0.299827,0.00642065,0
2.8,12,0,0.299849,0.00643177,0
2.8,12.1,0,0.299871,0.00643857,0
2.8,12.2,0,0.299889,0.00644497,0
2.8,12.3,0,0.299907,0.00645163,0
2.8,12.4,0,0.299925,0.00645747,0
2.8,12.5,0,0.299937,0.00645945,0
2.8,12.6,0,0.299944,0.00646181,0
2.8,12.7,0,0.299946,0.00646485,0
2.9,0,0,0.299846,-0.00843832,0
2.9,0.1,0,0.299848,-0.00841912,0
2.9,0.2,0,0.299813,-0.00841783,0
2.9,0.3,0,0.299767,-0.00840259,0
2.9,0.4,0,0.29972,-0.00837591,0
2.9,0.5,0,0.299657,-0.00837264,0
2.9,0.6,0,0.299599,-0.00832683,0
2.9,0.7,0,0.299536,-0.008308,0
2.9,0.8,0,0.299472,-0.00827358,0
2.9,0.9,0,0.29941,-0.00822591,0
2.9,1,0,0.299339,-0.00820846,0
2.9,1.1,0,0.299276,-0.0081345,0
2.9,1.2,0,0.299208,-0.00809894,0
2.9,1.3,0,0.299138,-0.00804103,0
2.9,1.4,0,0.299074,-0.0079656,0
2.9,1.5,0,0.298998,-0.00793712,0
2.9,1.6,0,0.298931,-0.00782395,0
2.9,1.7,0,0.298859,-0.00777284,0
2.9,1.8,0,0.298785,-0.00768839,0
2.9,1.9,0,0.298717,-0.00757843,0
2.9,2,0,0.298636,-0.00754506,0
2.9,2.1,0,0.298565,-0.00738113,0
2.9,2.2,0,0.298489,-0.00731654,0
2.9,2.3,0,0.298411,-0.00720338,0
2.9,2.4,0,0.298339,-0.0070524,0
2.9,2.5,0,0.298257,-0.00701965,0
2.9,2.6,0,0.298181,-0.00679727,0
2.9,2.7,0,0.298105,-0.00671954,0
2.9,2.8,0,0.298026,-0.00657819,0
2.9,2.9,0,0.297952,-0.00638458,0
2.9,3,0,0.297872,-0.00634972,0
2.9,3.1,0,0.297799,-0.00607662,0
2.9,3.2,0,0.297723,-0.00597973,0
2.9,3.3,0,0.297653,-0.00581461,0
2.9,3.4,0,0.297589,-0.00558835,0
2.9,3.5,0,0.2975,-0.00552931,0
2.9,3.6,0,0.29747,-0.00523866,0
2.9,3.7,0,0.297382,-0.00510636,0
2.9,3.8,0,0.297337,-0.00492243,0
2.9,3.9,0,0.29732,-0.00468601,0
2.9,4,0,0.297164,-0.00456188,0
2.9,4.1,0,0.297266,-0.00429911,0
2.9,4.2,0,0.297129,-0.00411274,0
2.9,4.3,0,0.297117,-0.003909,0
2.9,4.4,0,0.297195,-0.00368334,0
2.9,4.5,0,0.296892,-0.00346525,0
2.9,4.6,0,0.29719,-0.00325731,0
2.9,4.7,0,0.296982,-0.00301237,0
2.9,4.8,0,0.296983,-0.00279018,0
2.9,4.9,0,0.297164,-0.00260374,0
2.9,5,0,0.296724,-0.00236284,0
2.9,5.1,0,0.296694,-0.00202642,0
2.9,5.2,0,0.296677,-0.00177789,0
2.9,5.3,0,0.296665,-0.00152805,0
2.9,5.4,0,0.296658,-0.00127739,0
2.9,5.5,0,0.296655,-0.00102632,0
2.9,5.6,0,0.296658,-0.000775301,0
2.9,5.7,0,0.296666,-0.000524773,0
2.9,5.8,0,0.296678,-0.000275203,0
2.9,5.9,0,0.296696,-2.71912e-05,0
2.9,6,0,0.296732,0.00035729,0
2.9,6.1,0,0.29705,0.000580499,0
2.9,6.2,0,0.297177,0.000781068,0
2.9,6.3,0,0.296917,0.000960908,0
2.9,6.4,0,0.296996,0.00117996,0
2.9,6.5,0,0.297219,0.00141439,0
2.9,6.6,0,0.297096,0.00163362,0
2.9,6.7,0,0.297037,0.00184449,0
2.9,6.8,0,0.297224,0.00202666,0
2.9,6.9,0,0.297244,0.00224267,0
2.9,7,0,0.297174,0.002493,0
2.9,7.1,0,0.297297,0.00263531,0
2.9,7.2,0,0.297388,0.00279873,0
2.9,7.3,0,0.297388,0.00305921,0
2.9,7.4,0,0.29745,0.00322658,0
2.9,7.5,0,0.297549,0.00333835,0
2.9,7.6,0,0.297593,0.00356761,0
2.9,7.7,0,0.297646,0.0037789,0
2.9,7.8,0,0.297737,0.00386662,0
2.9,7.9,0,0.297804,0.00403144,0
2.9,8,0,0.297863,0.00426082,0
2.9,8.1,0,0.297946,0.00435473,0
2.9,8.2,0,0.298021,0.00445707,0
2.9,8.3,0,0.298086,0.00465495,0
2.9,8.4,0,0.29816,0.00478441,0
2.9,8.5,0,0.29824,0.00486027,0
2.9,8.6,0,0.298303,0.00500846,0
2.9,8.7,0,0.29837,0.00515364,0
2.9,8.8,0,0.298448,0.00522194,0
2.9,8.9,0,0.298512,0.00532247,0
2.9,9,0,0.298573,0.00545563,0
2.9,9.1,0,0.298644,0.00552826,0
2.9,9.2,0,0.298709,0.00559692,0
2.9,9.3,0,0.298766,0.00570282,0
2.9,9.4,0,0.298828,0.00578309,0
2.9,9.5,0,0.298893,0.00583757,0
2.9,9.6,0,0.298944,0.00591528,0
2.9,9.7,0,0.298998,0.0059935,0
2.9,9.8,0,0.299056,0.0060396,0
2.9,9.9,0,0.299106,0.00609455,0
2.9,10,0,0.299155,0.00616041,0
2.9,10.1,0,0.299205,0.00620387,0
2.9,10.2,0,0.299253,0.00624362,0
2.9,10.3,0,0.299296,0.00629456,0
2.9,10.4,0,0.299339,0.00633641,0
2.9,10.5,0,0.299384,0.00636658,0
2.9,10.6,0,0.299421,0.00640414,0
2.9,10.7,0,0.299459,0.00644229,0
2.9,10.8,0,0.299498,0.00646561,0
2.9,10.9,0,0.299532,0.00649201,0
2.9,11,0,0.299566,0.00652248,0
2.9,11.1,0,0.299599,0.00654314,0
2.9,11.2,0,0.29963,0.00656133,0
2.9,11.3,0,0.299659,0.00658398,0
2.9,11.4,0,0.299689,0.00660268,0
2.9,11.5,0,0.299717,0.00661501,0
2.9,11.6,0,0.299743,0.00663076,0
2.9,11.7,0,0.299769,0.00664717,0
2.9,11.8,0,0.299794,0.00665524,0
2.9,11.9,0,0.299818,0.00666491,0
2.9,12,0,0.299841,0.00667699,0
2.9,12.1,0,0.299863,0.00668378,0
2.9,12.2,0,0.299885,0.00668873,0
2.9,12.3,0,0.299902,0.00669668,0
2.9,12.4,0,0.29992,0.00670252,0
2.9,12.5,0,0.299938,0.00670394,0
2.9,12.6,0,0.299943,0.00670662,0
2.9,12.7,0,0.299943,0.0067099,0
3,0,0,0.299834,-0.00877141,0
3,0.1,0,0.299832,-0.00875408,0
3,0.2,0,0.299798,-0.00875027,0
3,0.3,0,0.299752,-0.00873503,0
3,0.4,0,0.299697,-0.00870979,0
3,0.5,0,0.299634,-0.00870366,0
3,0.6,0,0.299574,-0.00866055,0
3,0.7,0,0.299504,-0.00863734,0
3,0.8,0,0.299439,-0.00860292,0
3,0.9,0,0.299368,-0.00855689,0
3,1,0,0.299296,-0.00853572,0
3,1.1,0,0.29923,-0.00846555,0
3,1.2,0,0.299153,-0.00842356,0
3,1.3,0,0.299084,-0.00836566,0
3,1.4,0,0.299008,-0.00829274,0
3,1.5,0,0.298931,-0.00825845,0
3,1.6,0,0.298862,-0.00815146,0
3,1.7,0,0.29878,-0.00809013,0
3,1.8,0,0.298706,-0.00800568,0
3,1.9,0,0.298626,-0.00790016,0
3,2,0,0.298544,-0.0078574,0
3,2.1,0,0.29847,-0.00770343,0
3,2.2,0,0.298383,-0.00762286,0
3,2.3,0,0.298306,-0.0075097,0
3,2.4,0,0.298221,-0.00736583,0
3,2.5,0,0.298137,-0.00731864,0
3,2.6,0,0.298059,-0.00711074,0
3,2.7,0,0.297971,-0.00700957,0
3,2.8,0,0.297892,-0.00686823,0
3,2.9,0,0.297806,-0.0066832,0
3,3,0,0.297724,-0.00662874,0
3,3.1,0,0.297647,-0.00637281,0
3,3.2,0,0.29756,-0.00624518,0
3,3.3,0,0.29749,-0.00608006,0
3,3.4,0,0.29741,-0.00585871,0
3,3.5,0,0.297321,-0.00577813,0
3,3.6,0,0.297282,-0.0055015,0
3,3.7,0,0.297187,-0.00533512,0
3,3.8,0,0.297142,-0.00515119,0
3,3.9,0,0.297094,-0.00490796,0
3,4,0,0.29695,-0.00476719,0
3,4.1,0,0.297022,-0.00450821,0
3,4.2,0,0.296896,-0.00429163,0
3,4.3,0,0.296884,-0.00408788,0
3,4.4,0,0.296905,-0.00383939,0
3,4.5,0,0.296641,-0.00361534,0
3,4.6,0,0.29688,-0.00339785,0
3,4.7,0,0.296715,-0.00313184,0
3,4.8,0,0.296715,-0.00290964,0
3,4.9,0,0.296819,-0.00269591,0
3,5,0,0.296447,-0.00245648,0
3,5.1,0,0.296411,-0.00210477,0
3,5.2,0,0.296392,-0.00184552,0
3,5.3,0,0.296378,-0.00158497,0
3,5.4,0,0.29637,-0.00132348,0
3,5.5,0,0.296367,-0.00106155,0
3,5.6,0,0.29637,-0.000799681,0
3,5.7,0,0.296379,-0.000538372,0
3,5.8,0,0.296394,-0.000278149,0
3,5.9,0,0.296414,-1.95067e-05,0
3,6,0,0.296456,0.000382559,0
3,6.1,0,0.296774,0.000605769,0
3,6.2,0,0.296846,0.000830103,0
3,6.3,0,0.296656,0.00102036,0
3,6.4,0,0.296734,0.00123941,0
3,6.5,0,0.29689,0.0014895,0
3,6.6,0,0.296858,0.00173343,0
3,6.7,0,0.296799,0.00194429,0
3,6.8,0,0.296966,0.00213703,0
3,6.9,0,0.297031,0.00237752,0
3,7,0,0.296961,0.00262785,0
3,7.1,0,0.297084,0.00277016,0
3,7.2,0,0.297174,0.00297464,0
3,7.3,0,0.297198,0.0032231,0
3,7.4,0,0.29726,0.00339047,0
3,7.5,0,0.297356,0.00353875,0
3,7.6,0,0.297425,0.00375433,0
3,7.7,0,0.297478,0.00396562,0
3,7.8,0,0.297568,0.00406435,0
3,7.9,0,0.297656,0.00423561,0
3,8,0,0.297715,0.00446499,0
3,8.1,0,0.297798,0.00455889,0
3,8.2,0,0.297885,0.0046913,0
3,8.3,0,0.297957,0.0048723,0
3,8.4,0,0.298031,0.00500176,0
3,8.5,0,0.298115,0.00509783,0
3,8.6,0,0.298194,0.0052357,0
3,8.7,0,0.29826,0.00538088,0
3,8.8,0,0.298338,0.0054523,0
3,8.9,0,0.298419,0.00555794,0
3,9,0,0.298481,0.00569018,0
3,9.1,0,0.298551,0.00576281,0
3,9.2,0,0.298626,0.00584355,0
3,9.3,0,0.29869,0.0059426,0
3,9.4,0,0.298751,0.00602286,0
3,9.5,0,0.298818,0.00608378,0
3,9.6,0,0.298882,0.00615857,0
3,9.7,0,0.298936,0.00623679,0
3,9.8,0,0.298994,0.00628326,0
3,9.9,0,0.299055,0.00634068,0
3,10,0,0.299104,0.00640584,0
3,10.1,0,0.299155,0.00644931,0
3,10.2,0,0.299208,0.00649229,0
3,10.3,0,0.299256,0.00654107,0
3,10.4,0,0.2993,0.00658292,0
3,10.5,0,0.299345,0.00661477,0
3,10.6,0,0.29939,0.00665096,0
3,10.7,0,0.299428,0.00668912,0
3,10.8,0,0.299467,0.00671243,0
3,10.9,0,0.299508,0.00673914,0
3,11,0,0.299542,0.00676911,0
3,11.1,0,0.299575,0.00678977,0
3,11.2,0,0.299609,0.00680872,0
3,11.3,0,0.299642,0.00683016,0
3,11.4,0,0.299671,0.00684885,0
3,11.5,0,0.299701,0.00686172,0
3,11.6,0,0.299731,0.0068764,0
3,11.7,0,0.299757,0.00689281,0
3,11.8,0,0.299782,0.00690088,0
3,11.9,0,0.299809,0.00691055,0
3,12,0,0.299833,0.0069222,0
3,12.1,0,0.299855,0.006929,0
3,12.2,0,0.299877,0.00693455,0
3,12.3,0,0.299897,0.00694173,0
3,12.4,0,0.299915,0.00694757,0
3,12.5,0,0.299931,0.00694921,0
3,12.6,0,0.299939,0.00695167,0
3,12.7,0,0.299939,0.00695495,0
3.1,0,0,0.299822,-0.0091045,0
3.1,0.1,0,0.299804,-0.00909342,0
3.1,0.2,0,0.299778,-0.00908547,0
3.1,0.3,0,0.299733,-0.00907071,0
3.1,0.4,0,0.299672,-0.00905032,0
3.1,0.5,0,0.299611,-0.00903468,0
3.1,0.6,0,0.299543,-0.00900057,0
3.1,0.7,0,0.299472,-0.00897095,0
3.1,0.8,0,0.299403,-0.0089364,0
3.1,0.9,0,0.299327,-0.00889658,0
3.1,1,0,0.299252,-0.00886298,0
3.1,1.1,0,0.299178,-0.00880548,0
3.1,1.2,0,0.299099,-0.0087543,0
3.1,1.3,0,0.299026,-0.0086967,0
3.1,1.4,0,0.298944,-0.00863341,0
3.1,1.5,0,0.298865,-0.00857979,0
3.1,1.6,0,0.298786,-0.00849338,0
3.1,1.7,0,0.298702,-0.00841727,0
3.1,1.8,0,0.298623,-0.0083335,0
3.1,1.9,0,0.298537,-0.00824379,0
3.1,2,0,0.298452,-0.00816973,0
3.1,2.1,0,0.298368,-0.008049,0
3.1,2.2,0,0.298279,-0.00794487,0
3.1,2.3,0,0.298197,-0.00783234,0
3.1,2.4,0,0.298106,-0.00771295,0
3.1,2.5,0,0.298018,-0.00761763,0
3.1,2.6,0,0.297931,-0.007458,0
3.1,2.7,0,0.297839,-0.0073225,0
3.1,2.8,0,0.297755,-0.00717998,0
3.1,2.9,0,0.297663,-0.00702754,0
3.1,3,0,0.297575,-0.00690776,0
3.1,3.1,0,0.297489,-0.00670905,0
3.1,3.2,0,0.297399,-0.00653894,0
3.1,3.3,0,0.29732,-0.00636757,0
3.1,3.4,0,0.297231,-0.00617931,0
3.1,3.5,0,0.297142,-0.00602694,0
3.1,3.6,0,0.297071,-0.00579709,0
3.1,3.7,0,0.296985,-0.00559062,0
3.1,3.8,0,0.296923,-0.00539277,0
3.1,3.9,0,0.29684,-0.00516876,0
3.1,4,0,0.296736,-0.0049725,0
3.1,4.1,0,0.296709,-0.00472616,0
3.1,4.2,0,0.296631,-0.00448614,0
3.1,4.3,0,0.296592,-0.0042632,0
3.1,4.4,0,0.296523,-0.00400935,0
3.1,4.5,0,0.29639,-0.00376543,0
3.1,4.6,0,0.296431,-0.00351608,0
3.1,4.7,0,0.296375,-0.00325081,0
3.1,4.8,0,0.296354,-0.00301683,0
3.1,4.9,0,0.296318,-0.00278469,0
3.1,5,0,0.296169,-0.00255011,0
3.1,5.1,0,0.296129,-0.00218311,0
3.1,5.2,0,0.296107,-0.00191316,0
3.1,5.3,0,0.296091,-0.00164188,0
3.1,5.4,0,0.296082,-0.00136957,0
3.1,5.5,0,0.296079,-0.00109678,0
3.1,5.6,0,0.296083,-0.00082406,0
3.1,5.7,0,0.296093,-0.000551972,0
3.1,5.8,0,0.296109,-0.000281094,0
3.1,5.9,0,0.296132,-1.18222e-05,0
3.1,6,0,0.29618,0.000407829,0
3.1,6.1,0,0.296323,0.000631838,0
3.1,6.2,0,0.296362,0.000856321,0
3.1,6.3,0,0.296395,0.00107981,0
3.1,6.4,0,0.296419,0.00130403,0
3.1,6.5,0,0.296482,0.0015628,0
3.1,6.6,0,0.296545,0.00182156,0
3.1,6.7,0,0.296561,0.0020441,0
3.1,6.8,0,0.296644,0.00227973,0
3.1,6.9,0,0.296719,0.00251952,0
3.1,7,0,0.296748,0.0027627,0
3.1,7.1,0,0.296841,0.00295206,0
3.1,7.2,0,0.296923,0.00317011,0
3.1,7.3,0,0.297006,0.00338816,0
3.1,7.4,0,0.297066,0.00357461,0
3.1,7.5,0,0.297153,0.00376884,0
3.1,7.6,0,0.297239,0.00396306,0
3.1,7.7,0,0.29731,0.00415234,0
3.1,7.8,0,0.297398,0.00431252,0
3.1,7.9,0,0.297487,0.00448279,0
3.1,8,0,0.297567,0.00466915,0
3.1,8.1,0,0.297651,0.00479914,0
3.1,8.2,0,0.297739,0.00494637,0
3.1,8.3,0,0.297827,0.00509359,0
3.1,8.4,0,0.297904,0.00522838,0
3.1,8.5,0,0.297989,0.00535396,0
3.1,8.6,0,0.298075,0.00547955,0
3.1,8.7,0,0.298151,0.00560813,0
3.1,8.8,0,0.298231,0.00570734,0
3.1,8.9,0,0.298312,0.00581298,0
3.1,9,0,0.298389,0.00592474,0
3.1,9.1,0,0.298461,0.00600961,0
3.1,9.2,0,0.298536,0.00609718,0
3.1,9.3,0,0.298611,0.00618475,0
3.1,9.4,0,0.298675,0.00626482,0
3.1,9.5,0,0.298744,0.0063363,0
3.1,9.6,0,0.298812,0.00640778,0
3.1,9.7,0,0.298873,0.00648008,0
3.1,9.8,0,0.298934,0.00653498,0
3.1,9.9,0,0.298995,0.0065924,0
3.1,10,0,0.299054,0.00665127,0
3.1,10.1,0,0.299106,0.00669794,0
3.1,10.2,0,0.29916,0.0067433,0
3.1,10.3,0,0.299214,0.00678866,0
3.1,10.4,0,0.29926,0.00682983,0
3.1,10.5,0,0.299307,0.00686502,0
3.1,10.6,0,0.299354,0.00690022,0
3.1,10.7,0,0.299397,0.00693594,0
3.1,10.8,0,0.299438,0.00696177,0
3.1,10.9,0,0.299478,0.00698853,0
3.1,11,0,0.299518,0.00701575,0
3.1,11.1,0,0.299552,0.00703734,0
3.1,11.2,0,0.299588,0.00705718,0
3.1,11.3,0,0.299623,0.00707703,0
3.1,11.4,0,0.299654,0.00709508,0
3.1,11.5,0,0.299685,0.00710931,0
3.1,11.6,0,0.299716,0.00712354,0
3.1,11.7,0,0.299744,0.00713844,0
3.1,11.8,0,0.299771,0.00714768,0
3.1,11.9,0,0.299798,0.00715746,0
3.1,12,0,0.299824,0.00716742,0
3.1,12.1,0,0.299847,0.00717478,0
3.1,12.2,0,0.299869,0.00718105,0
3.1,12.3,0,0.299891,0.00718733,0
3.1,12.4,0,0.29991,0.00719263,0
3.1,12.5,0,0.29992,0.00719496,0
3.1,12.6,0,0.299929,0.00719731,0
3.1,12.7,0,0.299935,0.0072,0
3.2,0,0,0.299809,-0.00944685,0
3.2,0.1,0,0.29979,-0.00943718,0
3.2,0.2,0,0.299764,-0.00942923,0
3.2,0.3,0,0.299713,-0.00941373,0
3.2,0.4,0,0.299652,-0.00939334,0
3.2,0.5,0,0.299587,-0.00937509,0
3.2,0.6,0,0.299514,-0.00934321,0
3.2,0.7,0,0.299443,-0.0093136,0
3.2,0.8,0,0.299363,-0.00927912,0
3.2,0.9,0,0.299287,-0.0092393,0
3.2,1,0,0.299207,-0.0092,0
3.2,1.1,0,0.299127,-0.00914867,0
3.2,1.2,0,0.299048,-0.0090975,0
3.2,1.3,0,0.298963,-0.00904083,0
3.2,1.4,0,0.298882,-0.00897754,0
3.2,1.5,0,0.298795,-0.00891111,0
3.2,1.6,0,0.29871,-0.00883896,0
3.2,1.7,0,0.298627,-0.00876285,0
3.2,1.8,0,0.298535,-0.00868102,0
3.2,1.9,0,0.298449,-0.00859131,0
3.2,2,0,0.298355,-0.0084914,0
3.2,2.1,0,0.298267,-0.00839868,0
3.2,2.2,0,0.298178,-0.00829456,0
3.2,2.3,0,0.298082,-0.00818382,0
3.2,2.4,0,0.297991,-0.00806444,0
3.2,2.5,0,0.297889,-0.00792381,0
3.2,2.6,0,0.297803,-0.00780985,0
3.2,2.7,0,0.297711,-0.00767435,0
3.2,2.8,0,0.297613,-0.00752914,0
3.2,2.9,0,0.297521,-0.0073767,0
3.2,3,0,0.297413,-0.00719069,0
3.2,3.1,0,0.297331,-0.00705028,0
3.2,3.2,0,0.297241,-0.00688018,0
3.2,3.3,0,0.29714,-0.00669327,0
3.2,3.4,0,0.297051,-0.00650501,0
3.2,3.5,0,0.296945,-0.00627756,0
3.2,3.6,0,0.29686,-0.00609769,0
3.2,3.7,0,0.296774,-0.00589122,0
3.2,3.8,0,0.296667,-0.00565829,0
3.2,3.9,0,0.296584,-0.00543428,0
3.2,4,0,0.296507,-0.00518158,0
3.2,4.1,0,0.296393,-0.00494828,0
3.2,4.2,0,0.296316,-0.00470827,0
3.2,4.3,0,0.296208,-0.00443667,0
3.2,4.4,0,0.296139,-0.00418282,0
3.2,4.5,0,0.296136,-0.003924,0
3.2,4.6,0,0.295979,-0.00363715,0
3.2,4.7,0,0.295923,-0.00337188,0
3.2,4.8,0,0.295846,-0.00308437,0
3.2,4.9,0,0.295809,-0.00285223,0
3.2,5,0,0.2959,-0.00265462,0
3.2,5.1,0,0.295857,-0.00227029,0
3.2,5.2,0,0.295834,-0.00198733,0
3.2,5.3,0,0.295817,-0.00170293,0
3.2,5.4,0,0.295807,-0.00141745,0
3.2,5.5,0,0.295804,-0.00113146,0
3.2,5.6,0,0.295808,-0.000845554,0
3.2,5.7,0,0.295819,-0.00056031,0
3.2,5.8,0,0.295836,-0.000276332,0
3.2,5.9,0,0.295861,5.92321e-06,0
3.2,6,0,0.295912,0.000445331,0
3.2,6.1,0,0.295827,0.000625876,0
3.2,6.2,0,0.295866,0.000850359,0
3.2,6.3,0,0.295913,0.0010784,0
3.2,6.4,0,0.296005,0.00138399,0
3.2,6.5,0,0.296068,0.00164275,0
3.2,6.6,0,0.296132,0.00190152,0
3.2,6.7,0,0.296251,0.00218578,0
3.2,6.8,0,0.296319,0.00242989,0
3.2,6.9,0,0.296394,0.00266968,0
3.2,7,0,0.296508,0.00290303,0
3.2,7.1,0,0.296588,0.00315625,0
3.2,7.2,0,0.296671,0.0033743,0
3.2,7.3,0,0.296753,0.00359235,0
3.2,7.4,0,0.296863,0.00381373,0
3.2,7.5,0,0.296949,0.00400795,0
3.2,7.6,0,0.297035,0.00420217,0
3.2,7.7,0,0.297135,0.00438768,0
3.2,7.8,0,0.297228,0.0045695,0
3.2,7.9,0,0.297316,0.00473977,0
3.2,8,0,0.297405,0.00489217,0
3.2,8.1,0,0.297506,0.00506256,0
3.2,8.2,0,0.297594,0.00520978,0
3.2,8.3,0,0.297682,0.00535701,0
3.2,8.4,0,0.297779,0.00549228,0
3.2,8.5,0,0.297865,0.00561786,0
3.2,8.6,0,0.29795,0.00574345,0
3.2,8.7,0,0.298041,0.00585849,0
3.2,8.8,0,0.298126,0.00596946,0
3.2,8.9,0,0.298207,0.00607511,0
3.2,9,0,0.298289,0.00617628,0
3.2,9.1,0,0.298373,0.0062696,0
3.2,9.2,0,0.298449,0.00635717,0
3.2,9.3,0,0.298524,0.00644474,0
3.2,9.4,0,0.298604,0.00652296,0
3.2,9.5,0,0.298672,0.00659444,0
3.2,9.6,0,0.298741,0.00666592,0
3.2,9.7,0,0.298812,0.00673393,0
3.2,9.8,0,0.298876,0.00679155,0
3.2,9.9,0,0.298938,0.00684897,0
3.2,10,0,0.299,0.00690625,0
3.2,10.1,0,0.29906,0.00695308,0
3.2,10.2,0,0.299115,0.00699844,0
3.2,10.3,0,0.299169,0.0070438,0
3.2,10.4,0,0.299225,0.00708352,0
3.2,10.5,0,0.299272,0.00711872,0
3.2,10.6,0,0.299319,0.00715392,0
3.2,10.7,0,0.299368,0.00718824,0
3.2,10.8,0,0.299411,0.00721399,0
3.2,10.9,0,0.299452,0.00724076,0
3.2,11,0,0.299493,0.00726762,0
3.2,11.1,0,0.299533,0.00728812,0
3.2,11.2,0,0.299568,0.00730796,0
3.2,11.3,0,0.299604,0.00732781,0
3.2,11.4,0,0.29964,0.00734453,0
3.2,11.5,0,0.299671,0.00735876,0
3.2,11.6,0,0.299701,0.007373,0
3.2,11.7,0,0.299733,0.0073871,0
3.2,11.8,0,0.299761,0.00739604,0
3.2,11.9,0,0.299788,0.00740583,0
3.2,12,0,0.299815,0.00741567,0
3.2,12.1,0,0.299841,0.00742246,0
3.2,12.2,0,0.299863,0.00742873,0
3.2,12.3,0,0.299885,0.007435,0
3.2,12.4,0,0.299906,0.00744012,0
3.2,12.5,0,0.299916,0.00744245,0
3.2,12.6,0,0.299926,0.0074448,0
3.2,12.7,0,0.299932,0.00744727,0
3.3,0,0,0.299795,-0.00979845,0
3.3,0.1,0,0.299792,-0.00978536,0
3.3,0.2,0,0.299754,-0.00977911,0
3.3,0.3,0,0.299696,-0.00976255,0
3.3,0.4,0,0.299637,-0.00973886,0
3.3,0.5,0,0.299561,-0.00972487,0
3.3,0.6,0,0.299487,-0.00968849,0
3.3,0.7,0,0.29941,-0.00966078,0
3.3,0.8,0,0.299326,-0.00962649,0
3.3,0.9,0,0.299248,-0.00958506,0
3.3,1,0,0.29916,-0.0095468,0
3.3,1.1,0,0.299076,-0.00949514,0
3.3,1.2,0,0.298992,-0.00944279,0
3.3,1.3,0,0.298902,-0.00938657,0
3.3,1.4,0,0.298819,-0.00932513,0
3.3,1.5,0,0.298722,-0.00925242,0
3.3,1.6,0,0.298636,-0.00918821,0
3.3,1.7,0,0.298544,-0.0091047,0
3.3,1.8,0,0.298448,-0.00902374,0
3.3,1.9,0,0.298361,-0.00894273,0
3.3,2,0,0.298252,-0.0088224,0
3.3,2.1,0,0.298167,-0.00875249,0
3.3,2.2,0,0.298067,-0.00863002,0
3.3,2.3,0,0.297965,-0.0085201,0
3.3,2.4,0,0.297877,-0.00842028,0
3.3,2.5,0,0.297752,-0.00823717,0
3.3,2.6,0,0.297675,-0.0081663,0
3.3,2.7,0,0.297566,-0.00799767,0
3.3,2.8,0,0.297462,-0.00785147,0
3.3,2.9,0,0.297379,-0.00773068,0
3.3,3,0,0.297237,-0.00747754,0
3.3,3.1,0,0.297173,-0.00739651,0
3.3,3.2,0,0.297059,-0.00718093,0
3.3,3.3,0,0.29695,-0.00698785,0
3.3,3.4,0,0.29687,-0.00683579,0
3.3,3.5,0,0.296729,-0.00652999,0
3.3,3.6,0,0.296648,-0.00640332,0
3.3,3.7,0,0.29655,-0.0061534,0
3.3,3.8,0,0.296425,-0.0059063,0
3.3,3.9,0,0.296327,-0.00570451,0
3.3,4,0,0.296262,-0.00539443,0
3.3,4.1,0,0.296076,-0.00517458,0
3.3,4.2,0,0.296038,-0.00491336,0
3.3,4.3,0,0.295902,-0.00462205,0
3.3,4.4,0,0.295752,-0.00435981,0
3.3,4.5,0,0.29588,-0.00409106,0
3.3,4.6,0,0.295523,-0.00376105,0
3.3,4.7,0,0.295585,-0.00350604,0
3.3,4.8,0,0.295485,-0.0031875,0
3.3,4.9,0,0.295294,-0.00289853,0
3.3,5,0,0.295641,-0.00276999,0
3.3,5.1,0,0.295597,-0.0023663,0
3.3,5.2,0,0.295572,-0.00206805,0
3.3,5.3,0,0.295555,-0.00176813,0
3.3,5.4,0,0.295544,-0.00146713,0
3.3,5.5,0,0.295541,-0.00116561,0
3.3,5.6,0,0.295545,-0.000864161,0
3.3,5.7,0,0.295557,-0.000563387,0
3.3,5.8,0,0.295575,-0.000263862,0
3.3,5.9,0,0.295601,3.37295e-05,0
3.3,6,0,0.295654,0.000495065,0
3.3,6.1,0,0.295358,0.000601506,0
3.3,6.2,0,0.295358,0.000812217,0
3.3,6.3,0,0.295657,0.00115961,0
3.3,6.4,0,0.295688,0.00146721,0
3.3,6.5,0,0.29565,0.00172937,0
3.3,6.6,0,0.295807,0.00200295,0
3.3,6.7,0,0.296,0.00229886,0
3.3,6.8,0,0.295991,0.00258752,0
3.3,6.9,0,0.296074,0.00282598,0
3.3,7,0,0.296268,0.00304578,0
3.3,7.1,0,0.296337,0.00335344,0
3.3,7.2,0,0.296416,0.0035872,0
3.3,7.3,0,0.29653,0.00376431,0
3.3,7.4,0,0.296646,0.00400789,0
3.3,7.5,0,0.296744,0.00425609,0
3.3,7.6,0,0.296835,0.00442437,0
3.3,7.7,0,0.296938,0.00458315,0
3.3,7.8,0,0.297057,0.00483528,0
3.3,7.9,0,0.297146,0.00500446,0
3.3,8,0,0.297234,0.0051091,0
3.3,8.1,0,0.297353,0.00531837,0
3.3,8.2,0,0.297449,0.00548155,0
3.3,8.3,0,0.297536,0.00559485,0
3.3,8.4,0,0.297639,0.00573518,0
3.3,8.5,0,0.297742,0.00588952,0
3.3,8.6,0,0.297828,0.00600427,0
3.3,8.7,0,0.297919,0.00610467,0
3.3,8.8,0,0.298023,0.00623868,0
3.3,8.9,0,0.298104,0.00634432,0
3.3,9,0,0.298189,0.00643052,0
3.3,9.1,0,0.298283,0.00653162,0
3.3,9.2,0,0.298364,0.00662353,0
3.3,9.3,0,0.298442,0.00670485,0
3.3,9.4,0,0.298525,0.00678263,0
3.3,9.5,0,0.298604,0.0068582,0
3.3,9.6,0,0.298673,0.0069286,0
3.3,9.7,0,0.298747,0.00699468,0
3.3,9.8,0,0.298822,0.00705298,0
3.3,9.9,0,0.298883,0.0071104,0
3.3,10,0,0.298949,0.00716706,0
3.3,10.1,0,0.299014,0.007213,0
3.3,10.2,0,0.299072,0.0072577,0
3.3,10.3,0,0.299128,0.00730336,0
3.3,10.4,0,0.299186,0.00734291,0
3.3,10.5,0,0.299239,0.00737586,0
3.3,10.6,0,0.299287,0.00741125,0
3.3,10.7,0,0.299338,0.00744605,0
3.3,10.8,0,0.299386,0.00746912,0
3.3,10.9,0,0.299427,0.00749582,0
3.3,11,0,0.299471,0.00752331,0
3.3,11.1,0,0.299513,0.00754249,0
3.3,11.2,0,0.29955,0.00756106,0
3.3,11.3,0,0.299587,0.00758125,0
3.3,11.4,0,0.299624,0.00759803,0
3.3,11.5,0,0.299658,0.00761008,0
3.3,11.6,0,0.299689,0.00762441,0
3.3,11.7,0,0.299722,0.00763886,0
3.3,11.8,0,0.299752,0.00764602,0
3.3,11.9,0,0.299779,0.00765563,0
3.3,12,0,0.299808,0.00766607,0
3.3,12.1,0,0.299835,0.00767218,0
3.3,12.2,0,0.299859,0.00767758,0
3.3,12.3,0,0.299881,0.00768437,0
3.3,12.4,0,0.299902,0.00768979,0
3.3,12.5,0,0.299919,0.0076917,0
3.3,12.6,0,0.299928,0.00769409,0
3.3,12.7,0,0.299928,0.00769674,0
3.4,0,0,0.29978,-0.01015,0
3.4,0.1,0,0.299782,-0.0101359,0
3.4,0.2,0,0.299737,-0.0101301,0
3.4,0.3,0,0.299679,-0.0101136,0
3.4,0.4,0,0.299615,-0.0100874,0
3.4,0.5,0,0.299536,-0.0100747,0
3.4,0.6,0,0.29946,-0.0100369,0
3.4,0.7,0,0.299374,-0.0100092,0
3.4,0.8,0,0.29929,-0.00997495,0
3.4,0.9,0,0.299203,-0.00993154,0
3.4,1,0,0.299113,-0.00989359,0
3.4,1.1,0,0.299028,-0.00984184,0
3.4,1.2,0,0.298933,-0.0097873,0
3.4,1.3,0,0.298842,-0.00973107,0
3.4,1.4,0,0.29875,-0.00966832,0
3.4,1.5,0,0.298649,-0.00959374,0
3.4,1.6,0,0.298562,-0.00953191,0
3.4,1.7,0,0.298457,-0.00944162,0
3.4,1.8,0,0.29836,-0.00936066,0
3.4,1.9,0,0.298263,-0.00927985,0
3.4,2,0,0.298149,-0.0091534,0
3.4,2.1,0,0.298064,-0.00909033,0
3.4,2.2,0,0.297947,-0.00895326,0
3.4,2.3,0,0.297845,-0.00884334,0
3.4,2.4,0,0.297747,-0.00874639,0
3.4,2.5,0,0.297615,-0.00855054,0
3.4,2.6,0,0.29754,-0.00849259,0
3.4,2.7,0,0.29741,-0.00829889,0
3.4,2.8,0,0.297306,-0.0081527,0
3.4,2.9,0,0.297213,-0.00803766,0
3.4,3,0,0.297061,-0.00776438,0
3.4,3.1,0,0.297002,-0.00770117,0
3.4,3.2,0,0.296863,-0.00745138,0
3.4,3.3,0,0.296753,-0.00725829,0
3.4,3.4,0,0.296665,-0.00711173,0
3.4,3.5,0,0.296513,-0.00678242,0
3.4,3.6,0,0.296434,-0.00667171,0
3.4,3.7,0,0.296317,-0.00638661,0
3.4,3.8,0,0.296192,-0.00613951,0
3.4,3.9,0,0.296079,-0.00593458,0
3.4,4,0,0.296017,-0.00560729,0
3.4,4.1,0,0.29581,-0.00539147,0
3.4,4.2,0,0.295786,-0.00510432,0
3.4,4.3,0,0.29565,-0.00481301,0
3.4,4.4,0,0.295457,-0.00452984,0
3.4,4.5,0,0.295624,-0.00425812,0
3.4,4.6,0,0.295207,-0.00391516,0
3.4,4.7,0,0.295328,-0.00364705,0
3.4,4.8,0,0.295227,-0.00332851,0
3.4,4.9,0,0.294957,-0.00299319,0
3.4,5,0,0.295382,-0.00288536,0
3.4,5.1,0,0.295336,-0.00246231,0
3.4,5.2,0,0.295311,-0.00214877,0
3.4,5.3,0,0.295293,-0.00183334,0
3.4,5.4,0,0.295282,-0.00151681,0
3.4,5.5,0,0.295279,-0.00119975,0
3.4,5.6,0,0.295283,-0.000882769,0
3.4,5.7,0,0.295295,-0.000566464,0
3.4,5.8,0,0.295315,-0.000251392,0
3.4,5.9,0,0.295341,6.15358e-05,0
3.4,6,0,0.295395,0.000544799,0
3.4,6.1,0,0.295099,0.00065124,0
3.4,6.2,0,0.295023,0.000856018,0
3.4,6.3,0,0.295401,0.00124082,0
3.4,6.4,0,0.295432,0.00154842,0
3.4,6.5,0,0.295313,0.00182018,0
3.4,6.6,0,0.295555,0.00211602,0
3.4,6.7,0,0.295749,0.00241193,0
3.4,6.8,0,0.295721,0.00271157,0
3.4,6.9,0,0.295834,0.00296873,0
3.4,7,0,0.296027,0.00318853,0
3.4,7.1,0,0.296097,0.00349619,0
3.4,7.2,0,0.296182,0.00377376,0
3.4,7.3,0,0.296309,0.00393468,0
3.4,7.4,0,0.296425,0.00417826,0
3.4,7.5,0,0.296535,0.00446909,0
3.4,7.6,0,0.296638,0.00461984,0
3.4,7.7,0,0.296741,0.00477862,0
3.4,7.8,0,0.296865,0.00504334,0
3.4,7.9,0,0.296975,0.00522138,0
3.4,8,0,0.297063,0.00532603,0
3.4,8.1,0,0.297182,0.00553529,0
3.4,8.2,0,0.297303,0.0057324,0
3.4,8.3,0,0.297391,0.00582873,0
3.4,8.4,0,0.297494,0.00596906,0
3.4,8.5,0,0.297609,0.0061433,0
3.4,8.6,0,0.297706,0.00625044,0
3.4,8.7,0,0.297797,0.00635085,0
3.4,8.8,0,0.297903,0.00648744,0
3.4,8.9,0,0.298004,0.00659923,0
3.4,9,0,0.298089,0.00668476,0
3.4,9.1,0,0.298183,0.00678586,0
3.4,9.2,0,0.29828,0.00688605,0
3.4,9.3,0,0.298361,0.00696368,0
3.4,9.4,0,0.298443,0.00704145,0
3.4,9.5,0,0.298529,0.00711951,0
3.4,9.6,0,0.298608,0.00718935,0
3.4,9.7,0,0.298682,0.00725543,0
3.4,9.8,0,0.298757,0.00731376,0
3.4,9.9,0,0.298832,0.00737128,0
3.4,10,0,0.298898,0.00742787,0
3.4,10.1,0,0.298963,0.00747381,0
3.4,10.2,0,0.29903,0.00751725,0
3.4,10.3,0,0.299089,0.00756301,0
3.4,10.4,0,0.299147,0.00760257,0
3.4,10.5,0,0.299203,0.00763438,0
3.4,10.6,0,0.299257,0.00766906,0
3.4,10.7,0,0.299308,0.00770386,0
3.4,10.8,0,0.299356,0.00772693,0
3.4,10.9,0,0.299404,0.00775139,0
3.4,11,0,0.299449,0.007779,0
3.4,11.1,0,0.299491,0.00779817,0
3.4,11.2,0,0.299532,0.00781471,0
3.4,11.3,0,0.299571,0.00783484,0
3.4,11.4,0,0.299608,0.00785163,0
3.4,11.5,0,0.299643,0.0078628,0
3.4,11.6,0,0.299678,0.00787617,0
3.4,11.7,0,0.299711,0.00789062,0
3.4,11.8,0,0.299741,0.00789778,0
3.4,11.9,0,0.299772,0.00790589,0
3.4,12,0,0.299801,0.00791647,0
3.4,12.1,0,0.299828,0.00792258,0
3.4,12.2,0,0.299855,0.007927,0
3.4,12.3,0,0.299876,0.00793404,0
3.4,12.4,0,0.299897,0.00793946,0
3.4,12.5,0,0.299917,0.00794124,0
3.4,12.6,0,0.299924,0.00794356,0
3.4,12.7,0,0.299924,0.00794622,0
3.5,0,0,0.299766,-0.0105016,0
3.5,0.1,0,0.299753,-0.0104898,0
3.5,0.2,0,0.299719,-0.0104811,0
3.5,0.3,0,0.299661,-0.0104646,0
3.5,0.4,0,0.299587,-0.0104415,0
3.5,0.5,0,0.29951,-0.0104244,0
3.5,0.6,0,0.299428,-0.0103893,0
3.5,0.7,0,0.299338,-0.0103577,0
3.5,0.8,0,0.299254,-0.0103234,0
3.5,0.9,0,0.299159,-0.0102805,0
3.5,1,0,0.299065,-0.0102404,0
3.5,1.1,0,0.298974,-0.0101871,0
3.5,1.2,0,0.298873,-0.0101318,0
3.5,1.3,0,0.298783,-0.0100756,0
3.5,1.4,0,0.298679,-0.0100072,0
3.5,1.5,0,0.298576,-0.00993505,0
3.5,1.6,0,0.298479,-0.00986336,0
3.5,1.7,0,0.29837,-0.00977854,0
3.5,1.8,0,0.298273,-0.00969758,0
3.5,1.9,0,0.29816,-0.00959926,0
3.5,2,0,0.298046,-0.0094844,0
3.5,2.1,0,0.297947,-0.00939687,0
3.5,2.2,0,0.297828,-0.00927649,0
3.5,2.3,0,0.297726,-0.00916657,0
3.5,2.4,0,0.297605,-0.00903366,0
3.5,2.5,0,0.297478,-0.0088639,0
3.5,2.6,0,0.29738,-0.00876177,0
3.5,2.7,0,0.297254,-0.00860012,0
3.5,2.8,0,0.29715,-0.00845393,0
3.5,2.9,0,0.297026,-0.00828231,0
3.5,3,0,0.296885,-0.00805123,0
3.5,3.1,0,0.296795,-0.00792739,0
3.5,3.2,0,0.296667,-0.00772182,0
3.5,3.3,0,0.296557,-0.00752873,0
3.5,3.4,0,0.296437,-0.00731588,0
3.5,3.5,0,0.296298,-0.00703485,0
3.5,3.6,0,0.296202,-0.0068662,0
3.5,3.7,0,0.296085,-0.00661981,0
3.5,3.8,0,0.29596,-0.00637272,0
3.5,3.9,0,0.295853,-0.00611781,0
3.5,4,0,0.295773,-0.00582014,0
3.5,4.1,0,0.295617,-0.00557606,0
3.5,4.2,0,0.295533,-0.00529529,0
3.5,4.3,0,0.295397,-0.00500397,0
3.5,4.4,0,0.295309,-0.00470809,0
3.5,4.5,0,0.295369,-0.00442518,0
3.5,4.6,0,0.29511,-0.00409591,0
3.5,4.7,0,0.29507,-0.00378807,0
3.5,4.8,0,0.29497,-0.00346953,0
3.5,4.9,0,0.294904,-0.00318433,0
3.5,5,0,0.295122,-0.00300074,0
3.5,5.1,0,0.295076,-0.00255832,0
3.5,5.2,0,0.295049,-0.00222949,0
3.5,5.3,0,0.29503,-0.00189854,0
3.5,5.4,0,0.295019,-0.00156648,0
3.5,5.5,0,0.295016,-0.00123389,0
3.5,5.6,0,0.295021,-0.000901376,0
3.5,5.7,0,0.295033,-0.00056954,0
3.5,5.8,0,0.295054,-0.000238922,0
3.5,5.9,0,0.295081,8.93421e-05,0
3.5,6,0,0.295137,0.000594533,0
3.5,6.1,0,0.294927,0.000741945,0
3.5,6.2,0,0.29497,0.00100871,0
3.5,6.3,0,0.295145,0.00132203,0
3.5,6.4,0,0.295176,0.00162963,0
3.5,6.5,0,0.295225,0.00192785,0
3.5,6.6,0,0.295304,0.0022291,0
3.5,6.7,0,0.295498,0.00252501,0
3.5,6.8,0,0.295535,0.00281354,0
3.5,6.9,0,0.295625,0.00309319,0
3.5,7,0,0.295787,0.00333127,0
3.5,7.1,0,0.295866,0.00362719,0
3.5,7.2,0,0.295973,0.00388235,0
3.5,7.3,0,0.296088,0.00410505,0
3.5,7.4,0,0.296204,0.00434863,0
3.5,7.5,0,0.296321,0.00458679,0
3.5,7.6,0,0.296441,0.00481473,0
3.5,7.7,0,0.296544,0.00497409,0
3.5,7.8,0,0.296668,0.00520563,0
3.5,7.9,0,0.296791,0.00540473,0
3.5,8,0,0.296892,0.00554296,0
3.5,8.1,0,0.297011,0.0057443,0
3.5,8.2,0,0.297133,0.0059143,0
3.5,8.3,0,0.297245,0.00606261,0
3.5,8.4,0,0.297348,0.00620294,0
3.5,8.5,0,0.297465,0.0063517,0
3.5,8.6,0,0.297583,0.0064938,0
3.5,8.7,0,0.297676,0.00659703,0
3.5,8.8,0,0.297783,0.00672445,0
3.5,8.9,0,0.297893,0.00684093,0
3.5,9,0,0.297988,0.00693901,0
3.5,9.1,0,0.298083,0.00703903,0
3.5,9.2,0,0.298184,0.00713275,0
3.5,9.3,0,0.298279,0.0072225,0
3.5,9.4,0,0.298362,0.00730027,0
3.5,9.5,0,0.298451,0.00737533,0
3.5,9.6,0,0.298542,0.0074494,0
3.5,9.7,0,0.298617,0.00751618,0
3.5,9.8,0,0.298694,0.00757418,0
3.5,9.9,0,0.298774,0.00763167,0
3.5,10,0,0.298847,0.00768868,0
3.5,10.1,0,0.298913,0.00773464,0
3.5,10.2,0,0.298982,0.00777845,0
3.5,10.3,0,0.29905,0.00782266,0
3.5,10.4,0,0.299107,0.00786222,0
3.5,10.5,0,0.299166,0.00789468,0
3.5,10.6,0,0.299226,0.0079274,0
3.5,10.7,0,0.299278,0.00796167,0
3.5,10.8,0,0.299327,0.00798504,0
3.5,10.9,0,0.299379,0.00800895,0
3.5,11,0,0.299427,0.00803469,0
3.5,11.1,0,0.299469,0.00805387,0
3.5,11.2,0,0.299512,0.0080709,0
3.5,11.3,0,0.299555,0.00808844,0
3.5,11.4,0,0.299592,0.00810522,0
3.5,11.5,0,0.299629,0.00811679,0
3.5,11.6,0,0.299666,0.00812856,0
3.5,11.7,0,0.2997,0.00814238,0
3.5,11.8,0,0.299731,0.00814979,0
3.5,11.9,0,0.299763,0.00815775,0
3.5,12,0,0.299794,0.00816687,0
3.5,12.1,0,0.299821,0.00817298,0
3.5,12.2,0,0.299846,0.00817822,0
3.5,12.3,0,0.299872,0.00818371,0
3.5,12.4,0,0.299892,0.00818912,0
3.5,12.5,0,0.299907,0.00819109,0
3.5,12.6,0,0.299918,0.00819318,0
3.5,12.7,0,0.29992,0.00819569,0
3.6,0,0,0.299752,-0.0108533,0
3.6,0.1,0,0.29972,-0.0108442,0
3.6,0.2,0,0.299688,-0.0108352,0
3.6,0.3,0,0.299635,-0.0108194,0
3.6,0.4,0,0.29956,-0.0107968,0
3.6,0.5,0,0.299485,-0.0107742,0
3.6,0.6,0,0.299395,-0.0107422,0
3.6,0.7,0,0.299305,-0.0107102,0
3.6,0.8,0,0.299211,-0.0106728,0
3.6,0.9,0,0.299115,-0.01063,0
3.6,1,0,0.299018,-0.0105872,0
3.6,1.1,0,0.298917,-0.0105319,0
3.6,1.2,0,0.298816,-0.0104766,0
3.6,1.3,0,0.298713,-0.0104144,0
3.6,1.4,0,0.298608,-0.0103454,0
3.6,1.5,0,0.298503,-0.0102764,0
3.6,1.6,0,0.298394,-0.0101923,0
3.6,1.7,0,0.298284,-0.0101083,0
3.6,1.8,0,0.298172,-0.0100161,0
3.6,1.9,0,0.298058,-0.00991577,0
3.6,2,0,0.297944,-0.00981541,0
3.6,2.1,0,0.297825,-0.0096973,0
3.6,2.2,0,0.297706,-0.00957921,0
3.6,2.3,0,0.297586,-0.00945158,0
3.6,2.4,0,0.297463,-0.00931442,0
3.6,2.5,0,0.297341,-0.00917726,0
3.6,2.6,0,0.297215,-0.00901992,0
3.6,2.7,0,0.297089,-0.00886257,0
3.6,2.8,0,0.296963,-0.00869473,0
3.6,2.9,0,0.296836,-0.0085164,0
3.6,3,0,0.296708,-0.00833807,0
3.6,3.1,0,0.296582,-0.00813844,0
3.6,3.2,0,0.296455,-0.00793881,0
3.6,3.3,0,0.296329,-0.00772865,0
3.6,3.4,0,0.296206,-0.00750797,0
3.6,3.5,0,0.296082,-0.00728728,0
3.6,3.6,0,0.295966,-0.00704621,0
3.6,3.7,0,0.295849,-0.00680514,0
3.6,3.8,0,0.295738,-0.00655428,0
3.6,3.9,0,0.295633,-0.00629364,0
3.6,4,0,0.295528,-0.006033,0
3.6,4.1,0,0.295437,-0.00575358,0
3.6,4.2,0,0.295346,-0.00547415,0
3.6,4.3,0,0.295263,-0.005186,0
3.6,4.4,0,0.295188,-0.00488912,0
3.6,4.5,0,0.295113,-0.00459224,0
3.6,4.6,0,0.295053,-0.00428008,0
3.6,4.7,0,0.294992,-0.00396792,0
3.6,4.8,0,0.294942,-0.0036727,0
3.6,4.9,0,0.294903,-0.0033944,0
3.6,5,0,0.294863,-0.00311611,0
3.6,5.1,0,0.294815,-0.00265433,0
3.6,5.2,0,0.294788,-0.00231021,0
3.6,5.3,0,0.294768,-0.00196374,0
3.6,5.4,0,0.294757,-0.00161616,0
3.6,5.5,0,0.294754,-0.00126804,0
3.6,5.6,0,0.294758,-0.000919984,0
3.6,5.7,0,0.294772,-0.000572617,0
3.6,5.8,0,0.294793,-0.000226452,0
3.6,5.9,0,0.294821,0.000117148,0
3.6,6,0,0.294879,0.000644267,0
3.6,6.1,0,0.294921,0.000911031,0
3.6,6.2,0,0.294964,0.00117779,0
3.6,6.3,0,0.295007,0.00144456,0
3.6,6.4,0,0.295067,0.00173395,0
3.6,6.5,0,0.295136,0.00203552,0
3.6,6.6,0,0.295206,0.00233709,0
3.6,6.7,0,0.295282,0.00263209,0
3.6,6.8,0,0.295372,0.00291174,0
3.6,6.9,0,0.295462,0.00319138,0
3.6,7,0,0.295552,0.00347103,0
3.6,7.1,0,0.295659,0.00372741,0
3.6,7.2,0,0.295767,0.00398257,0
3.6,7.3,0,0.295875,0.00423772,0
3.6,7.4,0,0.295989,0.00447655,0
3.6,7.5,0,0.296108,0.00470449,0
3.6,7.6,0,0.296227,0.00493243,0
3.6,7.7,0,0.296347,0.00515316,0
3.6,7.8,0,0.296471,0.00535225,0
3.6,7.9,0,0.296594,0.00555134,0
3.6,8,0,0.296718,0.00575044,0
3.6,8.1,0,0.29684,0.00592335,0
3.6,8.2,0,0.296962,0.00609334,0
3.6,8.3,0,0.297084,0.00626334,0
3.6,8.4,0,0.297204,0.006418,0
3.6,8.5,0,0.297321,0.0065601,0
3.6,8.6,0,0.297439,0.00670221,0
3.6,8.7,0,0.297555,0.00683918,0
3.6,8.8,0,0.297665,0.00695566,0
3.6,8.9,0,0.297774,0.00707213,0
3.6,9,0,0.297884,0.00718861,0
3.6,9.1,0,0.297986,0.00728574,0
3.6,9.2,0,0.298087,0.00737946,0
3.6,9.3,0,0.298188,0.00747318,0
3.6,9.4,0,0.298283,0.00755708,0
3.6,9.5,0,0.298374,0.00763115,0
3.6,9.6,0,0.298464,0.00770522,0
3.6,9.7,0,0.298553,0.00777681,0
3.6,9.8,0,0.298633,0.00783431,0
3.6,9.9,0,0.298713,0.00789181,0
3.6,10,0,0.298793,0.0079493,0
3.6,10.1,0,0.298865,0.00799585,0
3.6,10.2,0,0.298935,0.00803966,0
3.6,10.3,0,0.299004,0.00808346,0
3.6,10.4,0,0.29907,0.00812228,0
3.6,10.5,0,0.29913,0.008155,0
3.6,10.6,0,0.29919,0.00818772,0
3.6,10.7,0,0.299249,0.00821956,0
3.6,10.8,0,0.2993,0.00824347,0
3.6,10.9,0,0.299352,0.00826739,0
3.6,11,0,0.299403,0.0082913,0
3.6,11.1,0,0.299449,0.00831005,0
3.6,11.2,0,0.299492,0.00832708,0
3.6,11.3,0,0.299536,0.00834412,0
3.6,11.4,0,0.299577,0.00835905,0
3.6,11.5,0,0.299615,0.00837082,0
3.6,11.6,0,0.299652,0.0083826,0
3.6,11.7,0,0.299689,0.00839419,0
3.6,11.8,0,0.299721,0.00840214,0
3.6,11.9,0,0.299753,0.0084101,0
3.6,12,0,0.299785,0.00841806,0
3.6,12.1,0,0.299813,0.00842415,0
3.6,12.2,0,0.299838,0.00842944,0
3.6,12.3,0,0.299864,0.00843473,0
3.6,12.4,0,0.299884,0.0084389,0
3.6,12.5,0,0.299895,0.00844099,0
3.6,12.6,0,0.299906,0.00844308,0
3.6,12.7,0,0.299917,0.00844517,0
3.7,0,0,0.299736,-0.011224,0
3.7,0.1,0,0.299723,-0.0112087,0
3.7,0.2,0,0.299688,-0.0112003,0
3.7,0.3,0,0.299618,-0.0111807,0
3.7,0.4,0,0.299544,-0.0111571,0
3.7,0.5,0,0.299458,-0.0111441,0
3.7,0.6,0,0.299365,-0.0111006,0
3.7,0.7,0,0.299274,-0.0110697,0
3.7,0.8,0,0.29917,-0.0110302,0
3.7,0.9,0,0.299073,-0.010986,0
3.7,1,0,0.298969,-0.0109571,0
3.7,1.1,0,0.298863,-0.010884,0
3.7,1.2,0,0.298761,-0.0108306,0
3.7,1.3,0,0.298646,-0.010763,0
3.7,1.4,0,0.298541,-0.0106916,0
3.7,1.5,0,0.298426,-0.0106468,0
3.7,1.6,0,0.29831,-0.01053,0
3.7,1.7,0,0.2982,-0.0104493,0
3.7,1.8,0,0.298072,-0.0103465,0
3.7,1.9,0,0.297958,-0.0102417,0
3.7,2,0,0.297833,-0.0101852,0
3.7,2.1,0,0.297706,-0.010008,0
3.7,2.2,0,0.297586,-0.00989567,0
3.7,2.3,0,0.297446,-0.00975095,0
3.7,2.4,0,0.297323,-0.0096061,0
3.7,2.5,0,0.29719,-0.00954344,0
3.7,2.6,0,0.297051,-0.00928956,0
3.7,2.7,0,0.296924,-0.00914146,0
3.7,2.8,0,0.296775,-0.00895227,0
3.7,2.9,0,0.296646,-0.00876232,0
3.7,3,0,0.296514,-0.00869346,0
3.7,3.1,0,0.296367,-0.00836134,0
3.7,3.2,0,0.29624,-0.00817391,0
3.7,3.3,0,0.296097,-0.00794643,0
3.7,3.4,0,0.295972,-0.00771161,0
3.7,3.5,0,0.295839,-0.00761663,0
3.7,3.6,0,0.295724,-0.0072373,0
3.7,3.7,0,0.295605,-0.00700785,0
3.7,3.8,0,0.295506,-0.00675285,0
3.7,3.9,0,0.295405,-0.00648012,0
3.7,4,0,0.295225,-0.00631115,0
3.7,4.1,0,0.295248,-0.00594131,0
3.7,4.2,0,0.295143,-0.00566736,0
3.7,4.3,0,0.295113,-0.00538145,0
3.7,4.4,0,0.295058,-0.00507934,0
3.7,4.5,0,0.294738,-0.00479406,0
3.7,4.6,0,0.294987,-0.00447206,0
3.7,4.7,0,0.294893,-0.00415643,0
3.7,4.8,0,0.294887,-0.00383662,0
3.7,4.9,0,0.294886,-0.00355906,0
3.7,5,0,0.294437,-0.00323558,0
3.7,5.1,0,0.294381,-0.00275161,0
3.7,5.2,0,0.294349,-0.00239201,0
3.7,5.3,0,0.294327,-0.00202991,0
3.7,5.4,0,0.294314,-0.0016664,0
3.7,5.5,0,0.29431,-0.00130221,0
3.7,5.6,0,0.294316,-0.000938117,0
3.7,5.7,0,0.294331,-0.000574892,0
3.7,5.8,0,0.294355,-0.000213232,0
3.7,5.9,0,0.294387,0.000145665,0
3.7,6,0,0.294455,0.000698289,0
3.7,6.1,0,0.29489,0.00101267,0
3.7,6.2,0,0.294933,0.00127944,0
3.7,6.3,0,0.294783,0.00154739,0
3.7,6.4,0,0.294926,0.00185478,0
3.7,6.5,0,0.295033,0.00215881,0
3.7,6.6,0,0.295088,0.00246266,0
3.7,6.7,0,0.295001,0.00277495,0
3.7,6.8,0,0.295193,0.00302696,0
3.7,6.9,0,0.295284,0.0033066,0
3.7,7,0,0.295258,0.00367307,0
3.7,7.1,0,0.295442,0.00384706,0
3.7,7.2,0,0.295549,0.00410222,0
3.7,7.3,0,0.295637,0.00441427,0
3.7,7.4,0,0.295762,0.00463548,0
3.7,7.5,0,0.295889,0.00484327,0
3.7,7.6,0,0.296008,0.00507121,0
3.7,7.7,0,0.296132,0.00538579,0
3.7,7.8,0,0.296273,0.00552073,0
3.7,7.9,0,0.296396,0.00571982,0
3.7,8,0,0.296526,0.00601407,0
3.7,8.1,0,0.296671,0.00612385,0
3.7,8.2,0,0.296793,0.00629384,0
3.7,8.3,0,0.29692,0.00649745,0
3.7,8.4,0,0.29706,0.00666136,0
3.7,8.5,0,0.297182,0.00678858,0
3.7,8.6,0,0.2973,0.00693068,0
3.7,8.7,0,0.297429,0.00711707,0
3.7,8.8,0,0.297552,0.00720494,0
3.7,8.9,0,0.297662,0.00732142,0
3.7,9,0,0.297778,0.0074692,0
3.7,9.1,0,0.297897,0.00754824,0
3.7,9.2,0,0.297997,0.00764196,0
3.7,9.3,0,0.298101,0.0077436,0
3.7,9.4,0,0.298209,0.00783205,0
3.7,9.5,0,0.298304,0.00790043,0
3.7,9.6,0,0.298395,0.0079745,0
3.7,9.7,0,0.298492,0.0080577,0
3.7,9.8,0,0.29858,0.00810566,0
3.7,9.9,0,0.29866,0.00816315,0
3.7,10,0,0.298744,0.00822628,0
3.7,10.1,0,0.298825,0.00826622,0
3.7,10.2,0,0.298895,0.00831002,0
3.7,10.3,0,0.298966,0.00835485,0
3.7,10.4,0,0.299038,0.00839256,0
3.7,10.5,0,0.2991,0.00842267,0
3.7,10.6,0,0.29916,0.00845539,0
3.7,10.7,0,0.299224,0.00848826,0
3.7,10.8,0,0.299279,0.00850769,0
3.7,10.9,0,0.29933,0.0085316,0
3.7,11,0,0.299384,0.00855585,0
3.7,11.1,0,0.299434,0.0085707,0
3.7,11.2,0,0.299478,0.00858773,0
3.7,11.3,0,0.299522,0.00860475,0
3.7,11.4,0,0.299567,0.00861792,0
3.7,11.5,0,0.299605,0.00862822,0
3.7,11.6,0,0.299642,0.00864,0
3.7,11.7,0,0.299681,0.00865116,0
3.7,11.8,0,0.299715,0.00865682,0
3.7,11.9,0,0.299747,0.00866478,0
3.7,12,0,0.29978,0.00867271,0
3.7,12.1,0,0.299811,0.00867713,0
3.7,12.2,0,0.299836,0.00868232,0
3.7,12.3,0,0.299862,0.00868765,0
3.7,12.4,0,0.299884,0.008692,0
3.7,12.5,0,0.299899,0.008694,0
3.7,12.6,0,0.29991,0.00869609,0
3.7,12.7,0,0.299913,0.00869791,0
3.8,0,0,0.29972,-0.0115947,0
3.8,0.1,0,0.299722,-0.0115744,0
3.8,0.2,0,0.299669,-0.0115706,0
3.8,0.3,0,0.299599,-0.0115511,0
3.8,0.4,0,0.299526,-0.0115194,0
3.8,0.5,0,0.299431,-0.011514,0
3.8,0.6,0,0.299336,-0.0114613,0
3.8,0.7,0,0.299237,-0.0114395,0
3.8,0.8,0,0.299133,-0.0114,0
3.8,0.9,0,0.299031,-0.0113449,0
3.8,1,0,0.29892,-0.0113271,0
3.8,1.1,0,0.29881,-0.0112397,0
3.8,1.2,0,0.298699,-0.0112008,0
3.8,1.3,0,0.298584,-0.0111333,0
3.8,1.4,0,0.298471,-0.0110426,0
3.8,1.5,0,0.298349,-0.0110171,0
3.8,1.6,0,0.298228,-0.0108742,0
3.8,1.7,0,0.298107,-0.0108196,0
3.8,1.8,0,0.297979,-0.0107169,0
3.8,1.9,0,0.297855,-0.0105765,0
3.8,2,0,0.297722,-0.010555,0
3.8,2.1,0,0.297588,-0.0103305,0
3.8,2.2,0,0.297456,-0.0102642,0
3.8,2.3,0,0.297317,-0.0101195,0
3.8,2.4,0,0.29718,-0.00991269,0
3.8,2.5,0,0.29704,-0.00990962,0
3.8,2.6,0,0.296889,-0.0095785,0
3.8,2.7,0,0.296752,-0.00950353,0
3.8,2.8,0,0.296603,-0.00931434,0
3.8,2.9,0,0.296456,-0.00903013,0
3.8,3,0,0.296319,-0.00904884,0
3.8,3.1,0,0.296156,-0.00861073,0
3.8,3.2,0,0.296022,-0.00851886,0
3.8,3.3,0,0.295879,-0.00829137,0
3.8,3.4,0,0.295736,-0.00794039,0
3.8,3.5,0,0.295596,-0.00794599,0
3.8,3.6,0,0.295482,-0.00745605,0
3.8,3.7,0,0.295334,-0.00731514,0
3.8,3.8,0,0.295235,-0.00706014,0
3.8,3.9,0,0.295163,-0.00668494,0
3.8,4,0,0.294922,-0.00658929,0
3.8,4.1,0,0.295037,-0.00614713,0
3.8,4.2,0,0.294804,-0.00590989,0
3.8,4.3,0,0.294774,-0.00562397,0
3.8,4.4,0,0.29488,-0.00527188,0
3.8,4.5,0,0.294364,-0.00499588,0
3.8,4.6,0,0.29486,-0.004666,0
3.8,4.7,0,0.294487,-0.00431373,0
3.8,4.8,0,0.294481,-0.00399392,0
3.8,4.9,0,0.294788,-0.00371468,0
3.8,5,0,0.294011,-0.00335504,0
3.8,5.1,0,0.293947,-0.00284889,0
3.8,5.2,0,0.293911,-0.00247382,0
3.8,5.3,0,0.293886,-0.00209609,0
3.8,5.4,0,0.293871,-0.00171665,0
3.8,5.5,0,0.293867,-0.00133639,0
3.8,5.6,0,0.293873,-0.00095625,0
3.8,5.7,0,0.29389,-0.000577167,0
3.8,5.8,0,0.293917,-0.000200011,0
3.8,5.9,0,0.293954,0.000174181,0
3.8,6,0,0.294032,0.000752311,0
3.8,6.1,0,0.294601,0.00108304,0
3.8,6.2,0,0.294834,0.0013815,0
3.8,6.3,0,0.294388,0.00165127,0
3.8,6.4,0,0.294532,0.00195866,0
3.8,6.5,0,0.294929,0.0022821,0
3.8,6.6,0,0.294739,0.00262418,0
3.8,6.7,0,0.294652,0.00293646,0
3.8,6.8,0,0.294972,0.00315392,0
3.8,6.9,0,0.295032,0.00347669,0
3.8,7,0,0.294955,0.00388135,0
3.8,7.1,0,0.295163,0.00403088,0
3.8,7.2,0,0.295327,0.00423656,0
3.8,7.3,0,0.295376,0.00465689,0
3.8,7.4,0,0.295501,0.0048781,0
3.8,7.5,0,0.29567,0.00498206,0
3.8,7.6,0,0.295784,0.00533534,0
3.8,7.7,0,0.295907,0.00565086,0
3.8,7.8,0,0.296067,0.0057202,0
3.8,7.9,0,0.296202,0.00594572,0
3.8,8,0,0.296335,0.00629246,0
3.8,8.1,0,0.296485,0.00638596,0
3.8,8.2,0,0.296625,0.00649878,0
3.8,8.3,0,0.29676,0.00678292,0
3.8,8.4,0,0.296901,0.00694683,0
3.8,8.5,0,0.297043,0.00701706,0
3.8,8.6,0,0.297169,0.0072146,0
3.8,8.7,0,0.297299,0.00740546,0
3.8,8.8,0,0.297433,0.00746941,0
3.8,8.9,0,0.297553,0.00758856,0
3.8,9,0,0.297674,0.0077577,0
3.8,9.1,0,0.297794,0.00783305,0
3.8,9.2,0,0.297908,0.00790447,0
3.8,9.3,0,0.298018,0.00803021,0
3.8,9.4,0,0.298127,0.00811866,0
3.8,9.5,0,0.298235,0.00816971,0
3.8,9.6,0,0.29833,0.00825581,0
3.8,9.7,0,0.298428,0.008341,0
3.8,9.8,0,0.298522,0.00838245,0
3.8,9.9,0,0.298609,0.00843749,0
3.8,10,0,0.298696,0.00850532,0
3.8,10.1,0,0.298778,0.00854461,0
3.8,10.2,0,0.298855,0.00858039,0
3.8,10.3,0,0.29893,0.00862913,0
3.8,10.4,0,0.299003,0.00866684,0
3.8,10.5,0,0.299071,0.00869069,0
3.8,10.6,0,0.299134,0.00872442,0
3.8,10.7,0,0.299199,0.00875765,0
3.8,10.8,0,0.299256,0.0087746,0
3.8,10.9,0,0.29931,0.00879597,0
3.8,11,0,0.299366,0.00882058,0
3.8,11.1,0,0.299416,0.0088354,0
3.8,11.2,0,0.299463,0.00884838,0
3.8,11.3,0,0.29951,0.00886533,0
3.8,11.4,0,0.299554,0.00887849,0
3.8,11.5,0,0.299595,0.008886,0
3.8,11.6,0,0.299634,0.00889721,0
3.8,11.7,0,0.299673,0.00890831,0
3.8,11.8,0,0.299708,0.00891295,0
3.8,11.9,0,0.299742,0.00891944,0
3.8,12,0,0.299775,0.00892734,0
3.8,12.1,0,0.299805,0.00893176,0
3.8,12.2,0,0.299834,0.00893519,0
3.8,12.3,0,0.299858,0.00894083,0
3.8,12.4,0,0.29988,0.00894519,0
3.8,12.5,0,0.299902,0.00894704,0
3.8,12.6,0,0.299909,0.00894892,0
3.8,12.7,0,0.29991,0.00895066,0
3.9,0,0,0.299704,-0.0119655,0
3.9,0.1,0,0.299699,-0.0119469,0
3.9,0.2,0,0.29965,-0.011941,0
3.9,0.3,0,0.29958,-0.0119215,0
3.9,0.4,0,0.299498,-0.0118923,0
3.9,0.5,0,0.299403,-0.0118838,0
3.9,0.6,0,0.299307,-0.0118346,0
3.9,0.7,0,0.2992,-0.0118093,0
3.9,0.8,0,0.299096,-0.0117698,0
3.9,0.9,0,0.298983,-0.0117189,0
3.9,1,0,0.298871,-0.0116971,0
3.9,1.1,0,0.298758,-0.0116151,0
3.9,1.2,0,0.298637,-0.011571,0
3.9,1.3,0,0.298521,-0.0115035,0
3.9,1.4,0,0.298395,-0.0114202,0
3.9,1.5,0,0.298272,-0.0113875,0
3.9,1.6,0,0.298148,-0.0112544,0
3.9,1.7,0,0.298014,-0.0111899,0
3.9,1.8,0,0.297886,-0.0110872,0
3.9,1.9,0,0.297747,-0.0109596,0
3.9,2,0,0.297611,-0.0109248,0
3.9,2.1,0,0.297474,-0.0107177,0
3.9,2.2,0,0.297326,-0.0106328,0
3.9,2.3,0,0.297187,-0.0104881,0
3.9,2.4,0,0.297033,-0.0103019,0
3.9,2.5,0,0.29689,-0.0102758,0
3.9,2.6,0,0.296737,-0.00997241,0
3.9,2.7,0,0.296581,-0.00986561,0
3.9,2.8,0,0.296431,-0.00967642,0
3.9,2.9,0,0.296266,-0.00942037,0
3.9,3,0,0.296125,-0.00940423,0
3.9,3.1,0,0.295961,-0.00900273,0
3.9,3.2,0,0.295804,-0.00886381,0
3.9,3.3,0,0.295661,-0.00863632,0
3.9,3.4,0,0.295497,-0.00831214,0
3.9,3.5,0,0.295353,-0.00827535,0
3.9,3.6,0,0.29523,-0.00782026,0
3.9,3.7,0,0.295063,-0.00762244,0
3.9,3.8,0,0.294964,-0.00736743,0
3.9,3.9,0,0.294847,-0.00699933,0
3.9,4,0,0.29462,-0.00686744,0
3.9,4.1,0,0.294689,-0.00644171,0
3.9,4.2,0,0.294466,-0.00615241,0
3.9,4.3,0,0.294436,-0.00586649,0
3.9,4.4,0,0.294442,-0.00548939,0
3.9,4.5,0,0.293989,-0.0051977,0
3.9,4.6,0,0.294383,-0.00485741,0
3.9,4.7,0,0.294081,-0.00447103,0
3.9,4.8,0,0.294075,-0.00415122,0
3.9,4.9,0,0.294245,-0.00383194,0
3.9,5,0,0.293586,-0.00347451,0
3.9,5.1,0,0.293512,-0.00294617,0
3.9,5.2,0,0.293472,-0.00255563,0
3.9,5.3,0,0.293444,-0.00216226,0
3.9,5.4,0,0.293428,-0.00176689,0
3.9,5.5,0,0.293424,-0.00137057,0
3.9,5.6,0,0.29343,-0.000974384,0
3.9,5.7,0,0.293449,-0.000579442,0
3.9,5.8,0,0.293479,-0.00018679,0
3.9,5.9,0,0.29352,0.000202697,0
3.9,6,0,0.293608,0.000806334,0
3.9,6.1,0,0.294178,0.00113706,0
3.9,6.2,0,0.294316,0.00147046,0
3.9,6.3,0,0.293994,0.00175516,0
3.9,6.4,0,0.294137,0.00206254,0
3.9,6.5,0,0.294422,0.00241757,0
3.9,6.6,0,0.29439,0.00278569,0
3.9,6.7,0,0.294303,0.00309797,0
3.9,6.8,0,0.294592,0.00333835,0
3.9,6.9,0,0.294729,0.00368498,0
3.9,7,0,0.294653,0.00408964,0
3.9,7.1,0,0.29486,0.00423916,0
3.9,7.2,0,0.295033,0.00451291,0
3.9,7.3,0,0.295115,0.00489952,0
3.9,7.4,0,0.29524,0.00512073,0
3.9,7.5,0,0.295412,0.00529117,0
3.9,7.6,0,0.295559,0.00560041,0
3.9,7.7,0,0.295683,0.00591593,0
3.9,7.8,0,0.295843,0.00600496,0
3.9,7.9,0,0.296012,0.00622411,0
3.9,8,0,0.296145,0.00657086,0
3.9,8.1,0,0.296294,0.00666436,0
3.9,8.2,0,0.296456,0.00681913,0
3.9,8.3,0,0.296601,0.00706839,0
3.9,8.4,0,0.296741,0.0072323,0
3.9,8.5,0,0.296891,0.00733272,0
3.9,8.6,0,0.297038,0.00750299,0
3.9,8.7,0,0.297169,0.00769385,0
3.9,8.8,0,0.297304,0.00776219,0
3.9,8.9,0,0.297448,0.0078788,0
3.9,9,0,0.297569,0.0080462,0
3.9,9.1,0,0.29769,0.00812155,0
3.9,9.2,0,0.297818,0.0082041,0
3.9,9.3,0,0.297936,0.00831682,0
3.9,9.4,0,0.298045,0.00840527,0
3.9,9.5,0,0.298156,0.00846328,0
3.9,9.6,0,0.298267,0.00853911,0
3.9,9.7,0,0.298365,0.0086243,0
3.9,9.8,0,0.298459,0.00866609,0
3.9,9.9,0,0.29856,0.00871787,0
3.9,10,0,0.298648,0.00878437,0
3.9,10.1,0,0.29873,0.00882366,0
3.9,10.2,0,0.298814,0.0088594,0
3.9,10.3,0,0.298895,0.00890341,0
3.9,10.4,0,0.298967,0.00894112,0
3.9,10.5,0,0.299037,0.00896573,0
3.9,10.6,0,0.299109,0.00899381,0
3.9,10.7,0,0.299173,0.00902704,0
3.9,10.8,0,0.29923,0.00904399,0
3.9,10.9,0,0.299292,0.00906163,0
3.9,11,0,0.299348,0.0090853,0
3.9,11.1,0,0.299398,0.00910012,0
3.9,11.2,0,0.299448,0.00911162,0
3.9,11.3,0,0.299498,0.0091259,0
3.9,11.4,0,0.299542,0.00913906,0
3.9,11.5,0,0.299583,0.00914648,0
3.9,11.6,0,0.299626,0.00915436,0
3.9,11.7,0,0.299665,0.00916545,0
3.9,11.8,0,0.2997,0.0091701,0
3.9,11.9,0,0.299736,0.00917468,0
3.9,12,0,0.299769,0.00918197,0
3.9,12.1,0,0.2998,0.00918639,0
3.9,12.2,0,0.299829,0.00918957,0
3.9,12.3,0,0.299854,0.00919402,0
3.9,12.4,0,0.299877,0.00919837,0
3.9,12.5,0,0.299896,0.00920014,0
3.9,12.6,0,0.299906,0.00920167,0
3.9,12.7,0,0.299907,0.0092034,0
4,0,0,0.299688,-0.0123362,0
4,0.1,0,0.299661,-0.0123236,0
4,0.2,0,0.299624,-0.0123139,0
4,0.3,0,0.299556,-0.0122957,0
4,0.4,0,0.299467,-0.0122722,0
4,0.5,0,0.299377,-0.0122537,0
4,0.6,0,0.299272,-0.0122158,0
4,0.7,0,0.299163,-0.0121837,0
4,0.8,0,0.299055,-0.0121451,0
4,0.9,0,0.298937,-0.0121026,0
4,1,0,0.298822,-0.012067,0
4,1.1,0,0.298701,-0.0120032,0
4,1.2,0,0.298576,-0.0119483,0
4,1.3,0,0.298455,-0.0118834,0
4,1.4,0,0.298324,-0.0118146,0
4,1.5,0,0.298195,-0.0117579,0
4,1.6,0,0.298062,-0.0116575,0
4,1.7,0,0.297923,-0.0115733,0
4,1.8,0,0.297789,-0.011475,0
4,1.9,0,0.297643,-0.0113737,0
4,2,0,0.297501,-0.0112946,0
4,2.1,0,0.297353,-0.0111453,0
4,2.2,0,0.2972,-0.011025,0
4,2.3,0,0.297053,-0.0108864,0
4,2.4,0,0.296894,-0.010745,0
4,2.5,0,0.29674,-0.010642,0
4,2.6,0,0.296579,-0.010431,0
4,2.7,0,0.296414,-0.0102663,0
4,2.8,0,0.296257,-0.0100823,0
4,2.9,0,0.296089,-0.00989191,0
4,3,0,0.29593,-0.00975962,0
4,3.1,0,0.295763,-0.00948018,0
4,3.2,0,0.295593,-0.00926176,0
4,3.3,0,0.295439,-0.00903156,0
4,3.4,0,0.29527,-0.00878281,0
4,3.5,0,0.29511,-0.0086047,0
4,3.6,0,0.294958,-0.00826582,0
4,3.7,0,0.294791,-0.00798503,0
4,3.8,0,0.294663,-0.00771139,0
4,3.9,0,0.294501,-0.00739829,0
4,4,0,0.294317,-0.00714559,0
4,4.1,0,0.294237,-0.00677465,0
4,4.2,0,0.294082,-0.0064311,0
4,4.3,0,0.294,-0.00611366,0
4,4.4,0,0.293859,-0.00574351,0
4,4.5,0,0.293614,-0.00539951,0
4,4.6,0,0.293668,-0.00502456,0
4,4.7,0,0.293551,-0.00463227,0
4,4.8,0,0.293505,-0.00429045,0
4,4.9,0,0.29343,-0.00394405,0
4,5,0,0.29316,-0.00359398,0
4,5.1,0,0.293078,-0.00304345,0
4,5.2,0,0.293034,-0.00263744,0
4,5.3,0,0.293003,-0.00222844,0
4,5.4,0,0.292985,-0.00181714,0
4,5.5,0,0.29298,-0.00140474,0
4,5.6,0,0.292987,-0.000992517,0
4,5.7,0,0.293008,-0.000581717,0
4,5.8,0,0.293041,-0.000173569,0
4,5.9,0,0.293087,0.000231214,0
4,6,0,0.293185,0.000860356,0
4,6.1,0,0.293448,0.00119298,0
4,6.2,0,0.293529,0.00152672,0
4,6.3,0,0.293599,0.00185904,0
4,6.4,0,0.293651,0.00218069,0
4,6.5,0,0.293782,0.00255967,0
4,6.6,0,0.293913,0.00293865,0
4,6.7,0,0.293954,0.00325948,0
4,6.8,0,0.294119,0.00359293,0
4,6.9,0,0.294272,0.00393541,0
4,7,0,0.29435,0.00429793,0
4,7.1,0,0.294524,0.00454289,0
4,7.2,0,0.294687,0.00484417,0
4,7.3,0,0.29485,0.00514545,0
4,7.4,0,0.294977,0.00540199,0
4,7.5,0,0.295145,0.00566008,0
4,7.6,0,0.295314,0.00591818,0
4,7.7,0,0.295459,0.006181,0
4,7.8,0,0.295626,0.00637995,0
4,7.9,0,0.295795,0.00659694,0
4,8,0,0.295954,0.00684925,0
4,8.1,0,0.296111,0.00700299,0
4,8.2,0,0.296275,0.00718249,0
4,8.3,0,0.29644,0.00736199,0
4,8.4,0,0.296584,0.00753208,0
4,8.5,0,0.29674,0.0076781,0
4,8.6,0,0.296897,0.00782413,0
4,8.7,0,0.297038,0.00798224,0
4,8.8,0,0.297181,0.00808979,0
4,8.9,0,0.297325,0.0082064,0
4,9,0,0.297464,0.00833469,0
4,9.1,0,0.29759,0.00842552,0
4,9.2,0,0.297721,0.0085167,0
4,9.3,0,0.297851,0.00860789,0
4,9.4,0,0.297964,0.00869428,0
4,9.5,0,0.29808,0.00876391,0
4,9.6,0,0.298196,0.00883354,0
4,9.7,0,0.298302,0.0089076,0
4,9.8,0,0.298401,0.00895708,0
4,9.9,0,0.298502,0.00900886,0
4,10,0,0.2986,0.00906341,0
4,10.1,0,0.298685,0.00910495,0
4,10.2,0,0.298771,0.00914235,0
4,10.3,0,0.298858,0.00917975,0
4,10.4,0,0.298933,0.00921557,0
4,10.5,0,0.299006,0.00924173,0
4,10.6,0,0.299079,0.00926789,0
4,10.7,0,0.299148,0.00929643,0
4,10.8,0,0.299208,0.00931389,0
4,10.9,0,0.29927,0.00933153,0
4,11,0,0.29933,0.00935003,0
4,11.1,0,0.299382,0.00936481,0
4,11.2,0,0.299433,0.00937627,0
4,11.3,0,0.299485,0.00938772,0
4,11.4,0,0.29953,0.00939963,0
4,11.5,0,0.299573,0.0094068,0
4,11.6,0,0.299616,0.00941397,0
4,11.7,0,0.299657,0.0094226,0
4,11.8,0,0.299693,0.0094272,0
4,11.9,0,0.299729,0.00943178,0
4,12,0,0.299764,0.0094366,0
4,12.1,0,0.299794,0.00944116,0
4,12.2,0,0.299822,0.00944451,0
4,12.3,0,0.299849,0.00944786,0
4,12.4,0,0.299873,0.00945156,0
4,12.5,0,0.299884,0.00945307,0
4,12.6,0,0.299896,0.00945456,0
4,12.7,0,0.299903,0.00945615,0
4.1,0,0,0.299671,-0.012716,0
4.1,0.1,0,0.299644,-0.0127056,0
4.1,0.2,0,0.299607,-0.0126959,0
4.1,0.3,0,0.299534,-0.0126779,0
4.1,0.4,0,0.299444,-0.0126544,0
4.1,0.5,0,0.29935,-0.0126332,0
4.1,0.6,0,0.29924,-0.0125996,0
4.1,0.7,0,0.299132,-0.0125674,0
4.1,0.8,0,0.299012,-0.012532,0
4.1,0.9,0,0.298894,-0.0124895,0
4.1,1,0,0.298773,-0.0124479,0
4.1,1.1,0,0.298645,-0.0123948,0
4.1,1.2,0,0.298521,-0.01234,0
4.1,1.3,0,0.298386,-0.0122818,0
4.1,1.4,0,0.298254,-0.0122131,0
4.1,1.5,0,0.298119,-0.0121405,0
4.1,1.6,0,0.297977,-0.012065,0
4.1,1.7,0,0.297838,-0.0119809,0
4.1,1.8,0,0.297688,-0.0118942,0
4.1,1.9,0,0.297542,-0.0117929,0
4.1,2,0,0.297389,-0.0116767,0
4.1,2.1,0,0.297234,-0.0115786,0
4.1,2.2,0,0.297081,-0.0114583,0
4.1,2.3,0,0.296915,-0.0113356,0
4.1,2.4,0,0.296756,-0.0111942,0
4.1,2.5,0,0.296585,-0.0110174,0
4.1,2.6,0,0.296422,-0.0108964,0
4.1,2.7,0,0.296258,-0.0107317,0
4.1,2.8,0,0.296081,-0.0105613,0
4.1,2.9,0,0.295913,-0.0103709,0
4.1,3,0,0.295724,-0.010118,0
4.1,3.1,0,0.295565,-0.00996574,0
4.1,3.2,0,0.295395,-0.00974732,0
4.1,3.3,0,0.295211,-0.00951095,0
4.1,3.4,0,0.295043,-0.0092622,0
4.1,3.5,0,0.294844,-0.00893131,0
4.1,3.6,0,0.294684,-0.00872044,0
4.1,3.7,0,0.294518,-0.00843965,0
4.1,3.8,0,0.294316,-0.00811923,0
4.1,3.9,0,0.294154,-0.00780613,0
4.1,4,0,0.293993,-0.00742399,0
4.1,4.1,0,0.293782,-0.00711561,0
4.1,4.2,0,0.293627,-0.00677206,0
4.1,4.3,0,0.293411,-0.00637453,0
4.1,4.4,0,0.293271,-0.00600438,0
4.1,4.5,0,0.293245,-0.00561264,0
4.1,4.6,0,0.292945,-0.00519726,0
4.1,4.7,0,0.292828,-0.00480497,0
4.1,4.8,0,0.292674,-0.00437151,0
4.1,4.9,0,0.292599,-0.00402512,0
4.1,5,0,0.29276,-0.00373094,0
4.1,5.1,0,0.292673,-0.003155,0
4.1,5.2,0,0.292625,-0.00272975,0
4.1,5.3,0,0.292591,-0.00230126,0
4.1,5.4,0,0.292572,-0.00187037,0
4.1,5.5,0,0.292566,-0.00143834,0
4.1,5.6,0,0.292574,-0.00100648,0
4.1,5.7,0,0.292596,-0.000576106,0
4.1,5.8,0,0.292632,-0.000148506,0
4.1,5.9,0,0.292682,0.000275468,0
4.1,6,0,0.292788,0.000933523,0
4.1,6.1,0,0.292635,0.00120282,0
4.1,6.2,0,0.292717,0.00153657,0
4.1,6.3,0,0.292812,0.00187546,0
4.1,6.4,0,0.293,0.00233554,0
4.1,6.5,0,0.293131,0.00271452,0
4.1,6.6,0,0.293262,0.0030935,0
4.1,6.7,0,0.293501,0.00350909,0
4.1,6.8,0,0.293641,0.00386194,0
4.1,6.9,0,0.293793,0.00420442,0
4.1,7,0,0.294011,0.00451614,0
4.1,7.1,0,0.294175,0.00489038,0
4.1,7.2,0,0.294338,0.00519166,0
4.1,7.3,0,0.294502,0.00549294,0
4.1,7.4,0,0.29471,0.00578681,0
4.1,7.5,0,0.294878,0.0060449,0
4.1,7.6,0,0.295046,0.006303,0
4.1,7.7,0,0.295235,0.00653121,0
4.1,7.8,0,0.29541,0.00676963,0
4.1,7.9,0,0.295579,0.00698662,0
4.1,8,0,0.29575,0.00716389,0
4.1,8.1,0,0.295932,0.00737958,0
4.1,8.2,0,0.296097,0.00755908,0
4.1,8.3,0,0.296261,0.00773858,0
4.1,8.4,0,0.296438,0.00788916,0
4.1,8.5,0,0.296594,0.00803518,0
4.1,8.6,0,0.29675,0.00818121,0
4.1,8.7,0,0.296915,0.00830361,0
4.1,8.8,0,0.297063,0.00842758,0
4.1,8.9,0,0.297208,0.0085442,0
4.1,9,0,0.297356,0.00865143,0
4.1,9.1,0,0.297498,0.00874686,0
4.1,9.2,0,0.297629,0.00883804,0
4.1,9.3,0,0.297759,0.00892923,0
4.1,9.4,0,0.297893,0.00900223,0
4.1,9.5,0,0.298009,0.00907186,0
4.1,9.6,0,0.298125,0.00914148,0
4.1,9.7,0,0.298245,0.00920311,0
4.1,9.8,0,0.298349,0.00925405,0
4.1,9.9,0,0.29845,0.00930583,0
4.1,10,0,0.298552,0.00935636,0
4.1,10.1,0,0.298647,0.00939263,0
4.1,10.2,0,0.298733,0.00943003,0
4.1,10.3,0,0.29882,0.00946744,0
4.1,10.4,0,0.298906,0.00949521,0
4.1,10.5,0,0.298979,0.00952137,0
4.1,10.6,0,0.299053,0.00954753,0
4.1,10.7,0,0.299128,0.00957075,0
4.1,10.8,0,0.29919,0.00958649,0
4.1,10.9,0,0.299252,0.00960413,0
4.1,11,0,0.299314,0.00962138,0
4.1,11.1,0,0.29937,0.00963137,0
4.1,11.2,0,0.299421,0.00964283,0
4.1,11.3,0,0.299473,0.00965428,0
4.1,11.4,0,0.299523,0.00966123,0
4.1,11.5,0,0.299566,0.0096684,0
4.1,11.6,0,0.299609,0.00967556,0
4.1,11.7,0,0.299652,0.00968147,0
4.1,11.8,0,0.299688,0.00968494,0
4.1,11.9,0,0.299724,0.00968952,0
4.1,12,0,0.29976,0.00969398,0
4.1,12.1,0,0.299791,0.00969636,0
4.1,12.2,0,0.299818,0.00969971,0
4.1,12.3,0,0.299846,0.00970306,0
4.1,12.4,0,0.29987,0.00970559,0
4.1,12.5,0,0.299882,0.0097071,0
4.1,12.6,0,0.299893,0.0097086,0
4.1,12.7,0,0.2999,0.00970952,0
4.2,0,0,0.299654,-0.0131049,0
4.2,0.1,0,0.299648,-0.013093,0
4.2,0.2,0,0.299596,-0.0130841,0
4.2,0.3,0,0.299516,-0.013065,0
4.2,0.4,0,0.299429,-0.0130389,0
4.2,0.5,0,0.299323,-0.0130222,0
4.2,0.6,0,0.299212,-0.0129859,0
4.2,0.7,0,0.299099,-0.012956,0
4.2,0.8,0,0.298974,-0.0129221,0
4.2,0.9,0,0.298853,-0.0128796,0
4.2,1,0,0.298726,-0.0128396,0
4.2,1.1,0,0.298592,-0.0127902,0
4.2,1.2,0,0.298463,-0.0127342,0
4.2,1.3,0,0.298322,-0.0126789,0
4.2,1.4,0,0.298187,-0.0126156,0
4.2,1.5,0,0.298043,-0.0125354,0
4.2,1.6,0,0.297894,-0.0124771,0
4.2,1.7,0,0.297749,-0.0123829,0
4.2,1.8,0,0.297592,-0.0123011,0
4.2,1.9,0,0.297442,-0.0122171,0
4.2,2,0,0.297277,-0.012071,0
4.2,2.1,0,0.297116,-0.0120175,0
4.2,2.2,0,0.296953,-0.0118684,0
4.2,2.3,0,0.29678,-0.0117524,0
4.2,2.4,0,0.296619,-0.0116495,0
4.2,2.5,0,0.296425,-0.0114022,0
4.2,2.6,0,0.296267,-0.0113686,0
4.2,2.7,0,0.296083,-0.0111455,0
4.2,2.8,0,0.295898,-0.0109808,0
4.2,2.9,0,0.295738,-0.0108574,0
4.2,3,0,0.295505,-0.0104793,0
4.2,3.1,0,0.295367,-0.0104594,0
4.2,3.2,0,0.295165,-0.0101512,0
4.2,3.3,0,0.294969,-0.00991262,0
4.2,3.4,0,0.294815,-0.00975032,0
4.2,3.5,0,0.294556,-0.00925516,0
4.2,3.6,0,0.29441,-0.00918413,0
4.2,3.7,0,0.294216,-0.00880624,0
4.2,3.8,0,0.293985,-0.00846703,0
4.2,3.9,0,0.293805,-0.00822286,0
4.2,4,0,0.293649,-0.00770265,0
4.2,4.1,0,0.293324,-0.0074646,0
4.2,4.2,0,0.293228,-0.00706373,0
4.2,4.3,0,0.292958,-0.00663365,0
4.2,4.4,0,0.292677,-0.00627201,0
4.2,4.5,0,0.29288,-0.00583708,0
4.2,4.6,0,0.292214,-0.00537551,0
4.2,4.7,0,0.292315,-0.00499053,0
4.2,4.8,0,0.292115,-0.00450578,0
4.2,4.9,0,0.291753,-0.00407514,0
4.2,5,0,0.292388,-0.00388539,0
4.2,5.1,0,0.292295,-0.00328083,0
4.2,5.2,0,0.292244,-0.00283256,0
4.2,5.3,0,0.292208,-0.00238073,0
4.2,5.4,0,0.292187,-0.00192659,0
4.2,5.5,0,0.292181,-0.00147134,0
4.2,5.6,0,0.29219,-0.00101626,0
4.2,5.7,0,0.292214,-0.000562609,0
4.2,5.8,0,0.292253,-0.0001116,0
4.2,5.9,0,0.292307,0.000335459,0
4.2,6,0,0.292419,0.00102583,0
4.2,6.1,0,0.29187,0.00118645,0
4.2,6.2,0,0.291878,0.0015,0
4.2,6.3,0,0.292449,0.00201147,0
4.2,6.4,0,0.292526,0.00248333,0
4.2,6.5,0,0.29247,0.00288211,0
4.2,6.6,0,0.292772,0.00326611,0
4.2,6.7,0,0.293145,0.00368564,0
4.2,6.8,0,0.293157,0.00414539,0
4.2,6.9,0,0.293323,0.0044815,0
4.2,7,0,0.293677,0.00472852,0
4.2,7.1,0,0.293827,0.00522023,0
4.2,7.2,0,0.293987,0.00555539,0
4.2,7.3,0,0.294203,0.0057426,0
4.2,7.4,0,0.294421,0.00607962,0
4.2,7.5,0,0.29461,0.00644563,0
4.2,7.6,0,0.294786,0.00664124,0
4.2,7.7,0,0.294982,0.00680508,0
4.2,7.8,0,0.295194,0.007174,0
4.2,7.9,0,0.295363,0.00738856,0
4.2,8,0,0.295542,0.00745965,0
4.2,8.1,0,0.295746,0.00774201,0
4.2,8.2,0,0.29592,0.00794888,0
4.2,8.3,0,0.296093,0.00805666,0
4.2,8.4,0,0.296276,0.00821298,0
4.2,8.5,0,0.296451,0.00840396,0
4.2,8.6,0,0.296612,0.00852762,0
4.2,8.7,0,0.296782,0.00861981,0
4.2,8.8,0,0.296951,0.00877558,0
4.2,8.9,0,0.297095,0.0088922,0
4.2,9,0,0.297254,0.00896799,0
4.2,9.1,0,0.297406,0.00907209,0
4.2,9.2,0,0.297542,0.00916811,0
4.2,9.3,0,0.297681,0.00924477,0
4.2,9.4,0,0.297819,0.00931523,0
4.2,9.5,0,0.297944,0.00938712,0
4.2,9.6,0,0.298064,0.00945334,0
4.2,9.7,0,0.298189,0.00950887,0
4.2,9.8,0,0.298302,0.00955698,0
4.2,9.9,0,0.298403,0.00960876,0
4.2,10,0,0.298513,0.00965391,0
4.2,10.1,0,0.298611,0.00968723,0
4.2,10.2,0,0.2987,0.00972245,0
4.2,10.3,0,0.298792,0.00975717,0
4.2,10.4,0,0.29888,0.00978353,0
4.2,10.5,0,0.298958,0.00980465,0
4.2,10.6,0,0.299032,0.00983,0
4.2,10.7,0,0.299111,0.00985125,0
4.2,10.8,0,0.299176,0.0098619,0
4.2,10.9,0,0.299238,0.00987943,0
4.2,11,0,0.299303,0.00989423,0
4.2,11.1,0,0.299361,0.009902,0
4.2,11.2,0,0.299413,0.0099113,0
4.2,11.3,0,0.299466,0.00992122,0
4.2,11.4,0,0.299517,0.00992736,0
4.2,11.5,0,0.299561,0.00993127,0
4.2,11.6,0,0.299604,0.00993801,0
4.2,11.7,0,0.299649,0.00994242,0
4.2,11.8,0,0.299686,0.00994357,0
4.2,11.9,0,0.299722,0.00994792,0
4.2,12,0,0.299758,0.00995105,0
4.2,12.1,0,0.29979,0.00995273,0
4.2,12.2,0,0.299819,0.00995518,0
4.2,12.3,0,0.299845,0.00995809,0
4.2,12.4,0,0.299868,0.00996035,0
4.2,12.5,0,0.299887,0.00996225,0
4.2,12.6,0,0.299897,0.00996357,0
4.2,12.7,0,0.299898,0.00996353,0
4.3,0,0,0.299637,-0.0134937,0
4.3,0.1,0,0.299637,-0.0134814,0
4.3,0.2,0,0.299577,-0.0134729,0
4.3,0.3,0,0.299496,-0.0134537,0
4.3,0.4,0,0.299406,-0.0134266,0
4.3,0.5,0,0.299297,-0.0134113,0
4.3,0.6,0,0.299184,-0.0133741,0
4.3,0.7,0,0.299063,-0.0133461,0
4.3,0.8,0,0.298938,-0.0133122,0
4.3,0.9,0,0.298808,-0.0132708,0
4.3,1,0,0.298678,-0.0132313,0
4.3,1.1,0,0.298542,-0.013183,0
4.3,1.2,0,0.298402,-0.0131276,0
4.3,1.3,0,0.298262,-0.0130723,0
4.3,1.4,0,0.298114,-0.0130128,0
4.3,1.5,0,0.297968,-0.0129302,0
4.3,1.6,0,0.297816,-0.0128771,0
4.3,1.7,0,0.297657,-0.0127782,0
4.3,1.8,0,0.297499,-0.0126964,0
4.3,1.9,0,0.297334,-0.0126203,0
4.3,2,0,0.297165,-0.0124653,0
4.3,2.1,0,0.297003,-0.0124251,0
4.3,2.2,0,0.296819,-0.0122594,0
4.3,2.3,0,0.296646,-0.0121434,0
4.3,2.4,0,0.296467,-0.0120555,0
4.3,2.5,0,0.296266,-0.0117869,0
4.3,2.6,0,0.296109,-0.0117796,0
4.3,2.7,0,0.295895,-0.0115205,0
4.3,2.8,0,0.295711,-0.0113558,0
4.3,2.9,0,0.295532,-0.0112562,0
4.3,3,0,0.295286,-0.0108406,0
4.3,3.1,0,0.295154,-0.0108605,0
4.3,3.2,0,0.294912,-0.0104952,0
4.3,3.3,0,0.294716,-0.0102566,0
4.3,3.4,0,0.294545,-0.0101235,0
4.3,3.5,0,0.294269,-0.009579,0
4.3,3.6,0,0.294127,-0.00954993,0
4.3,3.7,0,0.293897,-0.00910808,0
4.3,3.8,0,0.293665,-0.00876887,0
4.3,3.9,0,0.293459,-0.00854294,0
4.3,4,0,0.293304,-0.0079813,0
4.3,4.1,0,0.292945,-0.00776436,0
4.3,4.2,0,0.292869,-0.00731719,0
4.3,4.3,0,0.292599,-0.00688711,0
4.3,4.4,0,0.292244,-0.0065094,0
4.3,4.5,0,0.292515,-0.00606152,0
4.3,4.6,0,0.291739,-0.00558609,0
4.3,4.7,0,0.291947,-0.00518096,0
4.3,4.8,0,0.291748,-0.00469621,0
4.3,4.9,0,0.291239,-0.00419826,0
4.3,5,0,0.292015,-0.00403985,0
4.3,5.1,0,0.291918,-0.00340666,0
4.3,5.2,0,0.291864,-0.00293537,0
4.3,5.3,0,0.291825,-0.00246021,0
4.3,5.4,0,0.291802,-0.0019828,0
4.3,5.5,0,0.291795,-0.00150435,0
4.3,5.6,0,0.291805,-0.00102605,0
4.3,5.7,0,0.291832,-0.000549113,0
4.3,5.8,0,0.291874,-7.46938e-05,0
4.3,5.9,0,0.291932,0.000395451,0
4.3,6,0,0.292049,0.00111815,0
4.3,6.1,0,0.2915,0.00127876,0
4.3,6.2,0,0.291365,0.00158191,0
4.3,6.3,0,0.292085,0.00214747,0
4.3,6.4,0,0.292162,0.00261933,0
4.3,6.5,0,0.291959,0.00304268,0
4.3,6.6,0,0.292417,0.00344266,0
4.3,6.7,0,0.29279,0.00386219,0
4.3,6.8,0,0.29277,0.00434826,0
4.3,6.9,0,0.292989,0.00469388,0
4.3,7,0,0.293343,0.0049409,0
4.3,7.1,0,0.293494,0.00543261,0
4.3,7.2,0,0.293669,0.00584573,0
4.3,7.3,0,0.293906,0.00598784,0
4.3,7.4,0,0.294125,0.00632486,0
4.3,7.5,0,0.294334,0.00677288,0
4.3,7.6,0,0.294533,0.00691511,0
4.3,7.7,0,0.29473,0.00707895,0
4.3,7.8,0,0.294948,0.00747124,0
4.3,7.9,0,0.295155,0.00768432,0
4.3,8,0,0.295334,0.00775541,0
4.3,8.1,0,0.295538,0.00803776,0
4.3,8.2,0,0.295749,0.00829446,0
4.3,8.3,0,0.295925,0.00836639,0
4.3,8.4,0,0.296109,0.0085227,0
4.3,8.5,0,0.296299,0.00874374,0
4.3,8.6,0,0.29648,0.00884382,0
4.3,8.7,0,0.29665,0.008936,0
4.3,8.8,0,0.296821,0.00909533,0
4.3,8.9,0,0.296993,0.00921016,0
4.3,9,0,0.297152,0.00928455,0
4.3,9.1,0,0.297304,0.00938864,0
4.3,9.2,0,0.29746,0.00948948,0
4.3,9.3,0,0.297604,0.00955731,0
4.3,9.4,0,0.297742,0.00962777,0
4.3,9.5,0,0.297874,0.00970092,0
4.3,9.6,0,0.298008,0.00975909,0
4.3,9.7,0,0.298134,0.00981462,0
4.3,9.8,0,0.298247,0.00986261,0
4.3,9.9,0,0.298363,0.00990692,0
4.3,10,0,0.298474,0.00995146,0
4.3,10.1,0,0.298572,0.00998477,0
4.3,10.2,0,0.29867,0.0100138,0
4.3,10.3,0,0.298765,0.0100461,0
4.3,10.4,0,0.298854,0.0100724,0
4.3,10.5,0,0.298933,0.010091,0
4.3,10.6,0,0.299015,0.0101105,0
4.3,10.7,0,0.299094,0.0101318,0
4.3,10.8,0,0.299159,0.0101424,0
4.3,10.9,0,0.299227,0.0101527,0
4.3,11,0,0.299293,0.0101671,0
4.3,11.1,0,0.29935,0.0101749,0
4.3,11.2,0,0.299405,0.0101797,0
4.3,11.3,0,0.29946,0.0101875,0
4.3,11.4,0,0.299511,0.0101936,0
4.3,11.5,0,0.299555,0.0101962,0
4.3,11.6,0,0.299601,0.010199,0
4.3,11.7,0,0.299646,0.0102034,0
4.3,11.8,0,0.299683,0.0102045,0
4.3,11.9,0,0.29972,0.0102053,0
4.3,12,0,0.299756,0.0102081,0
4.3,12.1,0,0.299788,0.0102098,0
4.3,12.2,0,0.299818,0.0102108,0
4.3,12.3,0,0.299842,0.0102128,0
4.3,12.4,0,0.299866,0.0102151,0
4.3,12.5,0,0.299887,0.0102171,0
4.3,12.6,0,0.299895,0.0102176,0
4.3,12.7,0,0.299895,0.0102175,0
4.4,0,0,0.299619,-0.0138826,0
4.4,0.1,0,0.299601,-0.0138714,0
4.4,0.2,0,0.299557,-0.0138617,0
4.4,0.3,0,0.299476,-0.0138425,0
4.4,0.4,0,0.299376,-0.0138191,0
4.4,0.5,0,0.29927,-0.0138003,0
4.4,0.6,0,0.299152,-0.0137662,0
4.4,0.7,0,0.299027,-0.0137363,0
4.4,0.8,0,0.298902,-0.0137023,0
4.4,0.9,0,0.298764,-0.0136626,0
4.4,1,0,0.298631,-0.013623,0
4.4,1.1,0,0.298489,-0.0135732,0
4.4,1.2,0,0.298342,-0.0135211,0
4.4,1.3,0,0.298201,-0.0134658,0
4.4,1.4,0,0.298043,-0.0134003,0
4.4,1.5,0,0.297892,-0.013325,0
4.4,1.6,0,0.297732,-0.0132585,0
4.4,1.7,0,0.297564,-0.0131736,0
4.4,1.8,0,0.297407,-0.0130917,0
4.4,1.9,0,0.297227,-0.0129916,0
4.4,2,0,0.297053,-0.0128596,0
4.4,2.1,0,0.296877,-0.0127812,0
4.4,2.2,0,0.296685,-0.0126504,0
4.4,2.3,0,0.296511,-0.0125344,0
4.4,2.4,0,0.296309,-0.0123887,0
4.4,2.5,0,0.296107,-0.0121717,0
4.4,2.6,0,0.295923,-0.0120865,0
4.4,2.7,0,0.295708,-0.0118954,0
4.4,2.8,0,0.295523,-0.0117307,0
4.4,2.9,0,0.295303,-0.0115283,0
4.4,3,0,0.295067,-0.0112019,0
4.4,3.1,0,0.294891,-0.011102,0
4.4,3.2,0,0.294659,-0.0108393,0
4.4,3.3,0,0.294463,-0.0106007,0
4.4,3.4,0,0.294237,-0.010332,0
4.4,3.5,0,0.293981,-0.00990285,0
4.4,3.6,0,0.293802,-0.0097443,0
4.4,3.7,0,0.293577,-0.00940992,0
4.4,3.8,0,0.293345,-0.00907071,0
4.4,3.9,0,0.293138,-0.00872968,0
4.4,4,0,0.292959,-0.00825996,0
4.4,4.1,0,0.29268,-0.00796659,0
4.4,4.2,0,0.29251,-0.00757065,0
4.4,4.3,0,0.29224,-0.00714057,0
4.4,4.4,0,0.292067,-0.00672251,0
4.4,4.5,0,0.292151,-0.00628595,0
4.4,4.6,0,0.291665,-0.00582027,0
4.4,4.7,0,0.291579,-0.00537139,0
4.4,4.8,0,0.29138,-0.00488664,0
4.4,4.9,0,0.291248,-0.00446504,0
4.4,5,0,0.291642,-0.0041943,0
4.4,5.1,0,0.291541,-0.00353249,0
4.4,5.2,0,0.291483,-0.00303818,0
4.4,5.3,0,0.291442,-0.00253968,0
4.4,5.4,0,0.291417,-0.00203902,0
4.4,5.5,0,0.29141,-0.00153736,0
4.4,5.6,0,0.291421,-0.00103584,0
4.4,5.7,0,0.29145,-0.000535616,0
4.4,5.8,0,0.291495,-3.77877e-05,0
4.4,5.9,0,0.291557,0.000455442,0
4.4,6,0,0.29168,0.00121046,0
4.4,6.1,0,0.291294,0.00143032,0
4.4,6.2,0,0.291383,0.00182275,0
4.4,6.3,0,0.291722,0.00228348,0
4.4,6.4,0,0.291799,0.00275534,0
4.4,6.5,0,0.291902,0.00318765,0
4.4,6.6,0,0.292061,0.00361921,0
4.4,6.7,0,0.292435,0.00403875,0
4.4,6.8,0,0.292527,0.00447178,0
4.4,6.9,0,0.292708,0.00486239,0
4.4,7,0,0.29301,0.00515328,0
4.4,7.1,0,0.293175,0.00561227,0
4.4,7.2,0,0.293388,0.00595769,0
4.4,7.3,0,0.293609,0.00623308,0
4.4,7.4,0,0.293828,0.0065701,0
4.4,7.5,0,0.294052,0.00689127,0
4.4,7.6,0,0.29428,0.00718782,0
4.4,7.7,0,0.294477,0.00735282,0
4.4,7.8,0,0.294701,0.00767135,0
4.4,7.9,0,0.294929,0.00791775,0
4.4,8,0,0.295125,0.00805117,0
4.4,8.1,0,0.295332,0.00831679,0
4.4,8.2,0,0.295551,0.00851505,0
4.4,8.3,0,0.295757,0.00867611,0
4.4,8.4,0,0.295941,0.00883243,0
4.4,8.5,0,0.296142,0.00900088,0
4.4,8.6,0,0.296346,0.00915561,0
4.4,8.7,0,0.296518,0.00925219,0
4.4,8.8,0,0.296695,0.00939229,0
4.4,8.9,0,0.296881,0.00950939,0
4.4,9,0,0.29705,0.0096011,0
4.4,9.1,0,0.297204,0.00970271,0
4.4,9.2,0,0.297368,0.0097885,0
4.4,9.3,0,0.297528,0.00986984,0
4.4,9.4,0,0.297666,0.0099403,0
4.4,9.5,0,0.297807,0.0100039,0
4.4,9.6,0,0.29795,0.0100645,0
4.4,9.7,0,0.298078,0.0101204,0
4.4,9.8,0,0.298195,0.0101654,0
4.4,9.9,0,0.298318,0.0102062,0
4.4,10,0,0.298435,0.010249,0
4.4,10.1,0,0.298533,0.0102821,0
4.4,10.2,0,0.298637,0.0103078,0
4.4,10.3,0,0.298739,0.010335,0
4.4,10.4,0,0.298827,0.0103613,0
4.4,10.5,0,0.298911,0.0103773,0
4.4,10.6,0,0.298997,0.0103922,0
4.4,10.7,0,0.299077,0.0104123,0
4.4,10.8,0,0.299144,0.0104217,0
4.4,10.9,0,0.299214,0.0104291,0
4.4,11,0,0.299283,0.0104399,0
4.4,11.1,0,0.29934,0.0104477,0
4.4,11.2,0,0.299398,0.0104503,0
4.4,11.3,0,0.299455,0.0104537,0
4.4,11.4,0,0.299505,0.0104599,0
4.4,11.5,0,0.299551,0.0104608,0
4.4,11.6,0,0.299597,0.0104608,0
4.4,11.7,0,0.299643,0.0104643,0
4.4,11.8,0,0.29968,0.0104649,0
4.4,11.9,0,0.299717,0.0104643,0
4.4,12,0,0.299754,0.0104652,0
4.4,12.1,0,0.299786,0.0104669,0
4.4,12.2,0,0.299813,0.0104672,0
4.4,12.3,0,0.29984,0.0104676,0
4.4,12.4,0,0.299864,0.0104699,0
4.4,12.5,0,0.299879,0.010471,0
4.4,12.6,0,0.29989,0.0104714,0
4.4,12.7,0,0.299893,0.0104715,0
4.5,0,0,0.299602,-0.0142715,0
4.5,0.1,0,0.29956,-0.0142616,0
4.5,0.2,0,0.299518,-0.0142518,0
4.5,0.3,0,0.299446,-0.0142354,0
4.5,0.4,0,0.299345,-0.0142124,0
4.5,0.5,0,0.299243,-0.0141893,0
4.5,0.6,0,0.299118,-0.0141591,0
4.5,0.7,0,0.298992,-0.0141289,0
4.5,0.8,0,0.29886,-0.0140939,0
4.5,0.9,0,0.298722,-0.0140543,0
4.5,1,0,0.298584,-0.0140147,0
4.5,1.1,0,0.298435,-0.013963,0
4.5,1.2,0,0.298287,-0.0139112,0
4.5,1.3,0,0.298133,-0.0138523,0
4.5,1.4,0,0.297975,-0.0137861,0
4.5,1.5,0,0.297816,-0.0137199,0
4.5,1.6,0,0.297647,-0.0136366,0
4.5,1.7,0,0.297477,-0.0135534,0
4.5,1.8,0,0.297302,-0.0134602,0
4.5,1.9,0,0.297121,-0.013357,0
4.5,2,0,0.29694,-0.0132539,0
4.5,2.1,0,0.296748,-0.0131276,0
4.5,2.2,0,0.296555,-0.0130013,0
4.5,2.3,0,0.296356,-0.0128618,0
4.5,2.4,0,0.296152,-0.0127091,0
4.5,2.5,0,0.295947,-0.0125564,0
4.5,2.6,0,0.295732,-0.012374,0
4.5,2.7,0,0.295517,-0.0121916,0
4.5,2.8,0,0.295297,-0.011993,0
4.5,2.9,0,0.295072,-0.0117781,0
4.5,3,0,0.294848,-0.0115631,0
4.5,3.1,0,0.294617,-0.0113136,0
4.5,3.2,0,0.294387,-0.0110641,0
4.5,3.3,0,0.294156,-0.0107969,0
4.5,3.4,0,0.293925,-0.0105118,0
4.5,3.5,0,0.293693,-0.0102267,0
4.5,3.6,0,0.293469,-0.0099063,0
4.5,3.7,0,0.293245,-0.00958591,0
4.5,3.8,0,0.293029,-0.00924829,0
4.5,3.9,0,0.292822,-0.00889345,0
4.5,4,0,0.292615,-0.00853861,0
4.5,4.1,0,0.292434,-0.00814971,0
4.5,4.2,0,0.292253,-0.00776081,0
4.5,4.3,0,0.292087,-0.00735516,0
4.5,4.4,0,0.291937,-0.00693278,0
4.5,4.5,0,0.291786,-0.00651039,0
4.5,4.6,0,0.291663,-0.00605689,0
4.5,4.7,0,0.291541,-0.00560339,0
4.5,4.8,0,0.291437,-0.00517106,0
4.5,4.9,0,0.291353,-0.00475991,0
4.5,5,0,0.291269,-0.00434875,0
4.5,5.1,0,0.291164,-0.00365832,0
4.5,5.2,0,0.291103,-0.00314099,0
4.5,5.3,0,0.291059,-0.00261915,0
4.5,5.4,0,0.291032,-0.00209524,0
4.5,5.5,0,0.291025,-0.00157036,0
4.5,5.6,0,0.291037,-0.00104562,0
4.5,5.7,0,0.291067,-0.000522119,0
4.5,5.8,0,0.291116,-8.81625e-07,0
4.5,5.9,0,0.291181,0.000515434,0
4.5,6,0,0.29131,0.00130277,0
4.5,6.1,0,0.2914,0.00169521,0
4.5,6.2,0,0.291489,0.00208764,0
4.5,6.3,0,0.291579,0.00248008,0
4.5,6.4,0,0.291702,0.00289917,0
4.5,6.5,0,0.291844,0.00333262,0
4.5,6.6,0,0.291986,0.00376607,0
4.5,6.7,0,0.29214,0.00418666,0
4.5,6.8,0,0.292322,0.00457727,0
4.5,6.9,0,0.292503,0.00496787,0
4.5,7,0,0.292685,0.00535848,0
4.5,7.1,0,0.292896,0.00570616,0
4.5,7.2,0,0.293109,0.00605158,0
4.5,7.3,0,0.293322,0.006397,0
4.5,7.4,0,0.293543,0.0067131,0
4.5,7.5,0,0.293771,0.00700965,0
4.5,7.6,0,0.293999,0.0073062,0
4.5,7.7,0,0.294227,0.00759021,0
4.5,7.8,0,0.294455,0.0078366,0
4.5,7.9,0,0.294684,0.008083,0
4.5,8,0,0.294912,0.0083294,0
4.5,8.1,0,0.295132,0.00853247,0
4.5,8.2,0,0.295351,0.00873073,0
4.5,8.3,0,0.29557,0.00892899,0
4.5,8.4,0,0.295781,0.0091033,0
4.5,8.5,0,0.295985,0.00925802,0
4.5,8.6,0,0.296189,0.00941274,0
4.5,8.7,0,0.296389,0.00955994,0
4.5,8.8,0,0.296574,0.00967705,0
4.5,8.9,0,0.296759,0.00979415,0
4.5,9,0,0.296944,0.00991125,0
4.5,9.1,0,0.297112,0.0100017,0
4.5,9.2,0,0.297277,0.0100875,0
4.5,9.3,0,0.297441,0.0101733,0
4.5,9.4,0,0.297596,0.0102464,0
4.5,9.5,0,0.297739,0.010307,0
4.5,9.6,0,0.297883,0.0103675,0
4.5,9.7,0,0.298024,0.010425,0
4.5,9.8,0,0.298147,0.0104658,0
4.5,9.9,0,0.29827,0.0105066,0
4.5,10,0,0.298393,0.0105473,0
4.5,10.1,0,0.2985,0.0105761,0
4.5,10.2,0,0.298604,0.0106019,0
4.5,10.3,0,0.298708,0.0106277,0
4.5,10.4,0,0.298803,0.0106485,0
4.5,10.5,0,0.29889,0.0106634,0
4.5,10.6,0,0.298976,0.0106783,0
4.5,10.7,0,0.29906,0.0106924,0
4.5,10.8,0,0.299131,0.0106998,0
4.5,10.9,0,0.299201,0.0107072,0
4.5,11,0,0.299272,0.0107145,0
4.5,11.1,0,0.299332,0.0107183,0
4.5,11.2,0,0.29939,0.0107209,0
4.5,11.3,0,0.299447,0.0107235,0
4.5,11.4,0,0.2995,0.0107251,0
4.5,11.5,0,0.299547,0.0107251,0
4.5,11.6,0,0.299593,0.0107252,0
4.5,11.7,0,0.299639,0.0107252,0
4.5,11.8,0,0.299677,0.0107245,0
4.5,11.9,0,0.299714,0.0107239,0
4.5,12,0,0.299752,0.0107233,0
4.5,12.1,0,0.299782,0.0107233,0
4.5,12.2,0,0.299809,0.0107235,0
4.5,12.3,0,0.299836,0.0107238,0
4.5,12.4,0,0.299858,0.0107241,0
4.5,12.5,0,0.299869,0.0107246,0
4.5,12.6,0,0.29988,0.0107251,0
4.5,12.7,0,0.299891,0.0107256,0
4.6,0,0,0.299584,-0.0146755,0
4.6,0.1,0,0.299565,-0.0146628,0
4.6,0.2,0,0.299521,-0.0146533,0
4.6,0.3,0,0.299433,-0.0146331,0
4.6,0.4,0,0.299332,-0.0146094,0
4.6,0.5,0,0.29922,-0.0145954,0
4.6,0.6,0,0.299092,-0.0145563,0
4.6,0.7,0,0.298966,-0.0145272,0
4.6,0.8,0,0.298824,-0.0144929,0
4.6,0.9,0,0.298685,-0.0144521,0
4.6,1,0,0.298542,-0.0144287,0
4.6,1.1,0,0.298386,-0.0143602,0
4.6,1.2,0,0.298237,-0.0143107,0
4.6,1.3,0,0.298071,-0.0142493,0
4.6,1.4,0,0.297912,-0.0141805,0
4.6,1.5,0,0.297747,-0.0141471,0
4.6,1.6,0,0.297568,-0.0140249,0
4.6,1.7,0,0.297397,-0.0139464,0
4.6,1.8,0,0.297205,-0.0138434,0
4.6,1.9,0,0.297022,-0.0137345,0
4.6,2,0,0.296832,-0.0136984,0
4.6,2.1,0,0.296625,-0.0134879,0
4.6,2.2,0,0.296431,-0.013371,0
4.6,2.3,0,0.296207,-0.0132096,0
4.6,2.4,0,0.296001,-0.0130451,0
4.6,2.5,0,0.295785,-0.01302,0
4.6,2.6,0,0.295546,-0.0126788,0
4.6,2.7,0,0.29533,-0.0125132,0
4.6,2.8,0,0.295074,-0.0122819,0
4.6,2.9,0,0.294846,-0.0120466,0
4.6,3,0,0.29462,-0.012042,0
4.6,3.1,0,0.294346,-0.0115449,0
4.6,3.2,0,0.294116,-0.0113204,0
4.6,3.3,0,0.293847,-0.0110246,0
4.6,3.4,0,0.293611,-0.0107114,0
4.6,3.5,0,0.293389,-0.0107015,0
4.6,3.6,0,0.293129,-0.0100877,0
4.6,3.7,0,0.292904,-0.00979481,0
4.6,3.8,0,0.292698,-0.00945835,0
4.6,3.9,0,0.292494,-0.00907611,0
4.6,4,0,0.292208,-0.00896155,0
4.6,4.1,0,0.292171,-0.00835179,0
4.6,4.2,0,0.291969,-0.00798002,0
4.6,4.3,0,0.291908,-0.00759817,0
4.6,4.4,0,0.29179,-0.0071613,0
4.6,4.5,0,0.291236,-0.00682164,0
4.6,4.6,0,0.291648,-0.00630983,0
4.6,4.7,0,0.291465,-0.00585508,0
4.6,4.8,0,0.291445,-0.00540344,0
4.6,4.9,0,0.29143,-0.00499139,0
4.6,5,0,0.290612,-0.0045275,0
4.6,5.1,0,0.290491,-0.00380018,0
4.6,5.2,0,0.290424,-0.00325663,0
4.6,5.3,0,0.290375,-0.00270771,0
4.6,5.4,0,0.290347,-0.00215576,0
4.6,5.5,0,0.290339,-0.00160237,0
4.6,5.6,0,0.290351,-0.00104916,0
4.6,5.7,0,0.290384,-0.000497727,0
4.6,5.8,0,0.290437,5.03432e-05,0
4.6,5.9,0,0.29051,0.000592569,0
4.6,6,0,0.290656,0.00142218,0
4.6,6.1,0,0.291458,0.00186724,0
4.6,6.2,0,0.291547,0.00225968,0
4.6,6.3,0,0.291291,0.00266664,0
4.6,6.4,0,0.291551,0.00307882,0
4.6,6.5,0,0.291757,0.00350939,0
4.6,6.6,0,0.291874,0.00394947,0
4.6,6.7,0,0.291748,0.004414,0
4.6,6.8,0,0.292087,0.00471474,0
4.6,6.9,0,0.292269,0.00510535,0
4.6,7,0,0.292287,0.00569632,0
4.6,7.1,0,0.292599,0.00583533,0
4.6,7.2,0,0.292812,0.00618075,0
4.6,7.3,0,0.293007,0.00664623,0
4.6,7.4,0,0.293248,0.00691412,0
4.6,7.5,0,0.293485,0.0071655,0
4.6,7.6,0,0.293713,0.00746205,0
4.6,7.7,0,0.293965,0.00792503,0
4.6,7.8,0,0.294214,0.00803906,0
4.6,7.9,0,0.294443,0.00828546,0
4.6,8,0,0.294691,0.00870302,0
4.6,8.1,0,0.294942,0.00878262,0
4.6,8.2,0,0.295162,0.00898087,0
4.6,8.3,0,0.295389,0.00923478,0
4.6,8.4,0,0.29563,0.00941779,0
4.6,8.5,0,0.295841,0.00954551,0
4.6,8.6,0,0.296045,0.00970024,0
4.6,8.7,0,0.296267,0.00991964,0
4.6,8.8,0,0.296468,0.00998746,0
4.6,8.9,0,0.296653,0.0101046,0
4.6,9,0,0.29685,0.0102637,0
4.6,9.1,0,0.297036,0.0103217,0
4.6,9.2,0,0.297201,0.0104075,0
4.6,9.3,0,0.29737,0.0105024,0
4.6,9.4,0,0.29754,0.0105753,0
4.6,9.5,0,0.297688,0.0106266,0
4.6,9.6,0,0.297831,0.0106872,0
4.6,9.7,0,0.297984,0.0107535,0
4.6,9.8,0,0.298114,0.010779,0
4.6,9.9,0,0.298237,0.0108197,0
4.6,10,0,0.298366,0.0108635,0
4.6,10.1,0,0.298481,0.0108796,0
4.6,10.2,0,0.298585,0.0109054,0
4.6,10.3,0,0.29869,0.0109311,0
4.6,10.4,0,0.298793,0.0109455,0
4.6,10.5,0,0.29888,0.0109563,0
4.6,10.6,0,0.298966,0.0109712,0
4.6,10.7,0,0.299056,0.0109818,0
4.6,10.8,0,0.299128,0.0109823,0
4.6,10.9,0,0.299198,0.0109897,0
4.6,11,0,0.299271,0.0109948,0
4.6,11.1,0,0.299333,0.0109916,0
4.6,11.2,0,0.299391,0.0109942,0
4.6,11.3,0,0.299449,0.0109961,0
4.6,11.4,0,0.299503,0.0109926,0
4.6,11.5,0,0.29955,0.0109907,0
4.6,11.6,0,0.299596,0.0109907,0
4.6,11.7,0,0.299643,0.0109873,0
4.6,11.8,0,0.29968,0.0109839,0
4.6,11.9,0,0.299718,0.0109833,0
4.6,12,0,0.299755,0.0109812,0
4.6,12.1,0,0.299786,0.0109786,0
4.6,12.2,0,0.299813,0.0109788,0
4.6,12.3,0,0.29984,0.0109788,0
4.6,12.4,0,0.299861,0.010978,0
4.6,12.5,0,0.299875,0.0109789,0
4.6,12.6,0,0.299886,0.0109794,0
4.6,12.7,0,0.29989,0.010978,0
4.7,0,0,0.299567,-0.0150796,0
4.7,0.1,0,0.299566,-0.0150645,0
4.7,0.2,0,0.299502,-0.0150578,0
4.7,0.3,0,0.299414,-0.0150376,0
4.7,0.4,0,0.299318,-0.0150082,0
4.7,0.5,0,0.299196,-0.0150015,0
4.7,0.6,0,0.299067,-0.0149552,0
4.7,0.7,0,0.298934,-0.0149366,0
4.7,0.8,0,0.298792,-0.0149022,0
4.7,0.9,0,0.298648,-0.0148532,0
4.7,1,0,0.2985,-0.0148428,0
4.7,1.1,0,0.298339,-0.0147607,0
4.7,1.2,0,0.298183,-0.0147308,0
4.7,1.3,0,0.298017,-0.0146694,0
4.7,1.4,0,0.297848,-0.0145815,0
4.7,1.5,0,0.297678,-0.0145744,0
4.7,1.6,0,0.29749,-0.014421,0
4.7,1.7,0,0.29731,-0.0143819,0
4.7,1.8,0,0.297117,-0.0142789,0
4.7,1.9,0,0.296922,-0.0141253,0
4.7,2,0,0.296723,-0.0141429,0
4.7,2.1,0,0.296506,-0.013865,0
4.7,2.2,0,0.296298,-0.013825,0
4.7,2.3,0,0.296074,-0.0136636,0
4.7,2.4,0,0.295847,-0.0134066,0
4.7,2.5,0,0.295623,-0.0134835,0
4.7,2.6,0,0.295365,-0.0130154,0
4.7,2.7,0,0.295136,-0.0129856,0
4.7,2.8,0,0.29488,-0.0127542,0
4.7,2.9,0,0.294619,-0.0123572,0
4.7,3,0,0.294392,-0.0125209,0
4.7,3.1,0,0.294083,-0.0118258,0
4.7,3.2,0,0.293851,-0.0118013,0
4.7,3.3,0,0.293582,-0.0115055,0
4.7,3.4,0,0.293299,-0.0109661,0
4.7,3.5,0,0.293084,-0.0111764,0
4.7,3.6,0,0.292796,-0.0103277,0
4.7,3.7,0,0.292553,-0.0102515,0
4.7,3.8,0,0.292348,-0.00991501,0
4.7,3.9,0,0.29215,-0.00930683,0
4.7,4,0,0.291802,-0.0093845,0
4.7,4.1,0,0.29188,-0.00859804,0
4.7,4.2,0,0.291494,-0.0083534,0
4.7,4.3,0,0.291433,-0.00797156,0
4.7,4.4,0,0.291562,-0.00740637,0
4.7,4.5,0,0.290685,-0.00713288,0
4.7,4.6,0,0.291525,-0.00657444,0
4.7,4.7,0,0.290847,-0.00609546,0
4.7,4.8,0,0.290827,-0.00564382,0
4.7,4.9,0,0.29136,-0.00521233,0
4.7,5,0,0.289955,-0.00470624,0
4.7,5.1,0,0.289819,-0.00394205,0
4.7,5.2,0,0.289745,-0.00337226,0
4.7,5.3,0,0.289692,-0.00279628,0
4.7,5.4,0,0.289661,-0.00221629,0
4.7,5.5,0,0.289653,-0.00163438,0
4.7,5.6,0,0.289666,-0.00105269,0
4.7,5.7,0,0.289701,-0.000473336,0
4.7,5.8,0,0.289759,0.000101568,0
4.7,5.9,0,0.289838,0.000669705,0
4.7,6,0,0.290002,0.00154159,0
4.7,6.1,0,0.291048,0.00200472,0
4.7,6.2,0,0.291484,0.00243683,0
4.7,6.3,0,0.290696,0.0028661,0
4.7,6.4,0,0.290956,0.00327827,0
4.7,6.5,0,0.291669,0.00368615,0
4.7,6.6,0,0.291375,0.00423747,0
4.7,6.7,0,0.291248,0.004702,0
4.7,6.8,0,0.291786,0.00489041,0
4.7,6.9,0,0.291932,0.00536945,0
4.7,7,0,0.291878,0.00604859,0
4.7,7.1,0,0.292221,0.006126,0
4.7,7.2,0,0.292511,0.00634091,0
4.7,7.3,0,0.292672,0.00703487,0
4.7,7.4,0,0.292913,0.00730277,0
4.7,7.5,0,0.293199,0.00732136,0
4.7,7.6,0,0.29344,0.00786196,0
4.7,7.7,0,0.293691,0.00832678,0
4.7,7.8,0,0.293963,0.00830547,0
4.7,7.9,0,0.294213,0.00859121,0
4.7,8,0,0.294472,0.00910321,0
4.7,8.1,0,0.29473,0.00915145,0
4.7,8.2,0,0.294973,0.00923837,0
4.7,8.3,0,0.295219,0.00962563,0
4.7,8.4,0,0.295461,0.00980864,0
4.7,8.5,0,0.295697,0.00983301,0
4.7,8.6,0,0.295916,0.0100713,0
4.7,8.7,0,0.29614,0.0102974,0
4.7,8.8,0,0.296353,0.010324,0
4.7,8.9,0,0.296553,0.010439,0
4.7,9,0,0.296758,0.0106268,0
4.7,9.1,0,0.296946,0.0106787,0
4.7,9.2,0,0.297125,0.0107275,0
4.7,9.3,0,0.297306,0.0108501,0
4.7,9.4,0,0.297477,0.010923,0
4.7,9.5,0,0.297636,0.0109463,0
4.7,9.6,0,0.297789,0.0110176,0
4.7,9.7,0,0.297943,0.0110858,0
4.7,9.8,0,0.298077,0.0111008,0
4.7,9.9,0,0.298207,0.0111345,0
4.7,10,0,0.298342,0.0111808,0
4.7,10.1,0,0.298457,0.0111959,0
4.7,10.2,0,0.298566,0.0112089,0
4.7,10.3,0,0.298678,0.0112343,0
4.7,10.4,0,0.298781,0.0112487,0
4.7,10.5,0,0.298871,0.0112497,0
4.7,10.6,0,0.298961,0.0112621,0
4.7,10.7,0,0.299052,0.0112722,0
4.7,10.8,0,0.299124,0.0112689,0
4.7,10.9,0,0.299197,0.0112711,0
4.7,11,0,0.299273,0.011274,0
4.7,11.1,0,0.299335,0.0112707,0
4.7,11.2,0,0.299392,0.0112675,0
4.7,11.3,0,0.299452,0.0112659,0
4.7,11.4,0,0.299507,0.0112624,0
4.7,11.5,0,0.299553,0.0112567,0
4.7,11.6,0,0.2996,0.0112539,0
4.7,11.7,0,0.299648,0.0112496,0
4.7,11.8,0,0.299684,0.011245,0
4.7,11.9,0,0.299721,0.0112421,0
4.7,12,0,0.299758,0.011238,0
4.7,12.1,0,0.299789,0.0112355,0
4.7,12.2,0,0.299818,0.0112341,0
4.7,12.3,0,0.299841,0.0112324,0
4.7,12.4,0,0.299862,0.0112315,0
4.7,12.5,0,0.29988,0.0112331,0
4.7,12.6,0,0.299887,0.0112325,0
4.7,12.7,0,0.299889,0.0112304,0
4.8,0,0,0.299549,-0.0154836,0
4.8,0.1,0,0.299542,-0.0154696,0
4.8,0.2,0,0.299483,-0.0154622,0
4.8,0.3,0,0.299395,-0.0154421,0
4.8,0.4,0,0.299292,-0.0154165,0
4.8,0.5,0,0.299172,-0.0154076,0
4.8,0.6,0,0.299041,-0.015365,0
4.8,0.7,0,0.298903,-0.0153459,0
4.8,0.8,0,0.298761,-0.0153115,0
4.8,0.9,0,0.298607,-0.0152707,0
4.8,1,0,0.298458,-0.0152568,0
4.8,1.1,0,0.298295,-0.0151816,0
4.8,1.2,0,0.298129,-0.0151509,0
4.8,1.3,0,0.297963,-0.0150895,0
4.8,1.4,0,0.297781,-0.0150165,0
4.8,1.5,0,0.297608,-0.0150017,0
4.8,1.6,0,0.297419,-0.0148625,0
4.8,1.7,0,0.297223,-0.0148174,0
4.8,1.8,0,0.29703,-0.0147144,0
4.8,1.9,0,0.296817,-0.0145872,0
4.8,2,0,0.296615,-0.0145874,0
4.8,2.1,0,0.296394,-0.0143376,0
4.8,2.2,0,0.296164,-0.014279,0
4.8,2.3,0,0.29594,-0.0141177,0
4.8,2.4,0,0.295691,-0.0139056,0
4.8,2.5,0,0.295462,-0.0139471,0
4.8,2.6,0,0.295201,-0.0135293,0
4.8,2.7,0,0.294943,-0.0134579,0
4.8,2.8,0,0.294686,-0.0132266,0
4.8,2.9,0,0.294401,-0.0128972,0
4.8,3,0,0.294164,-0.0129998,0
4.8,3.1,0,0.293857,-0.0123795,0
4.8,3.2,0,0.293587,-0.0122821,0
4.8,3.3,0,0.293318,-0.0119863,0
4.8,3.4,0,0.293009,-0.0115253,0
4.8,3.5,0,0.292779,-0.0116512,0
4.8,3.6,0,0.292488,-0.0108852,0
4.8,3.7,0,0.292203,-0.0107081,0
4.8,3.8,0,0.291997,-0.0103717,0
4.8,3.9,0,0.291736,-0.00981197,0
4.8,4,0,0.291395,-0.00980744,0
4.8,4.1,0,0.29141,-0.00907237,0
4.8,4.2,0,0.291019,-0.00872679,0
4.8,4.3,0,0.290958,-0.00834495,0
4.8,4.4,0,0.290914,-0.00776107,0
4.8,4.5,0,0.290135,-0.00744413,0
4.8,4.6,0,0.290794,-0.00688192,0
4.8,4.7,0,0.29023,-0.00633584,0
4.8,4.8,0,0.29021,-0.0058842,0
4.8,4.9,0,0.290494,-0.00539374,0
4.8,5,0,0.289297,-0.00488498,0
4.8,5.1,0,0.289147,-0.00408391,0
4.8,5.2,0,0.289065,-0.0034879,0
4.8,5.3,0,0.289009,-0.00288484,0
4.8,5.4,0,0.288976,-0.00227681,0
4.8,5.5,0,0.288967,-0.00166639,0
4.8,5.6,0,0.288981,-0.00105622,0
4.8,5.7,0,0.289018,-0.000448944,0
4.8,5.8,0,0.28908,0.000152793,0
4.8,5.9,0,0.289166,0.00074684,0
4.8,6,0,0.289347,0.001661,0
4.8,6.1,0,0.290394,0.00212413,0
4.8,6.2,0,0.290666,0.00261979,0
4.8,6.3,0,0.290102,0.00306555,0
4.8,6.4,0,0.290361,0.00347772,0
4.8,6.5,0,0.290889,0.00396039,0
4.8,6.6,0,0.290875,0.00452547,0
4.8,6.7,0,0.290749,0.00499,0
4.8,6.8,0,0.291244,0.0052313,0
4.8,6.9,0,0.291522,0.00572172,0
4.8,7,0,0.291469,0.00640086,0
4.8,7.1,0,0.291812,0.00647827,0
4.8,7.2,0,0.292133,0.00681447,0
4.8,7.3,0,0.292336,0.00742352,0
4.8,7.4,0,0.292577,0.00769141,0
4.8,7.5,0,0.29288,0.00783491,0
4.8,7.6,0,0.293167,0.00826371,0
4.8,7.7,0,0.293418,0.00872853,0
4.8,7.8,0,0.293694,0.00874263,0
4.8,7.9,0,0.293995,0.00899139,0
4.8,8,0,0.294254,0.00950339,0
4.8,8.1,0,0.294512,0.00955164,0
4.8,8.2,0,0.29479,0.0096964,0
4.8,8.3,0,0.295049,0.0100165,0
4.8,8.4,0,0.295291,0.0101995,0
4.8,8.5,0,0.295539,0.0102679,0
4.8,8.6,0,0.295789,0.0104491,0
4.8,8.7,0,0.296012,0.0106752,0
4.8,8.8,0,0.296228,0.0107077,0
4.8,8.9,0,0.29646,0.0108051,0
4.8,9,0,0.296665,0.0109899,0
4.8,9.1,0,0.296854,0.0110418,0
4.8,9.2,0,0.297053,0.011097,0
4.8,9.3,0,0.297243,0.0111978,0
4.8,9.4,0,0.297413,0.0112707,0
4.8,9.5,0,0.297578,0.0113001,0
4.8,9.6,0,0.297748,0.0113499,0
4.8,9.7,0,0.297902,0.0114181,0
4.8,9.8,0,0.298036,0.0114333,0
4.8,9.9,0,0.298182,0.0114539,0
4.8,10,0,0.298318,0.0114981,0
4.8,10.1,0,0.298433,0.0115132,0
4.8,10.2,0,0.29855,0.0115202,0
4.8,10.3,0,0.298666,0.0115375,0
4.8,10.4,0,0.298769,0.0115519,0
4.8,10.5,0,0.298861,0.0115518,0
4.8,10.6,0,0.298957,0.0115525,0
4.8,10.7,0,0.299048,0.0115625,0
4.8,10.8,0,0.299121,0.0115593,0
4.8,10.9,0,0.299198,0.0115517,0
4.8,11,0,0.299274,0.0115532,0
4.8,11.1,0,0.299336,0.0115499,0
4.8,11.2,0,0.299395,0.0115416,0
4.8,11.3,0,0.299456,0.0115357,0
4.8,11.4,0,0.299511,0.0115321,0
4.8,11.5,0,0.299557,0.0115252,0
4.8,11.6,0,0.299604,0.0115162,0
4.8,11.7,0,0.299652,0.0115118,0
4.8,11.8,0,0.299688,0.0115073,0
4.8,11.9,0,0.299724,0.0114996,0
4.8,12,0,0.299761,0.0114949,0
4.8,12.1,0,0.299792,0.0114924,0
4.8,12.2,0,0.299818,0.0114891,0
4.8,12.3,0,0.299841,0.0114859,0
4.8,12.4,0,0.299862,0.0114851,0
4.8,12.5,0,0.299878,0.011486,0
4.8,12.6,0,0.299886,0.0114849,0
4.8,12.7,0,0.299888,0.0114827,0
4.9,0,0,0.299532,-0.0158877,0
4.9,0.1,0,0.299499,-0.015877,0
4.9,0.2,0,0.299454,-0.0158678,0
4.9,0.3,0,0.299371,-0.0158501,0
4.9,0.4,0,0.299261,-0.01583,0
4.9,0.5,0,0.299148,-0.0158136,0
4.9,0.6,0,0.299011,-0.0157832,0
4.9,0.7,0,0.298872,-0.0157587,0
4.9,0.8,0,0.298727,-0.0157273,0
4.9,0.9,0,0.29857,-0.0156962,0
4.9,1,0,0.298416,-0.0156709,0
4.9,1.1,0,0.298248,-0.0156186,0
4.9,1.2,0,0.298077,-0.0155777,0
4.9,1.3,0,0.297906,-0.0155227,0
4.9,1.4,0,0.29772,-0.0154694,0
4.9,1.5,0,0.297539,-0.015429,0
4.9,1.6,0,0.297341,-0.015337,0
4.9,1.7,0,0.29714,-0.0152685,0
4.9,1.8,0,0.296939,-0.0151767,0
4.9,1.9,0,0.29672,-0.0150898,0
4.9,2,0,0.296506,-0.0150319,0
4.9,2.1,0,0.296274,-0.0148758,0
4.9,2.2,0,0.296037,-0.0147667,0
4.9,2.3,0,0.295802,-0.0146227,0
4.9,2.4,0,0.295547,-0.0144872,0
4.9,2.5,0,0.2953,-0.0144107,0
4.9,2.6,0,0.295031,-0.0141603,0
4.9,2.7,0,0.294759,-0.0139937,0
4.9,2.8,0,0.294492,-0.0137831,0
4.9,2.9,0,0.294206,-0.0135799,0
4.9,3,0,0.293936,-0.0134787,0
4.9,3.1,0,0.293636,-0.013108,0
4.9,3.2,0,0.293339,-0.012862,0
4.9,3.3,0,0.293057,-0.0125773,0
4.9,3.4,0,0.292753,-0.0122814,0
4.9,3.5,0,0.292475,-0.0121261,0
4.9,3.6,0,0.292173,-0.0116353,0
4.9,3.7,0,0.291866,-0.0112822,0
4.9,3.8,0,0.291615,-0.0109244,0
4.9,3.9,0,0.291307,-0.0105089,0
4.9,4,0,0.290988,-0.0102304,0
4.9,4.1,0,0.29079,-0.00966663,0
4.9,4.2,0,0.290486,-0.00918852,0
4.9,4.3,0,0.290321,-0.00875142,0
4.9,4.4,0,0.290035,-0.00821718,0
4.9,4.5,0,0.289585,-0.00775537,0
4.9,4.6,0,0.289642,-0.0071806,0
4.9,4.7,0,0.289399,-0.00659954,0
4.9,4.8,0,0.289299,-0.00610348,0
4.9,4.9,0,0.289143,-0.00558138,0
4.9,5,0,0.28864,-0.00506373,0
4.9,5.1,0,0.288475,-0.00422577,0
4.9,5.2,0,0.288386,-0.00360353,0
4.9,5.3,0,0.288325,-0.0029734,0
4.9,5.4,0,0.28829,-0.00233733,0
4.9,5.5,0,0.288281,-0.00169839,0
4.9,5.6,0,0.288295,-0.00105975,0
4.9,5.7,0,0.288335,-0.000424552,0
4.9,5.8,0,0.288401,0.000204018,0
4.9,5.9,0,0.288495,0.000823975,0
4.9,6,0,0.288693,0.00178041,0
4.9,6.1,0,0.289189,0.00226666,0
4.9,6.2,0,0.289359,0.00276662,0
4.9,6.3,0,0.289507,0.003265,0
4.9,6.4,0,0.289613,0.00371868,0
4.9,6.5,0,0.289883,0.00427107,0
4.9,6.6,0,0.290153,0.00482346,0
4.9,6.7,0,0.290249,0.005278,0
4.9,6.8,0,0.290569,0.0057341,0
4.9,6.9,0,0.290872,0.00621104,0
4.9,7,0,0.291059,0.00675313,0
4.9,7.1,0,0.291373,0.00703192,0
4.9,7.2,0,0.291685,0.00742621,0
4.9,7.3,0,0.291997,0.00782049,0
4.9,7.4,0,0.292246,0.0081553,0
4.9,7.5,0,0.292557,0.00846945,0
4.9,7.6,0,0.292868,0.0087836,0
4.9,7.7,0,0.293145,0.00913028,0
4.9,7.8,0,0.293443,0.00934211,0
4.9,7.9,0,0.293745,0.00958641,0
4.9,8,0,0.294035,0.00990358,0
4.9,8.1,0,0.294307,0.0100516,0
4.9,8.2,0,0.294592,0.0102373,0
4.9,8.3,0,0.294876,0.010423,0
4.9,8.4,0,0.295125,0.0106119,0
4.9,8.5,0,0.295386,0.0107491,0
4.9,8.6,0,0.295646,0.0108863,0
4.9,8.7,0,0.295885,0.011053,0
4.9,8.8,0,0.296114,0.0111382,0
4.9,8.9,0,0.296347,0.0112355,0
4.9,9,0,0.296573,0.011353,0
4.9,9.1,0,0.29677,0.0114227,0
4.9,9.2,0,0.296973,0.0114878,0
4.9,9.3,0,0.297176,0.0115529,0
4.9,9.4,0,0.297352,0.0116206,0
4.9,9.5,0,0.297525,0.0116604,0
4.9,9.6,0,0.297699,0.0117002,0
4.9,9.7,0,0.297861,0.0117503,0
4.9,9.8,0,0.298004,0.0117697,0
4.9,9.9,0,0.29815,0.0117903,0
4.9,10,0,0.298293,0.0118154,0
4.9,10.1,0,0.298413,0.0118303,0
4.9,10.2,0,0.298533,0.0118371,0
4.9,10.3,0,0.298653,0.011844,0
4.9,10.4,0,0.298757,0.0118548,0
4.9,10.5,0,0.298854,0.0118525,0
4.9,10.6,0,0.298951,0.0118502,0
4.9,10.7,0,0.299044,0.0118529,0
4.9,10.8,0,0.29912,0.0118465,0
4.9,10.9,0,0.299198,0.0118388,0
4.9,11,0,0.299275,0.0118324,0
4.9,11.1,0,0.299338,0.0118273,0
4.9,11.2,0,0.299399,0.0118173,0
4.9,11.3,0,0.29946,0.0118072,0
4.9,11.4,0,0.299514,0.0118018,0
4.9,11.5,0,0.299562,0.0117918,0
4.9,11.6,0,0.299609,0.0117817,0
4.9,11.7,0,0.299656,0.0117741,0
4.9,11.8,0,0.299692,0.0117673,0
4.9,11.9,0,0.299728,0.0117594,0
4.9,12,0,0.299764,0.0117517,0
4.9,12.1,0,0.299793,0.0117484,0
4.9,12.2,0,0.299818,0.0117442,0
4.9,12.3,0,0.299842,0.01174,0
4.9,12.4,0,0.299863,0.0117386,0
4.9,12.5,0,0.299872,0.0117376,0
4.9,12.6,0,0.299881,0.0117366,0
4.9,12.7,0,0.299887,0.0117351,0
5,0,0,0.299515,-0.0162968,0
5,0.1,0,0.299482,-0.0162894,0
5,0.2,0,0.299437,-0.0162803,0
5,0.3,0,0.299351,-0.0162647,0
5,0.4,0,0.299241,-0.0162446,0
5,0.5,0,0.299127,-0.0162259,0
5,0.6,0,0.298987,-0.0162027,0
5,0.7,0,0.298847,-0.0161783,0
5,0.8,0,0.298694,-0.0161552,0
5,0.9,0,0.298537,-0.0161241,0
5,1,0,0.298381,-0.016094,0
5,1.1,0,0.298205,-0.0160586,0
5,1.2,0,0.298034,-0.0160178,0
5,1.3,0,0.297849,-0.0159795,0
5,1.4,0,0.297664,-0.0159262,0
5,1.5,0,0.297479,-0.0158689,0
5,1.6,0,0.297269,-0.0158161,0
5,1.7,0,0.297067,-0.0157476,0
5,1.8,0,0.296847,-0.0156849,0
5,1.9,0,0.296628,-0.015598,0
5,2,0,0.296407,-0.0154912,0
5,2.1,0,0.29616,-0.0154208,0
5,2.2,0,0.295922,-0.0153116,0
5,2.3,0,0.295663,-0.0152122,0
5,2.4,0,0.295407,-0.0150767,0
5,2.5,0,0.295145,-0.0148859,0
5,2.6,0,0.294866,-0.0148008,0
5,2.7,0,0.294593,-0.0146342,0
5,2.8,0,0.2943,-0.0144767,0
5,2.9,0,0.294014,-0.0142736,0
5,3,0,0.293706,-0.0139575,0
5,3.1,0,0.293417,-0.0138493,0
5,3.2,0,0.293121,-0.0136033,0
5,3.3,0,0.292803,-0.0133483,0
5,3.4,0,0.292499,-0.0130524,0
5,3.5,0,0.292147,-0.0125854,0
5,3.6,0,0.291858,-0.0124023,0
5,3.7,0,0.291551,-0.0120492,0
5,3.8,0,0.291187,-0.0116392,0
5,3.9,0,0.290879,-0.0112237,0
5,4,0,0.290549,-0.0106391,0
5,4.1,0,0.290169,-0.0102778,0
5,4.2,0,0.289865,-0.00979971,0
5,4.3,0,0.289435,-0.00922179,0
5,4.4,0,0.289148,-0.00868755,0
5,4.5,0,0.28905,-0.00807851,0
5,4.6,0,0.288474,-0.00749103,0
5,4.7,0,0.288231,-0.00690997,0
5,4.8,0,0.287915,-0.0062466,0
5,4.9,0,0.287759,-0.0057245,0
5,5,0,0.288039,-0.00526901,0
5,5.1,0,0.287858,-0.004389,0
5,5.2,0,0.28776,-0.00373448,0
5,5.3,0,0.287692,-0.00307147,0
5,5.4,0,0.287652,-0.00240226,0
5,5.5,0,0.287641,-0.00173006,0
5,5.6,0,0.287658,-0.00105819,0
5,5.7,0,0.287703,-0.000389907,0
5,5.8,0,0.287777,0.000271431,0
5,5.9,0,0.28788,0.000923467,0
5,6,0,0.288099,0.00192737,0
5,6.1,0,0.287826,0.00234834,0
5,6.2,0,0.287995,0.00284829,0
5,6.3,0,0.288192,0.00335497,0
5,6.4,0,0.288588,0.00405549,0
5,6.5,0,0.288858,0.00460788,0
5,6.6,0,0.289127,0.00516027,0
5,6.7,0,0.289604,0.0057641,0
5,6.8,0,0.289889,0.00626694,0
5,6.9,0,0.290191,0.00674388,0
5,7,0,0.290597,0.00712357,0
5,7.1,0,0.290923,0.00767514,0
5,7.2,0,0.291235,0.00806943,0
5,7.3,0,0.291548,0.00846372,0
5,7.4,0,0.291925,0.00881802,0
5,7.5,0,0.292236,0.00913217,0
5,7.6,0,0.292548,0.00944632,0
5,7.7,0,0.292888,0.00968154,0
5,7.8,0,0.293198,0.00996541,0
5,7.9,0,0.2935,0.0102097,0
5,8,0,0.29381,0.0103719,0
5,8.1,0,0.294117,0.0106123,0
5,8.2,0,0.294401,0.010798,0
5,8.3,0,0.294686,0.0109837,0
5,8.4,0,0.294982,0.0111094,0
5,8.5,0,0.295243,0.0112466,0
5,8.6,0,0.295503,0.0113838,0
5,8.7,0,0.295776,0.0114752,0
5,8.8,0,0.296012,0.011582,0
5,8.9,0,0.296245,0.0116793,0
5,9,0,0.296484,0.0117596,0
5,9.1,0,0.296702,0.0118241,0
5,9.2,0,0.296905,0.0118892,0
5,9.3,0,0.297108,0.0119544,0
5,9.4,0,0.29731,0.0119892,0
5,9.5,0,0.297483,0.012029,0
5,9.6,0,0.297657,0.0120688,0
5,9.7,0,0.297835,0.0120941,0
5,9.8,0,0.297982,0.0121122,0
5,9.9,0,0.298127,0.0121328,0
5,10,0,0.298276,0.0121504,0
5,10.1,0,0.298405,0.0121514,0
5,10.2,0,0.298525,0.0121583,0
5,10.3,0,0.298644,0.0121651,0
5,10.4,0,0.298758,0.0121582,0
5,10.5,0,0.298855,0.0121559,0
5,10.6,0,0.298952,0.0121535,0
5,10.7,0,0.29905,0.0121454,0
5,10.8,0,0.299127,0.0121349,0
5,10.9,0,0.299204,0.0121272,0
5,11,0,0.299282,0.0121183,0
5,11.1,0,0.299348,0.0121034,0
5,11.2,0,0.299408,0.0120933,0
5,11.3,0,0.299469,0.0120833,0
5,11.4,0,0.299524,0.0120679,0
5,11.5,0,0.299571,0.0120579,0
5,11.6,0,0.299618,0.0120479,0
5,11.7,0,0.299665,0.0120349,0
5,11.8,0,0.299699,0.0120259,0
5,11.9,0,0.299735,0.012018,0
5,12,0,0.299771,0.0120096,0
5,12.1,0,0.299798,0.0120019,0
5,12.2,0,0.299822,0.0119977,0
5,12.3,0,0.299846,0.0119935,0
5,12.4,0,0.299863,0.0119894,0
5,12.5,0,0.299872,0.0119884,0
5,12.6,0,0.299881,0.0119874,0
5,12.7,0,0.299887,0.0119848,0
5.1,0,0,0.299499,-0.0167109,0
5.1,0.1,0,0.29949,-0.0167069,0
5.1,0.2,0,0.29943,-0.0166963,0
5.1,0.3,0,0.299338,-0.01668,0
5.1,0.4,0,0.299233,-0.0166602,0
5.1,0.5,0,0.299109,-0.0166444,0
5.1,0.6,0,0.298967,-0.0166236,0
5.1,0.7,0,0.298826,-0.0166012,0
5.1,0.8,0,0.298669,-0.0165818,0
5.1,0.9,0,0.298509,-0.0165544,0
5.1,1,0,0.298351,-0.016526,0
5.1,1.1,0,0.298165,-0.0165018,0
5.1,1.2,0,0.297995,-0.0164601,0
5.1,1.3,0,0.297805,-0.0164287,0
5.1,1.4,0,0.297612,-0.0163868,0
5.1,1.5,0,0.297427,-0.0163215,0
5.1,1.6,0,0.297201,-0.0162999,0
5.1,1.7,0,0.296999,-0.0162194,0
5.1,1.8,0,0.296771,-0.0161687,0
5.1,1.9,0,0.296541,-0.0161118,0
5.1,2,0,0.296318,-0.0159653,0
5.1,2.1,0,0.29605,-0.0159724,0
5.1,2.2,0,0.295809,-0.0158217,0
5.1,2.3,0,0.29554,-0.0157406,0
5.1,2.4,0,0.295273,-0.0156741,0
5.1,2.5,0,0.294998,-0.0153727,0
5.1,2.6,0,0.294705,-0.0154505,0
5.1,2.7,0,0.294418,-0.0151857,0
5.1,2.8,0,0.294114,-0.0150501,0
5.1,2.9,0,0.293826,-0.0149782,0
5.1,3,0,0.293474,-0.0144361,0
5.1,3.1,0,0.293201,-0.0146034,0
5.1,3.2,0,0.292861,-0.0141836,0
5.1,3.3,0,0.292529,-0.0139412,0
5.1,3.4,0,0.292247,-0.0138383,0
5.1,3.5,0,0.291796,-0.0130293,0
5.1,3.6,0,0.291544,-0.0131861,0
5.1,3.7,0,0.291176,-0.0126145,0
5.1,3.8,0,0.290765,-0.012184,0
5.1,3.9,0,0.29045,-0.0119563,0
5.1,4,0,0.290076,-0.0110336,0
5.1,4.1,0,0.289546,-0.0109059,0
5.1,4.2,0,0.289311,-0.0102719,0
5.1,4.3,0,0.288773,-0.00963656,0
5.1,4.4,0,0.288254,-0.00917217,0
5.1,4.5,0,0.28853,-0.00841355,0
5.1,4.6,0,0.287291,-0.00781322,0
5.1,4.7,0,0.287441,-0.00721179,0
5.1,4.8,0,0.287032,-0.00645899,0
5.1,4.9,0,0.286342,-0.00582312,0
5.1,5,0,0.287496,-0.00550082,0
5.1,5.1,0,0.287297,-0.0045736,0
5.1,5.2,0,0.287186,-0.00388075,0
5.1,5.3,0,0.287107,-0.00317905,0
5.1,5.4,0,0.287061,-0.00247159,0
5.1,5.5,0,0.287048,-0.00176139,0
5.1,5.6,0,0.287068,-0.00105153,0
5.1,5.7,0,0.287121,-0.000345008,0
5.1,5.8,0,0.287206,0.000355034,0
5.1,5.9,0,0.287323,0.00104531,0
5.1,6,0,0.287564,0.00210187,0
5.1,6.1,0,0.286545,0.00238962,0
5.1,6.2,0,0.286576,0.00286481,0
5.1,6.3,0,0.287676,0.00359675,0
5.1,6.4,0,0.287875,0.00434247,0
5.1,6.5,0,0.287814,0.00497081,0
5.1,6.6,0,0.288389,0.00548566,0
5.1,6.7,0,0.289107,0.00605996,0
5.1,6.8,0,0.289202,0.00682984,0
5.1,6.9,0,0.289526,0.00728666,0
5.1,7,0,0.290148,0.00746179,0
5.1,7.1,0,0.290473,0.00827451,0
5.1,7.2,0,0.290785,0.00874413,0
5.1,7.3,0,0.291173,0.00885126,0
5.1,7.4,0,0.291569,0.00929065,0
5.1,7.5,0,0.291918,0.00982307,0
5.1,7.6,0,0.292243,0.00999695,0
5.1,7.7,0,0.292598,0.0100877,0
5.1,7.8,0,0.292957,0.0106125,0
5.1,7.9,0,0.29326,0.0108518,0
5.1,8,0,0.293594,0.0107943,0
5.1,8.1,0,0.293924,0.0111467,0
5.1,8.2,0,0.294219,0.0113784,0
5.1,8.3,0,0.294528,0.011425,0
5.1,8.4,0,0.294832,0.0115556,0
5.1,8.5,0,0.295109,0.0117604,0
5.1,8.6,0,0.295381,0.0118561,0
5.1,8.7,0,0.295669,0.0118915,0
5.1,8.8,0,0.295921,0.0120391,0
5.1,8.9,0,0.296154,0.0121365,0
5.1,9,0,0.296416,0.0121594,0
5.1,9.1,0,0.296641,0.0122318,0
5.1,9.2,0,0.296848,0.0123013,0
5.1,9.3,0,0.297066,0.0123391,0
5.1,9.4,0,0.297272,0.0123679,0
5.1,9.5,0,0.297452,0.0124058,0
5.1,9.6,0,0.297631,0.0124385,0
5.1,9.7,0,0.297818,0.0124511,0
5.1,9.8,0,0.29797,0.0124608,0
5.1,9.9,0,0.298115,0.0124814,0
5.1,10,0,0.298275,0.0124857,0
5.1,10.1,0,0.298405,0.012481,0
5.1,10.2,0,0.298525,0.0124836,0
5.1,10.3,0,0.298652,0.0124828,0
5.1,10.4,0,0.298767,0.0124725,0
5.1,10.5,0,0.298864,0.0124618,0
5.1,10.6,0,0.298963,0.0124571,0
5.1,10.7,0,0.299065,0.0124429,0
5.1,10.8,0,0.29914,0.0124249,0
5.1,10.9,0,0.299218,0.012417,0
5.1,11,0,0.2993,0.0124006,0
5.1,11.1,0,0.299364,0.0123827,0
5.1,11.2,0,0.299423,0.0123697,0
5.1,11.3,0,0.299485,0.0123551,0
5.1,11.4,0,0.29954,0.0123375,0
5.1,11.5,0,0.299585,0.0123236,0
5.1,11.6,0,0.299632,0.0123123,0
5.1,11.7,0,0.299679,0.0122949,0
5.1,11.8,0,0.299711,0.0122836,0
5.1,11.9,0,0.299747,0.0122754,0
5.1,12,0,0.299781,0.0122625,0
5.1,12.1,0,0.299807,0.0122544,0
5.1,12.2,0,0.299831,0.0122496,0
5.1,12.3,0,0.299852,0.0122432,0
5.1,12.4,0,0.299868,0.0122378,0
5.1,12.5,0,0.299879,0.0122385,0
5.1,12.6,0,0.299887,0.012237,0
5.1,12.7,0,0.299889,0.0122316,0
5.2,0,0,0.299482,-0.017125,0
5.2,0.1,0,0.29948,-0.017122,0
5.2,0.2,0,0.299414,-0.0171115,0
5.2,0.3,0,0.299322,-0.0170952,0
5.2,0.4,0,0.299218,-0.0170778,0
5.2,0.5,0,0.299091,-0.0170628,0
5.2,0.6,0,0.298949,-0.0170428,0
5.2,0.7,0,0.298804,-0.0170253,0
5.2,0.8,0,0.298647,-0.017006,0
5.2,0.9,0,0.298479,-0.0169859,0
5.2,1,0,0.298322,-0.0169581,0
5.2,1.1,0,0.298133,-0.0169372,0
5.2,1.2,0,0.297956,-0.0169018,0
5.2,1.3,0,0.297766,-0.0168704,0
5.2,1.4,0,0.29756,-0.0168417,0
5.2,1.5,0,0.297375,-0.016774,0
5.2,1.6,0,0.297145,-0.0167618,0
5.2,1.7,0,0.29693,-0.0166831,0
5.2,1.8,0,0.296703,-0.0166324,0
5.2,1.9,0,0.296453,-0.0165978,0
5.2,2,0,0.296228,-0.0164394,0
5.2,2.1,0,0.295955,-0.0164698,0
5.2,2.2,0,0.295694,-0.016304,0
5.2,2.3,0,0.295424,-0.0162229,0
5.2,2.4,0,0.29513,-0.0161941,0
5.2,2.5,0,0.294851,-0.0158595,0
5.2,2.6,0,0.294554,-0.0159862,0
5.2,2.7,0,0.294232,-0.0156717,0
5.2,2.8,0,0.293928,-0.0155361,0
5.2,2.9,0,0.293607,-0.0155246,0
5.2,3,0,0.293241,-0.0149148,0
5.2,3.1,0,0.292973,-0.0151647,0
5.2,3.2,0,0.292573,-0.0146479,0
5.2,3.3,0,0.292241,-0.0144056,0
5.2,3.4,0,0.291925,-0.0143848,0
5.2,3.5,0,0.291444,-0.0134732,0
5.2,3.6,0,0.291204,-0.013732,0
5.2,3.7,0,0.29076,-0.0130341,0
5.2,3.8,0,0.290349,-0.0126037,0
5.2,3.9,0,0.28999,-0.0124522,0
5.2,4,0,0.289604,-0.0114282,0
5.2,4.1,0,0.289028,-0.0113705,0
5.2,4.2,0,0.288804,-0.0106401,0
5.2,4.3,0,0.288266,-0.0100048,0
5.2,4.4,0,0.287622,-0.00955208,0
5.2,4.5,0,0.28801,-0.00874859,0
5.2,4.6,0,0.286572,-0.00814441,0
5.2,4.7,0,0.286915,-0.00750003,0
5.2,4.8,0,0.286505,-0.00674723,0
5.2,4.9,0,0.285537,-0.00601497,0
5.2,5,0,0.286952,-0.00573264,0
5.2,5.1,0,0.286735,-0.00475821,0
5.2,5.2,0,0.286612,-0.00402702,0
5.2,5.3,0,0.286523,-0.00328664,0
5.2,5.4,0,0.28647,-0.00254091,0
5.2,5.5,0,0.286455,-0.00179272,0
5.2,5.6,0,0.286478,-0.00104488,0
5.2,5.7,0,0.286539,-0.000300109,0
5.2,5.8,0,0.286635,0.000438637,0
5.2,5.9,0,0.286766,0.00116716,0
5.2,6,0,0.287029,0.00227636,0
5.2,6.1,0,0.28601,0.00256411,0
5.2,6.2,0,0.285777,0.00303599,0
5.2,6.3,0,0.287161,0.00383853,0
5.2,6.4,0,0.287359,0.00458425,0
5.2,6.5,0,0.287038,0.00528486,0
5.2,6.6,0,0.287892,0.00578152,0
5.2,6.7,0,0.288609,0.00635582,0
5.2,6.8,0,0.288658,0.00719146,0
5.2,6.9,0,0.289078,0.00762488,0
5.2,7,0,0.289699,0.00780001,0
5.2,7.1,0,0.290024,0.00861273,0
5.2,7.2,0,0.290383,0.00923407,0
5.2,7.3,0,0.290801,0.00922767,0
5.2,7.4,0,0.291197,0.00966707,0
5.2,7.5,0,0.291585,0.0103612,0
5.2,7.6,0,0.291953,0.0104031,0
5.2,7.7,0,0.292308,0.0104938,0
5.2,7.8,0,0.292676,0.0110618,0
5.2,7.9,0,0.293043,0.0112743,0
5.2,8,0,0.293377,0.0112168,0
5.2,8.1,0,0.293708,0.0115692,0
5.2,8.2,0,0.294051,0.0118731,0
5.2,8.3,0,0.294372,0.0118501,0
5.2,8.4,0,0.294676,0.0119807,0
5.2,8.5,0,0.294969,0.0122291,0
5.2,8.6,0,0.295275,0.0122725,0
5.2,8.7,0,0.295563,0.0123079,0
5.2,8.8,0,0.295816,0.01246,0
5.2,8.9,0,0.296084,0.0125389,0
5.2,9,0,0.296348,0.0125592,0
5.2,9.1,0,0.296573,0.0126316,0
5.2,9.2,0,0.296799,0.0126972,0
5.2,9.3,0,0.297028,0.0127182,0
5.2,9.4,0,0.297234,0.012747,0
5.2,9.5,0,0.297418,0.0127834,0
5.2,9.6,0,0.297615,0.0127954,0
5.2,9.7,0,0.297802,0.012808,0
5.2,9.8,0,0.297953,0.0128173,0
5.2,9.9,0,0.298113,0.0128182,0
5.2,10,0,0.298274,0.012821,0
5.2,10.1,0,0.298404,0.0128163,0
5.2,10.2,0,0.298529,0.0128056,0
5.2,10.3,0,0.298661,0.0127981,0
5.2,10.4,0,0.298776,0.0127878,0
5.2,10.5,0,0.298873,0.012773,0
5.2,10.6,0,0.298978,0.0127546,0
5.2,10.7,0,0.29908,0.0127404,0
5.2,10.8,0,0.299155,0.0127224,0
5.2,10.9,0,0.299234,0.0127006,0
5.2,11,0,0.299317,0.0126829,0
5.2,11.1,0,0.299381,0.012665,0
5.2,11.2,0,0.299439,0.0126447,0
5.2,11.3,0,0.299502,0.0126249,0
5.2,11.4,0,0.299557,0.0126073,0
5.2,11.5,0,0.2996,0.0125918,0
5.2,11.6,0,0.299646,0.0125723,0
5.2,11.7,0,0.299693,0.0125549,0
5.2,11.8,0,0.299725,0.0125436,0
5.2,11.9,0,0.299757,0.0125294,0
5.2,12,0,0.29979,0.0125153,0
5.2,12.1,0,0.299817,0.0125072,0
5.2,12.2,0,0.299839,0.0125007,0
5.2,12.3,0,0.299856,0.0124916,0
5.2,12.4,0,0.299872,0.0124863,0
5.2,12.5,0,0.299884,0.0124874,0
5.2,12.6,0,0.299889,0.0124838,0
5.2,12.7,0,0.29989,0.0124785,0
5.3,0,0,0.299466,-0.0175391,0
5.3,0.1,0,0.299445,-0.0175342,0
5.3,0.2,0,0.299397,-0.0175267,0
5.3,0.3,0,0.299305,-0.0175103,0
5.3,0.4,0,0.299194,-0.0174959,0
5.3,0.5,0,0.299073,-0.0174813,0
5.3,0.6,0,0.298929,-0.0174639,0
5.3,0.7,0,0.298781,-0.0174495,0
5.3,0.8,0,0.298624,-0.0174302,0
5.3,0.9,0,0.298455,-0.0174131,0
5.3,1,0,0.298293,-0.0173902,0
5.3,1.1,0,0.298104,-0.0173681,0
5.3,1.2,0,0.297917,-0.0173435,0
5.3,1.3,0,0.297727,-0.0173121,0
5.3,1.4,0,0.297518,-0.0172792,0
5.3,1.5,0,0.297323,-0.0172266,0
5.3,1.6,0,0.297092,-0.0171983,0
5.3,1.7,0,0.296862,-0.0171468,0
5.3,1.8,0,0.296634,-0.0170961,0
5.3,1.9,0,0.296378,-0.0170318,0
5.3,2,0,0.296139,-0.0169135,0
5.3,2.1,0,0.295861,-0.0168885,0
5.3,2.2,0,0.295578,-0.0167864,0
5.3,2.3,0,0.295309,-0.0167052,0
5.3,2.4,0,0.294998,-0.0165889,0
5.3,2.5,0,0.294704,-0.0163463,0
5.3,2.6,0,0.294387,-0.016342,0
5.3,2.7,0,0.294046,-0.0161577,0
5.3,2.8,0,0.293742,-0.0160221,0
5.3,2.9,0,0.293377,-0.0158284,0
5.3,3,0,0.293009,-0.0153934,0
5.3,3.1,0,0.292684,-0.0154115,0
5.3,3.2,0,0.292286,-0.0151122,0
5.3,3.3,0,0.291953,-0.0148699,0
5.3,3.4,0,0.291546,-0.0145714,0
5.3,3.5,0,0.291093,-0.013917,0
5.3,3.6,0,0.290771,-0.0138845,0
5.3,3.7,0,0.290343,-0.0134538,0
5.3,3.8,0,0.289932,-0.0130233,0
5.3,3.9,0,0.289528,-0.0125964,0
5.3,4,0,0.289132,-0.0118227,0
5.3,4.1,0,0.288649,-0.0115571,0
5.3,4.2,0,0.288297,-0.0110083,0
5.3,4.3,0,0.287759,-0.010373,0
5.3,4.4,0,0.287412,-0.00979399,0
5.3,4.5,0,0.287491,-0.00908363,0
5.3,4.6,0,0.286578,-0.00845228,0
5.3,4.7,0,0.286388,-0.00778827,0
5.3,4.8,0,0.285979,-0.00703547,0
5.3,4.9,0,0.285705,-0.00639849,0
5.3,5,0,0.286408,-0.00596445,0
5.3,5.1,0,0.286174,-0.00494281,0
5.3,5.2,0,0.286038,-0.00417328,0
5.3,5.3,0,0.285939,-0.00339422,0
5.3,5.4,0,0.285879,-0.00261024,0
5.3,5.5,0,0.285863,-0.00182405,0
5.3,5.6,0,0.285889,-0.00103822,0
5.3,5.7,0,0.285957,-0.000255209,0
5.3,5.8,0,0.286065,0.00052224,0
5.3,5.9,0,0.286209,0.00128901,0
5.3,6,0,0.286495,0.00245086,0
5.3,6.1,0,0.285786,0.00281594,0
5.3,6.2,0,0.285981,0.00340627,0
5.3,6.3,0,0.286645,0.00408031,0
5.3,6.4,0,0.286844,0.00482603,0
5.3,6.5,0,0.287069,0.00545957,0
5.3,6.6,0,0.287394,0.00607738,0
5.3,6.7,0,0.288111,0.00665168,0
5.3,6.8,0,0.288338,0.00731965,0
5.3,6.9,0,0.288706,0.00785349,0
5.3,7,0,0.289251,0.00813824,0
5.3,7.1,0,0.289598,0.00886859,0
5.3,7.2,0,0.290013,0.00931418,0
5.3,7.3,0,0.290428,0.00960408,0
5.3,7.4,0,0.290825,0.0100435,0
5.3,7.5,0,0.291241,0.0104528,0
5.3,7.6,0,0.291663,0.0108068,0
5.3,7.7,0,0.292018,0.0108999,0
5.3,7.8,0,0.292402,0.0113154,0
5.3,7.9,0,0.292803,0.0115816,0
5.3,8,0,0.293161,0.0116392,0
5.3,8.1,0,0.293497,0.0119592,0
5.3,8.2,0,0.293863,0.0121484,0
5.3,8.3,0,0.294216,0.0122751,0
5.3,8.4,0,0.29452,0.0124058,0
5.3,8.5,0,0.29484,0.0125567,0
5.3,8.6,0,0.295166,0.0126822,0
5.3,8.7,0,0.295456,0.0127242,0
5.3,8.8,0,0.295723,0.0128413,0
5.3,8.9,0,0.296008,0.0129165,0
5.3,9,0,0.29628,0.0129591,0
5.3,9.1,0,0.296507,0.0130268,0
5.3,9.2,0,0.29675,0.0130641,0
5.3,9.3,0,0.29699,0.0130974,0
5.3,9.4,0,0.297196,0.0131261,0
5.3,9.5,0,0.297394,0.0131426,0
5.3,9.6,0,0.297597,0.0131527,0
5.3,9.7,0,0.297785,0.013165,0
5.3,9.8,0,0.297943,0.0131671,0
5.3,9.9,0,0.298109,0.0131586,0
5.3,10,0,0.298272,0.0131562,0
5.3,10.1,0,0.298403,0.0131509,0
5.3,10.2,0,0.298537,0.0131308,0
5.3,10.3,0,0.29867,0.0131134,0
5.3,10.4,0,0.298785,0.013103,0
5.3,10.5,0,0.298888,0.0130802,0
5.3,10.6,0,0.298993,0.013054,0
5.3,10.7,0,0.299095,0.013038,0
5.3,10.8,0,0.299172,0.0130163,0
5.3,10.9,0,0.299252,0.0129882,0
5.3,11,0,0.299334,0.0129652,0
5.3,11.1,0,0.299398,0.0129473,0
5.3,11.2,0,0.299458,0.0129204,0
5.3,11.3,0,0.299518,0.0128947,0
5.3,11.4,0,0.299573,0.0128771,0
5.3,11.5,0,0.299617,0.0128566,0
5.3,11.6,0,0.299661,0.0128334,0
5.3,11.7,0,0.299707,0.0128149,0
5.3,11.8,0,0.299738,0.0128017,0
5.3,11.9,0,0.299768,0.0127842,0
5.3,12,0,0.2998,0.0127682,0
5.3,12.1,0,0.299826,0.0127601,0
5.3,12.2,0,0.299844,0.0127501,0
5.3,12.3,0,0.299861,0.01274,0
5.3,12.4,0,0.299876,0.0127347,0
5.3,12.5,0,0.299884,0.0127333,0
5.3,12.6,0,0.299889,0.0127301,0
5.3,12.7,0,0.299892,0.0127254,0
5.4,0,0,0.29945,-0.0179533,0
5.4,0.1,0,0.299405,-0.017946,0
5.4,0.2,0,0.29936,-0.0179388,0
5.4,0.3,0,0.299281,-0.0179281,0
5.4,0.4,0,0.299168,-0.0179139,0
5.4,0.5,0,0.299055,-0.0178998,0
5.4,0.6,0,0.298907,-0.0178856,0
5.4,0.7,0,0.29876,-0.0178715,0
5.4,0.8,0,0.298602,-0.017856,0
5.4,0.9,0,0.298432,-0.0178391,0
5.4,1,0,0.298263,-0.0178222,0
5.4,1.1,0,0.298075,-0.0177987,0
5.4,1.2,0,0.297887,-0.0177753,0
5.4,1.3,0,0.297688,-0.0177466,0
5.4,1.4,0,0.297479,-0.0177129,0
5.4,1.5,0,0.297271,-0.0176791,0
5.4,1.6,0,0.297039,-0.0176308,0
5.4,1.7,0,0.296808,-0.0175824,0
5.4,1.8,0,0.296563,-0.0175241,0
5.4,1.9,0,0.296306,-0.0174559,0
5.4,2,0,0.296049,-0.0173876,0
5.4,2.1,0,0.295765,-0.0172933,0
5.4,2.2,0,0.295481,-0.0171989,0
5.4,2.3,0,0.295182,-0.017088,0
5.4,2.4,0,0.294869,-0.0169606,0
5.4,2.5,0,0.294557,-0.0168331,0
5.4,2.6,0,0.294215,-0.0166651,0
5.4,2.7,0,0.293873,-0.016497,0
5.4,2.8,0,0.293517,-0.0163048,0
5.4,2.9,0,0.293147,-0.0160884,0
5.4,3,0,0.292777,-0.0158721,0
5.4,3.1,0,0.29238,-0.0156004,0
5.4,3.2,0,0.291984,-0.0153286,0
5.4,3.3,0,0.291577,-0.0150264,0
5.4,3.4,0,0.29116,-0.0146937,0
5.4,3.5,0,0.290742,-0.0143609,0
5.4,3.6,0,0.290318,-0.0139642,0
5.4,3.7,0,0.289893,-0.0135675,0
5.4,3.8,0,0.289477,-0.0131387,0
5.4,3.9,0,0.289068,-0.012678,0
5.4,4,0,0.28866,-0.0122172,0
5.4,4.1,0,0.288293,-0.0116917,0
5.4,4.2,0,0.287926,-0.0111663,0
5.4,4.3,0,0.287589,-0.0106066,0
5.4,4.4,0,0.28728,-0.0100126,0
5.4,4.5,0,0.286971,-0.00941866,0
5.4,4.6,0,0.286715,-0.00875337,0
5.4,4.7,0,0.286459,-0.00808806,0
5.4,4.8,0,0.286237,-0.00744359,0
5.4,4.9,0,0.286051,-0.00681993,0
5.4,5,0,0.285865,-0.00619627,0
5.4,5.1,0,0.285612,-0.00512741,0
5.4,5.2,0,0.285465,-0.00431955,0
5.4,5.3,0,0.285355,-0.0035018,0
5.4,5.4,0,0.285288,-0.00267957,0
5.4,5.5,0,0.28527,-0.00185538,0
5.4,5.6,0,0.285299,-0.00103156,0
5.4,5.7,0,0.285375,-0.00021031,0
5.4,5.8,0,0.285494,0.000605843,0
5.4,5.9,0,0.285652,0.00141086,0
5.4,6,0,0.28596,0.00262536,0
5.4,6.1,0,0.286155,0.00321569,0
5.4,6.2,0,0.286351,0.00380603,0
5.4,6.3,0,0.286546,0.00439636,0
5.4,6.4,0,0.286805,0.00500925,0
5.4,6.5,0,0.287099,0.00563429,0
5.4,6.6,0,0.287393,0.00625932,0
5.4,6.7,0,0.28771,0.006857,0
5.4,6.8,0,0.288078,0.00739084,0
5.4,6.9,0,0.288446,0.00792468,0
5.4,7,0,0.288815,0.00845852,0
5.4,7.1,0,0.289227,0.00890852,0
5.4,7.2,0,0.289643,0.00935411,0
5.4,7.3,0,0.290058,0.0097997,0
5.4,7.4,0,0.290476,0.0101904,0
5.4,7.5,0,0.290898,0.0105444,0
5.4,7.6,0,0.29132,0.0108985,0
5.4,7.7,0,0.291736,0.0112306,0
5.4,7.8,0,0.292136,0.0114968,0
5.4,7.9,0,0.292537,0.0117631,0
5.4,8,0,0.292938,0.0120293,0
5.4,8.1,0,0.293307,0.0122262,0
5.4,8.2,0,0.293674,0.0124155,0
5.4,8.3,0,0.29404,0.0126047,0
5.4,8.4,0,0.294385,0.0127588,0
5.4,8.5,0,0.294711,0.0128843,0
5.4,8.6,0,0.295037,0.0130098,0
5.4,8.7,0,0.295355,0.0131252,0
5.4,8.8,0,0.29564,0.0132003,0
5.4,8.9,0,0.295925,0.0132755,0
5.4,9,0,0.296209,0.0133507,0
5.4,9.1,0,0.296458,0.0133937,0
5.4,9.2,0,0.296701,0.0134309,0
5.4,9.3,0,0.296944,0.0134682,0
5.4,9.4,0,0.297167,0.0134919,0
5.4,9.5,0,0.29737,0.0135019,0
5.4,9.6,0,0.297573,0.013512,0
5.4,9.7,0,0.297771,0.0135192,0
5.4,9.8,0,0.297937,0.0135108,0
5.4,9.9,0,0.298104,0.0135023,0
5.4,10,0,0.29827,0.0134938,0
5.4,10.1,0,0.29841,0.0134761,0
5.4,10.2,0,0.298544,0.013456,0
5.4,10.3,0,0.298677,0.013436,0
5.4,10.4,0,0.298798,0.0134132,0
5.4,10.5,0,0.298903,0.013387,0
5.4,10.6,0,0.299007,0.0133609,0
5.4,10.7,0,0.29911,0.0133345,0
5.4,10.8,0,0.29919,0.0133064,0
5.4,10.9,0,0.299271,0.0132782,0
5.4,11,0,0.299351,0.0132501,0
5.4,11.1,0,0.299416,0.013223,0
5.4,11.2,0,0.299477,0.0131961,0
5.4,11.3,0,0.299537,0.0131692,0
5.4,11.4,0,0.29959,0.0131438,0
5.4,11.5,0,0.299634,0.0131206,0
5.4,11.6,0,0.299678,0.0130975,0
5.4,11.7,0,0.299721,0.0130746,0
5.4,11.8,0,0.299751,0.0130571,0
5.4,11.9,0,0.299781,0.0130396,0
5.4,12,0,0.299811,0.0130221,0
5.4,12.1,0,0.299832,0.0130097,0
5.4,12.2,0,0.299849,0.0129995,0
5.4,12.3,0,0.299865,0.0129893,0
5.4,12.4,0,0.299878,0.0129816,0
5.4,12.5,0,0.299883,0.0129785,0
5.4,12.6,0,0.299888,0.0129754,0
5.4,12.7,0,0.299893,0.0129722,0
5.5,0,0,0.299437,-0.0183687,0
5.5,0.1,0,0.299415,-0.0183658,0
5.5,0.2,0,0.299368,-0.0183583,0
5.5,0.3,0,0.299279,-0.0183457,0
5.5,0.4,0,0.299167,-0.0183316,0
5.5,0.5,0,0.299047,-0.0183225,0
5.5,0.6,0,0.2989,-0.0183077,0
5.5,0.7,0,0.298753,-0.0182945,0
5.5,0.8,0,0.29859,-0.018285,0
5.5,0.9,0,0.29842,-0.0182678,0
5.5,1,0,0.298254,-0.0182662,0
5.5,1.1,0,0.298057,-0.018234,0
5.5,1.2,0,0.297869,-0.018213,0
5.5,1.3,0,0.297662,-0.0181891,0
5.5,1.4,0,0.297453,-0.0181534,0
5.5,1.5,0,0.297245,-0.0181582,0
5.5,1.6,0,0.297,-0.0180727,0
5.5,1.7,0,0.296768,-0.0180304,0
5.5,1.8,0,0.296508,-0.0179673,0
5.5,1.9,0,0.29625,-0.0178925,0
5.5,2,0,0.295988,-0.0179158,0
5.5,2.1,0,0.295685,-0.0177144,0
5.5,2.2,0,0.2954,-0.0176338,0
5.5,2.3,0,0.295072,-0.0174968,0
5.5,2.4,0,0.294757,-0.0173527,0
5.5,2.5,0,0.294433,-0.0174255,0
5.5,2.6,0,0.29406,-0.0170128,0
5.5,2.7,0,0.293717,-0.016873,0
5.5,2.8,0,0.293308,-0.0166278,0
5.5,2.9,0,0.292933,-0.0163774,0
5.5,3,0,0.292559,-0.0165416,0
5.5,3.1,0,0.292091,-0.0158218,0
5.5,3.2,0,0.291696,-0.0155987,0
5.5,3.3,0,0.29121,-0.015239,0
5.5,3.4,0,0.290782,-0.0148512,0
5.5,3.5,0,0.290407,-0.0150999,0
5.5,3.6,0,0.289863,-0.0140798,0
5.5,3.7,0,0.289444,-0.0137466,0
5.5,3.8,0,0.289008,-0.013319,0
5.5,3.9,0,0.288592,-0.0127948,0
5.5,4,0,0.288155,-0.0129481,0
5.5,4.1,0,0.287907,-0.011863,0
5.5,4.2,0,0.287515,-0.0113873,0
5.5,4.3,0,0.287375,-0.0109058,0
5.5,4.4,0,0.287114,-0.0102707,0
5.5,4.5,0,0.286164,-0.00998897,0
5.5,4.6,0,0.286828,-0.00909427,0
5.5,4.7,0,0.286463,-0.00843964,0
5.5,4.8,0,0.286404,-0.00779017,0
5.5,4.9,0,0.286344,-0.00715528,0
5.5,5,0,0.284803,-0.00653225,0
5.5,5.1,0,0.284523,-0.00539191,0
5.5,5.2,0,0.284365,-0.00452988,0
5.5,5.3,0,0.28425,-0.0036541,0
5.5,5.4,0,0.284182,-0.00277036,0
5.5,5.5,0,0.284163,-0.00188286,0
5.5,5.6,0,0.284193,-0.0009958,0
5.5,5.7,0,0.284271,-0.000113258,0
5.5,5.8,0,0.284396,0.000760547,0
5.5,5.9,0,0.284565,0.0016194,0
5.5,6,0,0.284904,0.00291553,0
5.5,6.1,0,0.286438,0.00349171,0
5.5,6.2,0,0.286633,0.00408204,0
5.5,6.3,0,0.286192,0.00475411,0
5.5,6.4,0,0.286663,0.00527931,0
5.5,6.5,0,0.28707,0.00588106,0
5.5,6.6,0,0.287324,0.00652544,0
5.5,6.7,0,0.287167,0.00725212,0
5.5,6.8,0,0.287767,0.00752574,0
5.5,6.9,0,0.288136,0.00805958,0
5.5,7,0,0.28831,0.00907392,0
5.5,7.1,0,0.288839,0.00901613,0
5.5,7.2,0,0.289254,0.00946172,0
5.5,7.3,0,0.28967,0.0101646,0
5.5,7.4,0,0.290132,0.0104483,0
5.5,7.5,0,0.290564,0.0107046,0
5.5,7.6,0,0.290985,0.0110587,0
5.5,7.7,0,0.291464,0.0117345,0
5.5,7.8,0,0.291893,0.0117404,0
5.5,7.9,0,0.292294,0.0120066,0
5.5,8,0,0.292731,0.0125733,0
5.5,8.1,0,0.293146,0.0125459,0
5.5,8.2,0,0.293513,0.0127351,0
5.5,8.3,0,0.293891,0.0130124,0
5.5,8.4,0,0.294278,0.0131738,0
5.5,8.5,0,0.294613,0.0132542,0
5.5,8.6,0,0.294939,0.0133797,0
5.5,8.7,0,0.295287,0.0135934,0
5.5,8.8,0,0.295588,0.0135919,0
5.5,8.9,0,0.295872,0.0136671,0
5.5,9,0,0.296173,0.0137923,0
5.5,9.1,0,0.29644,0.0137844,0
5.5,9.2,0,0.296683,0.0138217,0
5.5,9.3,0,0.296931,0.0138672,0
5.5,9.4,0,0.29717,0.0138809,0
5.5,9.5,0,0.297375,0.0138779,0
5.5,9.6,0,0.297578,0.0138879,0
5.5,9.7,0,0.29779,0.0138951,0
5.5,9.8,0,0.297958,0.0138653,0
5.5,9.9,0,0.298124,0.0138569,0
5.5,10,0,0.298299,0.0138453,0
5.5,10.1,0,0.29844,0.0138076,0
5.5,10.2,0,0.298574,0.0137876,0
5.5,10.3,0,0.29871,0.0137654,0
5.5,10.4,0,0.298834,0.0137283,0
5.5,10.5,0,0.298937,0.0136967,0
5.5,10.6,0,0.299042,0.0136705,0
5.5,10.7,0,0.299149,0.0136334,0
5.5,10.8,0,0.299225,0.0135965,0
5.5,10.9,0,0.299306,0.0135684,0
5.5,11,0,0.299388,0.0135341,0
5.5,11.1,0,0.299449,0.0134967,0
5.5,11.2,0,0.299509,0.0134698,0
5.5,11.3,0,0.299569,0.0134413,0
5.5,11.4,0,0.29962,0.0134065,0
5.5,11.5,0,0.299661,0.0133812,0
5.5,11.6,0,0.299705,0.013358,0
5.5,11.7,0,0.299747,0.0133273,0
5.5,11.8,0,0.299772,0.0133075,0
5.5,11.9,0,0.299802,0.01329,0
5.5,12,0,0.29983,0.0132687,0
5.5,12.1,0,0.299847,0.0132533,0
5.5,12.2,0,0.299864,0.013243,0
5.5,12.3,0,0.29988,0.0132322,0
5.5,12.4,0,0.299886,0.0132211,0
5.5,12.5,0,0.29989,0.0132191,0
5.5,12.6,0,0.299895,0.013216,0
5.5,12.7,0,0.299898,0.0132087,0
5.6,0,0,0.299424,-0.0187841,0
5.6,0.1,0,0.29942,-0.0187848,0
5.6,0.2,0,0.299357,-0.0187756,0
5.6,0.3,0,0.299268,-0.018763,0
5.6,0.4,0,0.299165,-0.0187503,0
5.6,0.5,0,0.299039,-0.0187452,0
5.6,0.6,0,0.298893,-0.0187299,0
5.6,0.7,0,0.298745,-0.0187262,0
5.6,0.8,0,0.298583,-0.0187166,0
5.6,0.9,0,0.298408,-0.0186996,0
5.6,1,0,0.298244,-0.0187102,0
5.6,1.1,0,0.29804,-0.0186711,0
5.6,1.2,0,0.297853,-0.0186728,0
5.6,1.3,0,0.297647,-0.0186488,0
5.6,1.4,0,0.297426,-0.0186016,0
5.6,1.5,0,0.29722,-0.0186372,0
5.6,1.6,0,0.296963,-0.0185221,0
5.6,1.7,0,0.296728,-0.0185321,0
5.6,1.8,0,0.296468,-0.0184691,0
5.6,1.9,0,0.296192,-0.0183475,0
5.6,2,0,0.295927,-0.0184439,0
5.6,2.1,0,0.295609,-0.0181569,0
5.6,2.2,0,0.295311,-0.0181921,0
5.6,2.3,0,0.294984,-0.0180551,0
5.6,2.4,0,0.294643,-0.0177849,0
5.6,2.5,0,0.294308,-0.0180179,0
5.6,2.6,0,0.293911,-0.0174095,0
5.6,2.7,0,0.293549,-0.0175028,0
5.6,2.8,0,0.293141,-0.0172577,0
5.6,2.9,0,0.292718,-0.0167425,0
5.6,3,0,0.292341,-0.0172111,0
5.6,3.1,0,0.291816,-0.0161329,0
5.6,3.2,0,0.291422,-0.0163068,0
5.6,3.3,0,0.290936,-0.015947,0
5.6,3.4,0,0.290413,-0.0151249,0
5.6,3.5,0,0.290071,-0.0158389,0
5.6,3.6,0,0.289433,-0.0143201,0
5.6,3.7,0,0.289035,-0.0144978,0
5.6,3.8,0,0.288599,-0.0140702,0
5.6,3.9,0,0.28811,-0.0130344,0
5.6,4,0,0.28765,-0.013679,0
5.6,4.1,0,0.287497,-0.0121462,0
5.6,4.2,0,0.286876,-0.0120565,0
5.6,4.3,0,0.286736,-0.0115749,0
5.6,4.4,0,0.286819,-0.0105912,0
5.6,4.5,0,0.285357,-0.0105593,0
5.6,4.6,0,0.286757,-0.00948105,0
5.6,4.7,0,0.285494,-0.00888729,0
5.6,4.8,0,0.285435,-0.00823782,0
5.6,4.9,0,0.286365,-0.00749076,0
5.6,5,0,0.283741,-0.00686822,0
5.6,5.1,0,0.283434,-0.00565641,0
5.6,5.2,0,0.283265,-0.00474022,0
5.6,5.3,0,0.283145,-0.0038064,0
5.6,5.4,0,0.283076,-0.00286115,0
5.6,5.5,0,0.283057,-0.00191035,0
5.6,5.6,0,0.283087,-0.000960036,0
5.6,5.7,0,0.283168,-1.6205e-05,0
5.6,5.8,0,0.283298,0.000915251,0
5.6,5.9,0,0.283477,0.00182794,0
5.6,6,0,0.283848,0.0032057,0
5.6,6.1,0,0.285841,0.00377702,0
5.6,6.2,0,0.286691,0.00438684,0
5.6,6.3,0,0.285275,0.00518439,0
5.6,6.4,0,0.285745,0.00570958,0
5.6,6.5,0,0.28704,0.00612784,0
5.6,6.6,0,0.286624,0.00709621,0
5.6,6.7,0,0.286467,0.00782289,0
5.6,6.8,0,0.287358,0.00777124,0
5.6,6.9,0,0.287702,0.00849816,0
5.6,7,0,0.287792,0.00972393,0
5.6,7.1,0,0.288356,0.00951637,0
5.6,7.2,0,0.288865,0.00963573,0
5.6,7.3,0,0.289282,0.0108282,0
5.6,7.4,0,0.289744,0.0111119,0
5.6,7.5,0,0.290229,0.0108649,0
5.6,7.6,0,0.290699,0.0116908,0
5.6,7.7,0,0.291178,0.0123701,0
5.6,7.8,0,0.291636,0.0121098,0
5.6,7.9,0,0.292072,0.0124315,0
5.6,8,0,0.29253,0.013164,0
5.6,8.1,0,0.292954,0.0130799,0
5.6,8.2,0,0.293353,0.0130664,0
5.6,8.3,0,0.293761,0.0135548,0
5.6,8.4,0,0.294148,0.0137162,0
5.6,8.5,0,0.294515,0.0136241,0
5.6,8.6,0,0.294863,0.0138666,0
5.6,8.7,0,0.295213,0.0140898,0
5.6,8.8,0,0.295527,0.0140242,0
5.6,8.9,0,0.29583,0.0140872,0
5.6,9,0,0.296142,0.0142464,0
5.6,9.1,0,0.29641,0.0142296,0
5.6,9.2,0,0.296664,0.0142124,0
5.6,9.3,0,0.29693,0.014283,0
5.6,9.4,0,0.297169,0.0142967,0
5.6,9.5,0,0.29738,0.0142539,0
5.6,9.6,0,0.297595,0.0142684,0
5.6,9.7,0,0.297809,0.0142763,0
5.6,9.8,0,0.297978,0.014232,0
5.6,9.9,0,0.298149,0.0142098,0
5.6,10,0,0.29833,0.0141957,0
5.6,10.1,0,0.298472,0.0141566,0
5.6,10.2,0,0.298604,0.0141191,0
5.6,10.3,0,0.298748,0.0140888,0
5.6,10.4,0,0.298872,0.0140517,0
5.6,10.5,0,0.298972,0.014007,0
5.6,10.6,0,0.299081,0.0139727,0
5.6,10.7,0,0.299189,0.0139336,0
5.6,10.8,0,0.299263,0.0138919,0
5.6,10.9,0,0.299341,0.0138555,0
5.6,11,0,0.299426,0.0138149,0
5.6,11.1,0,0.299487,0.0137775,0
5.6,11.2,0,0.299541,0.0137436,0
5.6,11.3,0,0.299602,0.0137064,0
5.6,11.4,0,0.299654,0.0136716,0
5.6,11.5,0,0.29969,0.0136423,0
5.6,11.6,0,0.299732,0.013613,0
5.6,11.7,0,0.299773,0.0135802,0
5.6,11.8,0,0.299797,0.0135594,0
5.6,11.9,0,0.299823,0.0135388,0
5.6,12,0,0.299849,0.0135128,0
5.6,12.1,0,0.299865,0.0134974,0
5.6,12.2,0,0.299879,0.0134866,0
5.6,12.3,0,0.299889,0.0134707,0
5.6,12.4,0,0.299896,0.0134595,0
5.6,12.5,0,0.299897,0.0134593,0
5.6,12.6,0,0.299901,0.0134538,0
5.6,12.7,0,0.299903,0.0134451,0
5.7,0,0,0.299411,-0.0191995,0
5.7,0.1,0,0.299401,-0.0191994,0
5.7,0.2,0,0.299346,-0.0191929,0
5.7,0.3,0,0.299257,-0.0191802,0
5.7,0.4,0,0.299154,-0.0191728,0
5.7,0.5,0,0.299032,-0.0191679,0
5.7,0.6,0,0.298885,-0.0191555,0
5.7,0.7,0,0.298738,-0.0191578,0
5.7,0.8,0,0.298575,-0.0191482,0
5.7,0.9,0,0.2984,-0.0191444,0
5.7,1,0,0.298235,-0.0191542,0
5.7,1.1,0,0.298032,-0.0191224,0
5.7,1.2,0,0.297838,-0.0191326,0
5.7,1.3,0,0.297632,-0.0191086,0
5.7,1.4,0,0.297404,-0.0190864,0
5.7,1.5,0,0.297195,-0.0191163,0
5.7,1.6,0,0.296938,-0.0190191,0
5.7,1.7,0,0.296688,-0.0190339,0
5.7,1.8,0,0.296428,-0.0189708,0
5.7,1.9,0,0.296136,-0.0188952,0
5.7,2,0,0.295866,-0.0189721,0
5.7,2.1,0,0.295545,-0.0187262,0
5.7,2.2,0,0.295222,-0.0187505,0
5.7,2.3,0,0.294895,-0.0186135,0
5.7,2.4,0,0.294525,-0.0184271,0
5.7,2.5,0,0.294184,-0.0186103,0
5.7,2.6,0,0.293783,-0.0180865,0
5.7,2.7,0,0.293382,-0.0181327,0
5.7,2.8,0,0.292973,-0.0178876,0
5.7,2.9,0,0.292514,-0.0175143,0
5.7,3,0,0.292124,-0.0178806,0
5.7,3.1,0,0.291603,-0.0169484,0
5.7,3.2,0,0.291148,-0.0170149,0
5.7,3.3,0,0.290662,-0.0166551,0
5.7,3.4,0,0.290109,-0.0160291,0
5.7,3.5,0,0.289736,-0.0165779,0
5.7,3.6,0,0.289111,-0.0152497,0
5.7,3.7,0,0.288627,-0.0152491,0
5.7,3.8,0,0.288191,-0.0148214,0
5.7,3.9,0,0.287626,-0.0139556,0
5.7,4,0,0.287145,-0.0144099,0
5.7,4.1,0,0.286916,-0.0130265,0
5.7,4.2,0,0.286237,-0.0127257,0
5.7,4.3,0,0.286097,-0.0122441,0
5.7,4.4,0,0.285871,-0.0112849,0
5.7,4.5,0,0.284551,-0.0111296,0
5.7,4.6,0,0.285625,-0.0100834,0
5.7,4.7,0,0.284525,-0.00933494,0
5.7,4.8,0,0.284466,-0.00868547,0
5.7,4.9,0,0.284925,-0.00786043,0
5.7,5,0,0.282679,-0.0072042,0
5.7,5.1,0,0.282344,-0.00592092,0
5.7,5.2,0,0.282165,-0.00495055,0
5.7,5.3,0,0.282041,-0.0039587,0
5.7,5.4,0,0.281969,-0.00295194,0
5.7,5.5,0,0.28195,-0.00193783,0
5.7,5.6,0,0.281982,-0.000924273,0
5.7,5.7,0,0.282065,8.08476e-05,0
5.7,5.8,0,0.2822,0.00106995,0
5.7,5.9,0,0.28239,0.00203649,0
5.7,6,0,0.282793,0.00349587,0
5.7,6.1,0,0.284785,0.00406719,0
5.7,6.2,0,0.285354,0.00482156,0
5.7,6.3,0,0.284357,0.00561467,0
5.7,6.4,0,0.284828,0.00613986,0
5.7,6.5,0,0.285835,0.00675052,0
5.7,6.6,0,0.285925,0.00766697,0
5.7,6.7,0,0.285768,0.00839365,0
5.7,6.8,0,0.286607,0.00846886,0
5.7,6.9,0,0.287184,0.00914816,0
5.7,7,0,0.287273,0.0103739,0
5.7,7.1,0,0.287838,0.0101664,0
5.7,7.2,0,0.288429,0.0105058,0
5.7,7.3,0,0.288895,0.0114919,0
5.7,7.4,0,0.289357,0.0117756,0
5.7,7.5,0,0.289881,0.011762,0
5.7,7.6,0,0.290413,0.0123264,0
5.7,7.7,0,0.290892,0.0130057,0
5.7,7.8,0,0.291358,0.0128075,0
5.7,7.9,0,0.291871,0.0130221,0
5.7,8,0,0.292329,0.0137546,0
5.7,8.1,0,0.292752,0.0136705,0
5.7,8.2,0,0.293205,0.0137301,0
5.7,8.3,0,0.29363,0.0140973,0
5.7,8.4,0,0.294017,0.0142586,0
5.7,8.5,0,0.294401,0.014226,0
5.7,8.6,0,0.294789,0.0143631,0
5.7,8.7,0,0.295139,0.0145862,0
5.7,8.8,0,0.295455,0.0145276,0
5.7,8.9,0,0.295797,0.014546,0
5.7,9,0,0.29611,0.0147006,0
5.7,9.1,0,0.296378,0.0146838,0
5.7,9.2,0,0.296656,0.0146605,0
5.7,9.3,0,0.296928,0.0146988,0
5.7,9.4,0,0.297167,0.0147125,0
5.7,9.5,0,0.297386,0.0146718,0
5.7,9.6,0,0.297614,0.0146496,0
5.7,9.7,0,0.297828,0.0146575,0
5.7,9.8,0,0.297997,0.0146131,0
5.7,9.9,0,0.29818,0.0145632,0
5.7,10,0,0.298362,0.0145461,0
5.7,10.1,0,0.298503,0.014507,0
5.7,10.2,0,0.298642,0.0144542,0
5.7,10.3,0,0.298786,0.0144122,0
5.7,10.4,0,0.29891,0.0143751,0
5.7,10.5,0,0.299012,0.0143262,0
5.7,10.6,0,0.29912,0.0142729,0
5.7,10.7,0,0.299228,0.0142338,0
5.7,10.8,0,0.299302,0.0141921,0
5.7,10.9,0,0.29938,0.0141382,0
5.7,11,0,0.299464,0.0140957,0
5.7,11.1,0,0.299524,0.0140583,0
5.7,11.2,0,0.299578,0.0140145,0
5.7,11.3,0,0.299636,0.0139715,0
5.7,11.4,0,0.299687,0.0139367,0
5.7,11.5,0,0.299722,0.0139045,0
5.7,11.6,0,0.299758,0.0138659,0
5.7,11.7,0,0.2998,0.0138331,0
5.7,11.8,0,0.299823,0.0138123,0
5.7,11.9,0,0.299842,0.0137835,0
5.7,12,0,0.299867,0.0137569,0
5.7,12.1,0,0.299883,0.0137414,0
5.7,12.2,0,0.299892,0.0137265,0
5.7,12.3,0,0.299898,0.0137091,0
5.7,12.4,0,0.299905,0.013698,0
5.7,12.5,0,0.299906,0.0136964,0
5.7,12.6,0,0.299905,0.0136902,0
5.7,12.7,0,0.299908,0.0136815,0
5.8,0,0,0.299398,-0.0196149,0
5.8,0.1,0,0.299367,-0.0196123,0
5.8,0.2,0,0.299326,-0.0196084,0
5.8,0.3,0,0.299243,-0.0195995,0
5.8,0.4,0,0.299136,-0.0195952,0
5.8,0.5,0,0.299024,-0.0195906,0
5.8,0.6,0,0.298877,-0.0195877,0
5.8,0.7,0,0.298731,-0.0195897,0
5.8,0.8,0,0.298569,-0.019586,0
5.8,0.9,0,0.298396,-0.0195914,0
5.8,1,0,0.298225,-0.0195982,0
5.8,1.1,0,0.298025,-0.0195909,0
5.8,1.2,0,0.297826,-0.0195959,0
5.8,1.3,0,0.297617,-0.0195839,0
5.8,1.4,0,0.29739,-0.0195847,0
5.8,1.5,0,0.297169,-0.0195953,0
5.8,1.6,0,0.296912,-0.019558,0
5.8,1.7,0,0.296653,-0.0195505,0
5.8,1.8,0,0.296386,-0.0195092,0
5.8,1.9,0,0.296091,-0.0194885,0
5.8,2,0,0.295805,-0.0195003,0
5.8,2.1,0,0.295475,-0.0193916,0
5.8,2.2,0,0.295141,-0.0193516,0
5.8,2.3,0,0.294801,-0.0192519,0
5.8,2.4,0,0.294425,-0.0191857,0
5.8,2.5,0,0.29406,-0.0192027,0
5.8,2.6,0,0.293647,-0.018961,0
5.8,2.7,0,0.293227,-0.0188605,0
5.8,2.8,0,0.292804,-0.0186697,0
5.8,2.9,0,0.292343,-0.0185247,0
5.8,3,0,0.291906,-0.0185501,0
5.8,3.1,0,0.291401,-0.0181045,0
5.8,3.2,0,0.290903,-0.0179021,0
5.8,3.3,0,0.290405,-0.0175957,0
5.8,3.4,0,0.289877,-0.0173186,0
5.8,3.5,0,0.2894,-0.0173169,0
5.8,3.6,0,0.288822,-0.0166243,0
5.8,3.7,0,0.288267,-0.0162496,0
5.8,3.8,0,0.287772,-0.0158183,0
5.8,3.9,0,0.287189,-0.0153209,0
5.8,4,0,0.286641,-0.0151408,0
5.8,4.1,0,0.286159,-0.0142553,0
5.8,4.2,0,0.285551,-0.0136187,0
5.8,4.3,0,0.285202,-0.0130382,0
5.8,4.4,0,0.284591,-0.0122663,0
5.8,4.5,0,0.283744,-0.0116999,0
5.8,4.6,0,0.283736,-0.0107604,0
5.8,4.7,0,0.283188,-0.00987435,0
5.8,4.8,0,0.282955,-0.00913337,0
5.8,4.9,0,0.282601,-0.0083087,0
5.8,5,0,0.281616,-0.00754018,0
5.8,5.1,0,0.281254,-0.00618542,0
5.8,5.2,0,0.281065,-0.00516089,0
5.8,5.3,0,0.280936,-0.004111,0
5.8,5.4,0,0.280863,-0.00304273,0
5.8,5.5,0,0.280844,-0.00196532,0
5.8,5.6,0,0.280876,-0.000888509,0
5.8,5.7,0,0.280961,0.0001779,0
5.8,5.8,0,0.281102,0.00122466,0
5.8,5.9,0,0.281303,0.00224503,0
5.8,6,0,0.281737,0.00378603,0
5.8,6.1,0,0.282718,0.00448744,0
5.8,6.2,0,0.283099,0.00526598,0
5.8,6.3,0,0.28344,0.00604495,0
5.8,6.4,0,0.28366,0.00669103,0
5.8,6.5,0,0.284248,0.00750478,0
5.8,6.6,0,0.284835,0.00831854,0
5.8,6.7,0,0.285069,0.00896442,0
5.8,6.8,0,0.2857,0.00955472,0
5.8,6.9,0,0.286312,0.010195,0
5.8,7,0,0.286755,0.0110239,0
5.8,7.1,0,0.28732,0.0112479,0
5.8,7.2,0,0.287912,0.0117118,0
5.8,7.3,0,0.288503,0.0121758,0
5.8,7.4,0,0.288985,0.0125847,0
5.8,7.5,0,0.289543,0.0129011,0
5.8,7.6,0,0.2901,0.0132174,0
5.8,7.7,0,0.290607,0.0136414,0
5.8,7.8,0,0.291114,0.0137902,0
5.8,7.9,0,0.291628,0.013996,0
5.8,8,0,0.292127,0.0143452,0
5.8,8.1,0,0.292573,0.0144191,0
5.8,8.2,0,0.293034,0.0145435,0
5.8,8.3,0,0.293496,0.014668,0
5.8,8.4,0,0.293892,0.0148312,0
5.8,8.5,0,0.294294,0.0148949,0
5.8,8.6,0,0.294696,0.0149586,0
5.8,8.7,0,0.295065,0.0150826,0
5.8,8.8,0,0.295402,0.0150866,0
5.8,8.9,0,0.295743,0.015105,0
5.8,9,0,0.296078,0.0151548,0
5.8,9.1,0,0.296357,0.015154,0
5.8,9.2,0,0.296641,0.0151397,0
5.8,9.3,0,0.296925,0.0151255,0
5.8,9.4,0,0.297168,0.0151292,0
5.8,9.5,0,0.297399,0.0150928,0
5.8,9.6,0,0.297629,0.0150564,0
5.8,9.7,0,0.297847,0.0150387,0
5.8,9.8,0,0.298027,0.0149901,0
5.8,9.9,0,0.29821,0.0149402,0
5.8,10,0,0.298393,0.0148965,0
5.8,10.1,0,0.298539,0.0148527,0
5.8,10.2,0,0.298682,0.0147964,0
5.8,10.3,0,0.298824,0.0147401,0
5.8,10.4,0,0.298948,0.0146975,0
5.8,10.5,0,0.299055,0.0146402,0
5.8,10.6,0,0.299163,0.0145829,0
5.8,10.7,0,0.299268,0.0145341,0
5.8,10.8,0,0.299345,0.0144833,0
5.8,10.9,0,0.299423,0.0144291,0
5.8,11,0,0.299501,0.0143766,0
5.8,11.1,0,0.299562,0.0143347,0
5.8,11.2,0,0.299616,0.0142867,0
5.8,11.3,0,0.29967,0.0142387,0
5.8,11.4,0,0.29972,0.0142015,0
5.8,11.5,0,0.299755,0.0141619,0
5.8,11.6,0,0.299789,0.0141224,0
5.8,11.7,0,0.299826,0.014086,0
5.8,11.8,0,0.299847,0.0140594,0
5.8,11.9,0,0.299866,0.0140301,0
5.8,12,0,0.299885,0.014001,0
5.8,12.1,0,0.299899,0.0139833,0
5.8,12.2,0,0.299904,0.0139655,0
5.8,12.3,0,0.299909,0.0139478,0
5.8,12.4,0,0.299914,0.0139364,0
5.8,12.5,0,0.299914,0.0139307,0
5.8,12.6,0,0.299913,0.0139249,0
5.8,12.7,0,0.299913,0.0139179,0
5.9,0,0,0.299389,-0.0200252,0
5.9,0.1,0,0.299357,-0.0200273,0
5.9,0.2,0,0.299315,-0.0200234,0
5.9,0.3,0,0.299239,-0.0200199,0
5.9,0.4,0,0.299132,-0.0200155,0
5.9,0.5,0,0.299024,-0.0200101,0
5.9,0.6,0,0.298878,-0.0200184,0
5.9,0.7,0,0.298732,-0.0200204,0
5.9,0.8,0,0.298572,-0.0200325,0
5.9,0.9,0,0.298399,-0.0200379,0
5.9,1,0,0.298231,-0.0200435,0
5.9,1.1,0,0.298026,-0.02006,0
5.9,1.2,0,0.297827,-0.020065,0
5.9,1.3,0,0.297611,-0.0200839,0
5.9,1.4,0,0.297385,-0.0200848,0
5.9,1.5,0,0.297166,-0.0200826,0
5.9,1.6,0,0.296895,-0.0200998,0
5.9,1.7,0,0.296636,-0.0200923,0
5.9,1.8,0,0.296352,-0.020107,0
5.9,1.9,0,0.296057,-0.0200862,0
5.9,2,0,0.295773,-0.0200435,0
5.9,2.1,0,0.295417,-0.0200633,0
5.9,2.2,0,0.295083,-0.0200233,0
5.9,2.3,0,0.294713,-0.0200189,0
5.9,2.4,0,0.294336,-0.0199527,0
5.9,2.5,0,0.29397,-0.0198096,0
5.9,2.6,0,0.293522,-0.0198464,0
5.9,2.7,0,0.293103,-0.0197458,0
5.9,2.8,0,0.292644,-0.019694,0
5.9,2.9,0,0.292183,-0.019549,0
5.9,3,0,0.291718,-0.0192149,0
5.9,3.1,0,0.291208,-0.0192785,0
5.9,3.2,0,0.290711,-0.0190762,0
5.9,3.3,0,0.290181,-0.0189088,0
5.9,3.4,0,0.289653,-0.0186317,0
5.9,3.5,0,0.289061,-0.0180116,0
5.9,3.6,0,0.28854,-0.0180296,0
5.9,3.7,0,0.287985,-0.0176549,0
5.9,3.8,0,0.287343,-0.017221,0
5.9,3.9,0,0.28676,-0.0167236,0
5.9,4,0,0.286082,-0.0158098,0
5.9,4.1,0,0.285408,-0.015524,0
5.9,4.2,0,0.2848,-0.0148875,0
5.9,4.3,0,0.283918,-0.0140549,0
5.9,4.4,0,0.283307,-0.0132829,0
5.9,4.5,0,0.28296,-0.0122693,0
5.9,4.6,0,0.281817,-0.0114656,0
5.9,4.7,0,0.281269,-0.0105795,0
5.9,4.8,0,0.280553,-0.0095194,0
5.9,4.9,0,0.280199,-0.00869473,0
5.9,5,0,0.280663,-0.00791373,0
5.9,5.1,0,0.280251,-0.00647835,0
5.9,5.2,0,0.28003,-0.00538993,0
5.9,5.3,0,0.279878,-0.00427388,0
5.9,5.4,0,0.27979,-0.00313821,0
5.9,5.5,0,0.279766,-0.00199286,0
5.9,5.6,0,0.279804,-0.000848274,0
5.9,5.7,0,0.279905,0.000285068,0
5.9,5.8,0,0.280071,0.00139727,0
5.9,5.9,0,0.280304,0.00248049,0
5.9,6,0,0.280799,0.00411014,0
5.9,6.1,0,0.280331,0.00484553,0
5.9,6.2,0,0.280712,0.00562407,0
5.9,6.3,0,0.281146,0.00640851,0
5.9,6.4,0,0.282051,0.00750543,0
5.9,6.5,0,0.282638,0.00831918,0
5.9,6.6,0,0.283225,0.00913294,0
5.9,6.7,0,0.284206,0.0100026,0
5.9,6.8,0,0.284797,0.0107096,0
5.9,6.9,0,0.285409,0.0113499,0
5.9,7,0,0.286165,0.0117094,0
5.9,7.1,0,0.286814,0.0125162,0
5.9,7.2,0,0.287405,0.0129802,0
5.9,7.3,0,0.287996,0.0134441,0
5.9,7.4,0,0.28866,0.0137712,0
5.9,7.5,0,0.289218,0.0140876,0
5.9,7.6,0,0.289776,0.014404,0
5.9,7.7,0,0.290366,0.0145319,0
5.9,7.8,0,0.290889,0.0148076,0
5.9,7.9,0,0.291403,0.0150135,0
5.9,8,0,0.291941,0.0150605,0
5.9,8.1,0,0.292424,0.0152583,0
5.9,8.2,0,0.292885,0.0153828,0
5.9,8.3,0,0.293347,0.0155072,0
5.9,8.4,0,0.293809,0.0155195,0
5.9,8.5,0,0.294211,0.0155832,0
5.9,8.6,0,0.294613,0.0156469,0
5.9,8.7,0,0.295029,0.0156315,0
5.9,8.8,0,0.29537,0.0156599,0
5.9,8.9,0,0.295712,0.0156783,0
5.9,9,0,0.296065,0.0156691,0
5.9,9.1,0,0.296364,0.0156433,0
5.9,9.2,0,0.296647,0.015629,0
5.9,9.3,0,0.296931,0.0156148,0
5.9,9.4,0,0.2972,0.0155567,0
5.9,9.5,0,0.29743,0.0155203,0
5.9,9.6,0,0.29766,0.0154839,0
5.9,9.7,0,0.297892,0.0154252,0
5.9,9.8,0,0.298073,0.0153707,0
5.9,9.9,0,0.298257,0.0153208,0
5.9,10,0,0.298443,0.0152652,0
5.9,10.1,0,0.298593,0.0151962,0
5.9,10.2,0,0.298735,0.0151399,0
5.9,10.3,0,0.298877,0.0150836,0
5.9,10.4,0,0.299003,0.015011,0
5.9,10.5,0,0.299111,0.0149537,0
5.9,10.6,0,0.299218,0.0148964,0
5.9,10.7,0,0.299323,0.0148299,0
5.9,10.8,0,0.299397,0.0147724,0
5.9,10.9,0,0.299475,0.0147182,0
5.9,11,0,0.299553,0.0146616,0
5.9,11.1,0,0.299609,0.0146041,0
5.9,11.2,0,0.299663,0.0145561,0
5.9,11.3,0,0.299717,0.0145081,0
5.9,11.4,0,0.299758,0.0144554,0
5.9,11.5,0,0.299793,0.0144159,0
5.9,11.6,0,0.299828,0.0143763,0
5.9,11.7,0,0.299859,0.0143318,0
5.9,11.8,0,0.299875,0.0143019,0
5.9,11.9,0,0.299894,0.0142725,0
5.9,12,0,0.299912,0.0142423,0
5.9,12.1,0,0.299917,0.0142178,0
5.9,12.2,0,0.299922,0.0142,0
5.9,12.3,0,0.299927,0.0141823,0
5.9,12.4,0,0.299922,0.0141664,0
5.9,12.5,0,0.29992,0.0141606,0
5.9,12.6,0,0.29992,0.0141548,0
5.9,12.7,0,0.29992,0.0141462,0
6,0,0,0.299382,-0.0204303,0
6,0.1,0,0.299369,-0.0204446,0
6,0.2,0,0.299319,-0.0204351,0
6,0.3,0,0.299242,-0.0204321,0
6,0.4,0,0.299141,-0.020434,0
6,0.5,0,0.299031,-0.0204262,0
6,0.6,0,0.298887,-0.0204476,0
6,0.7,0,0.298744,-0.0204494,0
6,0.8,0,0.298585,-0.0204684,0
6,0.9,0,0.298408,-0.0204841,0
6,1,0,0.298251,-0.0204902,0
6,1.1,0,0.298034,-0.0205297,0
6,1.2,0,0.297843,-0.0205342,0
6,1.3,0,0.297625,-0.0205659,0
6,1.4,0,0.297387,-0.0205865,0
6,1.5,0,0.297185,-0.0205781,0
6,1.6,0,0.296887,-0.0206445,0
6,1.7,0,0.29664,-0.0206257,0
6,1.8,0,0.296349,-0.0206633,0
6,1.9,0,0.296034,-0.0206884,0
6,2,0,0.29577,-0.0206019,0
6,2.1,0,0.295371,-0.0207411,0
6,2.2,0,0.295049,-0.0206491,0
6,2.3,0,0.294667,-0.0206837,0
6,2.4,0,0.294259,-0.0207279,0
6,2.5,0,0.293914,-0.0204311,0
6,2.6,0,0.29341,-0.0207425,0
6,2.7,0,0.292998,-0.0204916,0
6,2.8,0,0.292525,-0.0204967,0
6,2.9,0,0.292034,-0.0205872,0
6,3,0,0.291561,-0.0198751,0
6,3.1,0,0.291025,-0.0204706,0
6,3.2,0,0.290495,-0.0199502,0
6,3.3,0,0.289952,-0.0198406,0
6,3.4,0,0.289436,-0.0199684,0
6,3.5,0,0.288716,-0.0186622,0
6,3.6,0,0.288266,-0.0194657,0
6,3.7,0,0.287589,-0.018607,0
6,3.8,0,0.286889,-0.0181747,0
6,3.9,0,0.286339,-0.0181638,0
6,4,0,0.285469,-0.0164168,0
6,4.1,0,0.284663,-0.0168327,0
6,4.2,0,0.284073,-0.0157652,0
6,4.3,0,0.282973,-0.0148299,0
6,4.4,0,0.282018,-0.0143349,0
6,4.5,0,0.282201,-0.012838,0
6,4.6,0,0.279868,-0.0121989,0
6,4.7,0,0.28002,-0.0111786,0
6,4.8,0,0.279092,-0.00995463,0
6,4.9,0,0.27772,-0.00901851,0
6,5,0,0.279819,-0.00832485,0
6,5.1,0,0.279333,-0.00679971,0
6,5.2,0,0.279061,-0.00563769,0
6,5.3,0,0.278865,-0.00444732,0
6,5.4,0,0.27875,-0.00323836,0
6,5.5,0,0.278717,-0.00202045,0
6,5.6,0,0.278766,-0.000803568,0
6,5.7,0,0.278897,0.000402352,0
6,5.8,0,0.279107,0.0015878,0
6,5.9,0,0.279395,0.00274285,0
6,6,0,0.27998,0.00446818,0
6,6.1,0,0.278079,0.00513079,0
6,6.2,0,0.278194,0.0058958,0
6,6.3,0,0.280399,0.00687789,0
6,6.4,0,0.280974,0.00812599,0
6,6.5,0,0.281006,0.00919372,0
6,6.6,0,0.282119,0.0098182,0
6,6.7,0,0.283513,0.010539,0
6,6.8,0,0.283899,0.0119335,0
6,6.9,0,0.28454,0.0125157,0
6,7,0,0.285601,0.0122846,0
6,7.1,0,0.286303,0.0136777,0
6,7.2,0,0.286909,0.0143107,0
6,7.3,0,0.287593,0.0140807,0
6,7.4,0,0.288288,0.014572,0
6,7.5,0,0.288908,0.0153218,0
6,7.6,0,0.289493,0.0153387,0
6,7.7,0,0.290112,0.0151581,0
6,7.8,0,0.290681,0.0158598,0
6,7.9,0,0.291197,0.0160559,0
6,8,0,0.291797,0.0156784,0
6,8.1,0,0.292292,0.0160515,0
6,8.2,0,0.292758,0.0162479,0
6,8.3,0,0.293275,0.0161243,0
6,8.4,0,0.293745,0.0161362,0
6,8.5,0,0.29415,0.0162909,0
6,8.6,0,0.294574,0.0162851,0
6,8.7,0,0.29502,0.0161759,0
6,8.8,0,0.295361,0.0162475,0
6,8.9,0,0.295702,0.0162659,0
6,9,0,0.296094,0.0161638,0
6,9.1,0,0.296391,0.016141,0
6,9.2,0,0.296674,0.0161283,0
6,9.3,0,0.29698,0.0160693,0
6,9.4,0,0.297253,0.0160001,0
6,9.5,0,0.29748,0.0159543,0
6,9.6,0,0.297717,0.0159056,0
6,9.7,0,0.29796,0.0158249,0
6,9.8,0,0.298136,0.0157548,0
6,9.9,0,0.298319,0.0157049,0
6,10,0,0.298517,0.0156247,0
6,10.1,0,0.298664,0.0155473,0
6,10.2,0,0.298803,0.0154847,0
6,10.3,0,0.298951,0.0154135,0
6,10.4,0,0.299078,0.0153349,0
6,10.5,0,0.299178,0.0152667,0
6,10.6,0,0.299286,0.0152046,0
6,10.7,0,0.299394,0.0151263,0
6,10.8,0,0.29946,0.0150599,0
6,10.9,0,0.299537,0.0150055,0
6,11,0,0.299617,0.0149344,0
6,11.1,0,0.299668,0.0148738,0
6,11.2,0,0.299717,0.0148227,0
6,11.3,0,0.299771,0.014766,0
6,11.4,0,0.299811,0.0147093,0
6,11.5,0,0.299838,0.0146663,0
6,11.6,0,0.299872,0.0146244,0
6,11.7,0,0.299901,0.0145714,0
6,11.8,0,0.29991,0.0145403,0
6,11.9,0,0.299928,0.0145109,0
6,12,0,0.299941,0.0144716,0
6,12.1,0,0.299942,0.0144474,0
6,12.2,0,0.299944,0.0144301,0
6,12.3,0,0.299945,0.0144076,0
6,12.4,0,0.299937,0.0143889,0
6,12.5,0,0.299927,0.0143862,0
6,12.6,0,0.299926,0.0143795,0
6,12.7,0,0.299929,0.0143662,0
6.1,0,0,0.299374,-0.0208354,0
6.1,0.1,0,0.299368,-0.0208533,0
6.1,0.2,0,0.299317,-0.0208431,0
6.1,0.3,0,0.29924,-0.0208401,0
6.1,0.4,0,0.299149,-0.0208509,0
6.1,0.5,0,0.299039,-0.0208424,0
6.1,0.6,0,0.298895,-0.0208677,0
6.1,0.7,0,0.29876,-0.0208785,0
6.1,0.8,0,0.2986,-0.0208975,0
6.1,0.9,0,0.298425,-0.0209306,0
6.1,1,0,0.298271,-0.0209368,0
6.1,1.1,0,0.29805,-0.0209833,0
6.1,1.2,0,0.297865,-0.0210031,0
6.1,1.3,0,0.297647,-0.0210348,0
6.1,1.4,0,0.297401,-0.0210838,0
6.1,1.5,0,0.297204,-0.0210736,0
6.1,1.6,0,0.296898,-0.0211548,0
6.1,1.7,0,0.296651,-0.0211515,0
6.1,1.8,0,0.29636,-0.0211891,0
6.1,1.9,0,0.296025,-0.02126,0
6.1,2,0,0.295767,-0.0211603,0
6.1,2.1,0,0.295354,-0.0213353,0
6.1,2.2,0,0.295024,-0.0212404,0
6.1,2.3,0,0.294642,-0.0212749,0
6.1,2.4,0,0.294197,-0.0213956,0
6.1,2.5,0,0.293858,-0.0210527,0
6.1,2.6,0,0.293337,-0.0214464,0
6.1,2.7,0,0.2929,-0.0211373,0
6.1,2.8,0,0.292426,-0.0211424,0
6.1,2.9,0,0.291879,-0.0213607,0
6.1,3,0,0.291404,-0.0205352,0
6.1,3.1,0,0.29086,-0.0212903,0
6.1,3.2,0,0.290257,-0.0206121,0
6.1,3.3,0,0.289715,-0.0205026,0
6.1,3.4,0,0.28913,-0.0208247,0
6.1,3.5,0,0.288372,-0.0193127,0
6.1,3.6,0,0.287942,-0.0203519,0
6.1,3.7,0,0.287113,-0.0192365,0
6.1,3.8,0,0.286413,-0.0188041,0
6.1,3.9,0,0.285784,-0.0190207,0
6.1,4,0,0.284857,-0.0170239,0
6.1,4.1,0,0.284011,-0.0176503,0
6.1,4.2,0,0.283357,-0.0163557,0
6.1,4.3,0,0.282258,-0.0154204,0
6.1,4.4,0,0.281099,-0.0150485,0
6.1,4.5,0,0.281441,-0.0134066,0
6.1,4.6,0,0.278751,-0.012817,0
6.1,4.7,0,0.279238,-0.0116881,0
6.1,4.8,0,0.27831,-0.0104642,0
6.1,4.9,0,0.276385,-0.00940343,0
6.1,5,0,0.278975,-0.00873597,0
6.1,5.1,0,0.278416,-0.00712107,0
6.1,5.2,0,0.278091,-0.00588545,0
6.1,5.3,0,0.277853,-0.00462077,0
6.1,5.4,0,0.27771,-0.00333852,0
6.1,5.5,0,0.277668,-0.00204805,0
6.1,5.6,0,0.277728,-0.000758863,0
6.1,5.7,0,0.277888,0.000519636,0
6.1,5.8,0,0.278144,0.00177833,0
6.1,5.9,0,0.278486,0.00300522,0
6.1,6,0,0.279161,0.00482622,0
6.1,6.1,0,0.27726,0.00548883,0
6.1,6.2,0,0.276892,0.00630324,0
6.1,6.3,0,0.279652,0.00734727,0
6.1,6.4,0,0.280227,0.00859537,0
6.1,6.5,0,0.279828,0.00988017,0
6.1,6.6,0,0.281426,0.0103546,0
6.1,6.7,0,0.28282,0.0110754,0
6.1,6.8,0,0.283155,0.0126392,0
6.1,6.9,0,0.283976,0.0130909,0
6.1,7,0,0.285037,0.0128598,0
6.1,7.1,0,0.285739,0.0142529,0
6.1,7.2,0,0.286473,0.0151948,0
6.1,7.3,0,0.287194,0.0146904,0
6.1,7.4,0,0.287888,0.0151817,0
6.1,7.5,0,0.288575,0.0162462,0
6.1,7.6,0,0.289239,0.0159649,0
6.1,7.7,0,0.289858,0.0157843,0
6.1,7.8,0,0.290435,0.0165623,0
6.1,7.9,0,0.291053,0.0166738,0
6.1,8,0,0.291653,0.0162963,0
6.1,8.1,0,0.292148,0.0166694,0
6.1,8.2,0,0.292665,0.01696,0
6.1,8.3,0,0.293211,0.0167124,0
6.1,8.4,0,0.29368,0.0167243,0
6.1,8.5,0,0.294091,0.0169352,0
6.1,8.6,0,0.294565,0.0168296,0
6.1,8.7,0,0.295011,0.0167203,0
6.1,8.8,0,0.295352,0.0167967,0
6.1,8.9,0,0.29573,0.0167648,0
6.1,9,0,0.296123,0.0166586,0
6.1,9.1,0,0.296421,0.0166357,0
6.1,9.2,0,0.296715,0.0166014,0
6.1,9.3,0,0.297034,0.0165146,0
6.1,9.4,0,0.297307,0.0164454,0
6.1,9.5,0,0.297532,0.0163933,0
6.1,9.6,0,0.297786,0.0163053,0
6.1,9.7,0,0.298029,0.0162245,0
6.1,9.8,0,0.298204,0.0161538,0
6.1,9.9,0,0.298393,0.0160672,0
6.1,10,0,0.298592,0.0159842,0
6.1,10.1,0,0.298738,0.0159068,0
6.1,10.2,0,0.298874,0.0158225,0
6.1,10.3,0,0.299026,0.0157386,0
6.1,10.4,0,0.299153,0.01566,0
6.1,10.5,0,0.299249,0.0155864,0
6.1,10.6,0,0.299357,0.015501,0
6.1,10.7,0,0.299464,0.0154226,0
6.1,10.8,0,0.299531,0.0153563,0
6.1,10.9,0,0.299601,0.0152809,0
6.1,11,0,0.29968,0.0152073,0
6.1,11.1,0,0.299731,0.0151466,0
6.1,11.2,0,0.299773,0.0150859,0
6.1,11.3,0,0.299824,0.01502,0
6.1,11.4,0,0.299865,0.0149633,0
6.1,11.5,0,0.299888,0.014919,0
6.1,11.6,0,0.299913,0.014864,0
6.1,11.7,0,0.299943,0.014811,0
6.1,11.8,0,0.299951,0.0147799,0
6.1,11.9,0,0.299958,0.0147424,0
6.1,12,0,0.299969,0.0147009,0
6.1,12.1,0,0.299971,0.0146767,0
6.1,12.2,0,0.299966,0.0146578,0
6.1,12.3,0,0.29996,0.0146301,0
6.1,12.4,0,0.299952,0.0146115,0
6.1,12.5,0,0.299939,0.0146097,0
6.1,12.6,0,0.299935,0.0145995,0
6.1,12.7,0,0.299938,0.0145862,0
6.2,0,0,0.299368,-0.0212405,0
6.2,0.1,0,0.299349,-0.021251,0
6.2,0.2,0,0.299315,-0.0212512,0
6.2,0.3,0,0.299238,-0.0212481,0
6.2,0.4,0,0.299148,-0.0212587,0
6.2,0.5,0,0.299046,-0.0212587,0
6.2,0.6,0,0.298908,-0.0212838,0
6.2,0.7,0,0.298775,-0.0213076,0
6.2,0.8,0,0.298616,-0.0213266,0
6.2,0.9,0,0.29845,-0.0213636,0
6.2,1,0,0.298291,-0.0213835,0
6.2,1.1,0,0.298082,-0.0214293,0
6.2,1.2,0,0.297886,-0.021472,0
6.2,1.3,0,0.297669,-0.0215037,0
6.2,1.4,0,0.297436,-0.0215531,0
6.2,1.5,0,0.297223,-0.0215691,0
6.2,1.6,0,0.296932,-0.0216351,0
6.2,1.7,0,0.296662,-0.0216773,0
6.2,1.8,0,0.296371,-0.0217149,0
6.2,1.9,0,0.296049,-0.0217572,0
6.2,2,0,0.295764,-0.0217187,0
6.2,2.1,0,0.295369,-0.0218244,0
6.2,2.2,0,0.294999,-0.0218316,0
6.2,2.3,0,0.294617,-0.0218662,0
6.2,2.4,0,0.294183,-0.0218699,0
6.2,2.5,0,0.293802,-0.0216742,0
6.2,2.6,0,0.293292,-0.0218675,0
6.2,2.7,0,0.292801,-0.021783,0
6.2,2.8,0,0.292327,-0.0217881,0
6.2,2.9,0,0.291762,-0.0217068,0
6.2,3,0,0.291246,-0.0211953,0
6.2,3.1,0,0.290659,-0.0215263,0
6.2,3.2,0,0.29002,-0.0212741,0
6.2,3.3,0,0.289477,-0.0211645,0
6.2,3.4,0,0.288769,-0.0209355,0
6.2,3.5,0,0.288027,-0.0199633,0
6.2,3.6,0,0.287437,-0.0203571,0
6.2,3.7,0,0.286637,-0.0198659,0
6.2,3.8,0,0.285936,-0.0194336,0
6.2,3.9,0,0.285127,-0.0189793,0
6.2,4,0,0.284244,-0.0176309,0
6.2,4.1,0,0.283422,-0.0176828,0
6.2,4.2,0,0.282642,-0.0169462,0
6.2,4.3,0,0.281542,-0.0160109,0
6.2,4.4,0,0.280799,-0.015248,0
6.2,4.5,0,0.280681,-0.0139753,0
6.2,4.6,0,0.278926,-0.0132066,0
6.2,4.7,0,0.278456,-0.0121976,0
6.2,4.8,0,0.277528,-0.0109737,0
6.2,4.9,0,0.276899,-0.00996315,0
6.2,5,0,0.27813,-0.00914709,0
6.2,5.1,0,0.277498,-0.00744243,0
6.2,5.2,0,0.277122,-0.00613321,0
6.2,5.3,0,0.276841,-0.00479421,0
6.2,5.4,0,0.276671,-0.00343868,0
6.2,5.5,0,0.276619,-0.00207565,0
6.2,5.6,0,0.276689,-0.000714157,0
6.2,5.7,0,0.27688,0.00063692,0
6.2,5.8,0,0.27718,0.00196886,0
6.2,5.9,0,0.277577,0.00326759,0
6.2,6,0,0.278342,0.00518427,0
6.2,6.1,0,0.277049,0.00591472,0
6.2,6.2,0,0.277527,0.00684282,0
6.2,6.3,0,0.278905,0.00781665,0
6.2,6.4,0,0.27948,0.00906475,0
6.2,6.5,0,0.28002,0.0100114,0
6.2,6.6,0,0.280733,0.0108909,0
6.2,6.7,0,0.282127,0.0116117,0
6.2,6.8,0,0.282712,0.0126914,0
6.2,6.9,0,0.283496,0.0133839,0
6.2,7,0,0.284472,0.013435,0
6.2,7.1,0,0.285201,0.0146291,0
6.2,7.2,0,0.286013,0.0151394,0
6.2,7.3,0,0.286794,0.0153001,0
6.2,7.4,0,0.287489,0.0157914,0
6.2,7.5,0,0.288231,0.0162479,0
6.2,7.6,0,0.288985,0.0165865,0
6.2,7.7,0,0.289604,0.0164105,0
6.2,7.8,0,0.290225,0.0168936,0
6.2,7.9,0,0.290887,0.0170882,0
6.2,8,0,0.291509,0.0169142,0
6.2,8.1,0,0.292017,0.0172294,0
6.2,8.2,0,0.292585,0.0173138,0
6.2,8.3,0,0.293146,0.0173005,0
6.2,8.4,0,0.293615,0.0173124,0
6.2,8.5,0,0.294079,0.0173601,0
6.2,8.6,0,0.294556,0.0173651,0
6.2,8.7,0,0.295002,0.0172648,0
6.2,8.8,0,0.295366,0.0172844,0
6.2,8.9,0,0.295759,0.0172361,0
6.2,9,0,0.296152,0.0171534,0
6.2,9.1,0,0.296454,0.0171229,0
6.2,9.2,0,0.296771,0.0170422,0
6.2,9.3,0,0.297088,0.0169599,0
6.2,9.4,0,0.297361,0.0168907,0
6.2,9.5,0,0.297605,0.0168043,0
6.2,9.6,0,0.297855,0.0167065,0
6.2,9.7,0,0.298097,0.0166242,0
6.2,9.8,0,0.298279,0.01654,0
6.2,9.9,0,0.298471,0.0164362,0
6.2,10,0,0.298667,0.0163437,0
6.2,10.1,0,0.298814,0.0162648,0
6.2,10.2,0,0.298956,0.0161623,0
6.2,10.3,0,0.299101,0.0160637,0
6.2,10.4,0,0.299228,0.0159851,0
6.2,10.5,0,0.299328,0.0158958,0
6.2,10.6,0,0.299429,0.0157999,0
6.2,10.7,0,0.299535,0.015719,0
6.2,10.8,0,0.299602,0.0156457,0
6.2,10.9,0,0.29967,0.0155599,0
6.2,11,0,0.299743,0.0154801,0
6.2,11.1,0,0.299795,0.0154193,0
6.2,11.2,0,0.299835,0.0153461,0
6.2,11.3,0,0.299877,0.015274,0
6.2,11.4,0,0.299918,0.0152174,0
6.2,11.5,0,0.299938,0.0151635,0
6.2,11.6,0,0.299957,0.0151046,0
6.2,11.7,0,0.299984,0.0150507,0
6.2,11.8,0,0.29999,0.0150159,0
6.2,11.9,0,0.299992,0.0149726,0
6.2,12,0,0.299998,0.0149301,0
6.2,12.1,0,0.299999,0.0149059,0
6.2,12.2,0,0.299987,0.0148796,0
6.2,12.3,0,0.299976,0.0148527,0
6.2,12.4,0,0.299968,0.014834,0
6.2,12.5,0,0.299957,0.0148277,0
6.2,12.6,0,0.299948,0.0148185,0
6.2,12.7,0,0.299947,0.0148062,0
6.3,0,0,0.299361,-0.0216455,0
6.3,0.1,0,0.299328,-0.0216469,0
6.3,0.2,0,0.299295,-0.0216483,0
6.3,0.3,0,0.299234,-0.0216541,0
6.3,0.4,0,0.299144,-0.0216645,0
6.3,0.5,0,0.299054,-0.0216748,0
6.3,0.6,0,0.298922,-0.0216999,0
6.3,0.7,0,0.298789,-0.021725,0
6.3,0.8,0,0.298641,-0.021756,0
6.3,0.9,0,0.298476,-0.0217931,0
6.3,1,0,0.298312,-0.0218301,0
6.3,1.1,0,0.298115,-0.0218751,0
6.3,1.2,0,0.297919,-0.0219202,0
6.3,1.3,0,0.297705,-0.0219671,0
6.3,1.4,0,0.297473,-0.0220159,0
6.3,1.5,0,0.297242,-0.0220647,0
6.3,1.6,0,0.296969,-0.0221117,0
6.3,1.7,0,0.296697,-0.0221588,0
6.3,1.8,0,0.2964,-0.0222012,0
6.3,1.9,0,0.29608,-0.0222391,0
6.3,2,0,0.295761,-0.022277,0
6.3,2.1,0,0.295387,-0.0222962,0
6.3,2.2,0,0.295014,-0.0223153,0
6.3,2.3,0,0.294611,-0.0223191,0
6.3,2.4,0,0.294178,-0.0223074,0
6.3,2.5,0,0.293746,-0.0222957,0
6.3,2.6,0,0.293249,-0.0222386,0
6.3,2.7,0,0.292753,-0.0221815,0
6.3,2.8,0,0.292221,-0.0220935,0
6.3,2.9,0,0.291655,-0.0219745,0
6.3,3,0,0.291089,-0.0218554,0
6.3,3.1,0,0.290447,-0.0216564,0
6.3,3.2,0,0.289806,-0.0214573,0
6.3,3.3,0,0.289125,-0.021209,0
6.3,3.4,0,0.288404,-0.0209114,0
6.3,3.5,0,0.287683,-0.0206138,0
6.3,3.6,0,0.286891,-0.0202011,0
6.3,3.7,0,0.286098,-0.0197884,0
6.3,3.8,0,0.285288,-0.0193133,0
6.3,3.9,0,0.28446,-0.0187756,0
6.3,4,0,0.283632,-0.018238,0
6.3,4.1,0,0.282838,-0.0175716,0
6.3,4.2,0,0.282045,-0.0169052,0
6.3,4.3,0,0.281303,-0.0161664,0
6.3,4.4,0,0.280612,-0.0153552,0
6.3,4.5,0,0.279921,-0.0145439,0
6.3,4.6,0,0.279333,-0.0135514,0
6.3,4.7,0,0.278745,-0.0125589,0
6.3,4.8,0,0.278218,-0.0115618,0
6.3,4.9,0,0.277752,-0.01056,0
6.3,5,0,0.277286,-0.00955821,0
6.3,5.1,0,0.276581,-0.00776379,0
6.3,5.2,0,0.276153,-0.00638097,0
6.3,5.3,0,0.275829,-0.00496766,0
6.3,5.4,0,0.275631,-0.00353883,0
6.3,5.5,0,0.27557,-0.00210325,0
6.3,5.6,0,0.275651,-0.000669452,0
6.3,5.7,0,0.275871,0.000754203,0
6.3,5.8,0,0.276216,0.00215938,0
6.3,5.9,0,0.276668,0.00352995,0
6.3,6,0,0.277523,0.00554231,0
6.3,6.1,0,0.278001,0.00647041,0
6.3,6.2,0,0.278479,0.00739851,0
6.3,6.3,0,0.278956,0.00832661,0
6.3,6.4,0,0.279552,0.00923887,0
6.3,6.5,0,0.280212,0.0101426,0
6.3,6.6,0,0.280872,0.0110463,0
6.3,6.7,0,0.281569,0.0118867,0
6.3,6.8,0,0.282353,0.0125791,0
6.3,6.9,0,0.283138,0.0132716,0
6.3,7,0,0.283922,0.0139641,0
6.3,7.1,0,0.284733,0.0144834,0
6.3,7.2,0,0.285545,0.0149937,0
6.3,7.3,0,0.286358,0.0155039,0
6.3,7.4,0,0.287135,0.0159112,0
6.3,7.5,0,0.287888,0.0162497,0
6.3,7.6,0,0.288641,0.0165882,0
6.3,7.7,0,0.289372,0.0168908,0
6.3,7.8,0,0.290034,0.0170855,0
6.3,7.9,0,0.290697,0.0172802,0
6.3,8,0,0.291359,0.0174748,0
6.3,8.1,0,0.291937,0.0175703,0
6.3,8.2,0,0.292504,0.0176547,0
6.3,8.3,0,0.293072,0.0177392,0
6.3,8.4,0,0.293589,0.0177799,0
6.3,8.5,0,0.294066,0.0177849,0
6.3,8.6,0,0.294543,0.0177899,0
6.3,8.7,0,0.295003,0.0177843,0
6.3,8.8,0,0.295396,0.017736,0
6.3,8.9,0,0.295789,0.0176878,0
6.3,9,0,0.296182,0.0176395,0
6.3,9.1,0,0.29651,0.0175637,0
6.3,9.2,0,0.296827,0.0174829,0
6.3,9.3,0,0.297144,0.0174022,0
6.3,9.4,0,0.297427,0.017313,0
6.3,9.5,0,0.297677,0.0172153,0
6.3,9.6,0,0.297927,0.0171176,0
6.3,9.7,0,0.298168,0.0170189,0
6.3,9.8,0,0.29836,0.0169151,0
6.3,9.9,0,0.298552,0.0168113,0
6.3,10,0,0.298743,0.0167074,0
6.3,10.1,0,0.298896,0.0166047,0
6.3,10.2,0,0.299039,0.0165022,0
6.3,10.3,0,0.299181,0.0163997,0
6.3,10.4,0,0.299305,0.0163002,0
6.3,10.5,0,0.299407,0.0162043,0
6.3,10.6,0,0.299508,0.0161083,0
6.3,10.7,0,0.299607,0.0160134,0
6.3,10.8,0,0.299674,0.0159276,0
6.3,10.9,0,0.299742,0.0158417,0
6.3,11,0,0.29981,0.0157559,0
6.3,11.1,0,0.299857,0.0156795,0
6.3,11.2,0,0.299897,0.0156063,0
6.3,11.3,0,0.299938,0.0155331,0
6.3,11.4,0,0.29997,0.0154656,0
6.3,11.5,0,0.299989,0.0154067,0
6.3,11.6,0,0.300007,0.0153478,0
6.3,11.7,0,0.300025,0.0152897,0
6.3,11.8,0,0.300027,0.0152465,0
6.3,11.9,0,0.300028,0.0152032,0
6.3,12,0,0.30003,0.0151599,0
6.3,12.1,0,0.300021,0.0151282,0
6.3,12.2,0,0.300009,0.0151014,0
6.3,12.3,0,0.299996,0.0150746,0
6.3,12.4,0,0.299985,0.0150539,0
6.3,12.5,0,0.299975,0.0150447,0
6.3,12.6,0,0.299966,0.0150355,0
6.3,12.7,0,0.299957,0.0150263,0
6.4,0,0,0.299363,-0.0220241,0
6.4,0.1,0,0.299343,-0.0220413,0
6.4,0.2,0,0.29931,-0.0220415,0
6.4,0.3,0,0.299256,-0.0220499,0
6.4,0.4,0,0.299168,-0.0220617,0
6.4,0.5,0,0.299082,-0.0220682,0
6.4,0.6,0,0.298955,-0.0221082,0
6.4,0.7,0,0.298824,-0.0221335,0
6.4,0.8,0,0.298685,-0.0221787,0
6.4,0.9,0,0.29852,-0.0222171,0
6.4,1,0,0.298372,-0.0222622,0
6.4,1.1,0,0.298168,-0.0223176,0
6.4,1.2,0,0.297973,-0.0223644,0
6.4,1.3,0,0.297765,-0.0224289,0
6.4,1.4,0,0.297532,-0.0224778,0
6.4,1.5,0,0.29732,-0.0225608,0
6.4,1.6,0,0.297031,-0.022591,0
6.4,1.7,0,0.29676,-0.022644,0
6.4,1.8,0,0.296462,-0.0226956,0
6.4,1.9,0,0.29614,-0.0227285,0
6.4,2,0,0.295831,-0.0228677,0
6.4,2.1,0,0.295437,-0.0227813,0
6.4,2.2,0,0.295064,-0.0228172,0
6.4,2.3,0,0.294643,-0.0227968,0
6.4,2.4,0,0.294208,-0.0227657,0
6.4,2.5,0,0.293766,-0.0230225,0
6.4,2.6,0,0.293244,-0.0226393,0
6.4,2.7,0,0.292745,-0.0226237,0
6.4,2.8,0,0.292158,-0.0224513,0
6.4,2.9,0,0.291588,-0.0222813,0
6.4,3,0,0.290997,-0.022778,0
6.4,3.1,0,0.290279,-0.0218361,0
6.4,3.2,0,0.289638,-0.0217237,0
6.4,3.3,0,0.288819,-0.0213458,0
6.4,3.4,0,0.288083,-0.0209471,0
6.4,3.5,0,0.287427,-0.0217983,0
6.4,3.6,0,0.28638,-0.0201131,0
6.4,3.7,0,0.285603,-0.0198412,0
6.4,3.8,0,0.284656,-0.0193257,0
6.4,3.9,0,0.283797,-0.0186428,0
6.4,4,0,0.283141,-0.0196507,0
6.4,4.1,0,0.282212,-0.0175327,0
6.4,4.2,0,0.281408,-0.0170112,0
6.4,4.3,0,0.280999,-0.0164836,0
6.4,4.4,0,0.280355,-0.015551,0
6.4,4.5,0,0.278801,-0.0158261,0
6.4,4.6,0,0.279698,-0.014009,0
6.4,4.7,0,0.278915,-0.0130771,0
6.4,4.8,0,0.278744,-0.0121132,0
6.4,4.9,0,0.278512,-0.0110545,0
6.4,5,0,0.275424,-0.0103972,0
6.4,5.1,0,0.274651,-0.00843871,0
6.4,5.2,0,0.274203,-0.00691486,0
6.4,5.3,0,0.273875,-0.00534175,0
6.4,5.4,0,0.273677,-0.00373861,0
6.4,5.5,0,0.273619,-0.00212103,0
6.4,5.6,0,0.273703,-0.000504919,0
6.4,5.7,0,0.273927,0.00109387,0
6.4,5.8,0,0.274281,0.0026598,0
6.4,5.9,0,0.274757,0.00417223,0
6.4,6,0,0.275694,0.00637308,0
6.4,6.1,0,0.278802,0.00688333,0
6.4,6.2,0,0.27928,0.00781143,0
6.4,6.3,0,0.278572,0.00909668,0
6.4,6.4,0,0.279432,0.00964768,0
6.4,6.5,0,0.280283,0.0104529,0
6.4,6.6,0,0.280886,0.0114139,0
6.4,6.7,0,0.280868,0.0126544,0
6.4,6.8,0,0.281929,0.0126023,0
6.4,6.9,0,0.282713,0.0132948,0
6.4,7,0,0.283393,0.0151636,0
6.4,7.1,0,0.284289,0.0144736,0
6.4,7.2,0,0.285101,0.0149838,0
6.4,7.3,0,0.285966,0.0160366,0
6.4,7.4,0,0.286845,0.0162348,0
6.4,7.5,0,0.287608,0.0163714,0
6.4,7.6,0,0.288362,0.0167099,0
6.4,7.7,0,0.289209,0.0176522,0
6.4,7.8,0,0.289916,0.0173717,0
6.4,7.9,0,0.290578,0.0175664,0
6.4,8,0,0.291283,0.0182509,0
6.4,8.1,0,0.291926,0.017981,0
6.4,8.2,0,0.292493,0.0180654,0
6.4,8.3,0,0.293072,0.0182745,0
6.4,8.4,0,0.293633,0.0183192,0
6.4,8.5,0,0.294119,0.0182582,0
6.4,8.6,0,0.294596,0.0182632,0
6.4,8.7,0,0.295082,0.018369,0
6.4,8.8,0,0.295485,0.0182186,0
6.4,8.9,0,0.295878,0.0181703,0
6.4,9,0,0.296287,0.0181657,0
6.4,9.1,0,0.29662,0.0180219,0
6.4,9.2,0,0.296937,0.0179412,0
6.4,9.3,0,0.297259,0.0178632,0
6.4,9.4,0,0.297549,0.0177475,0
6.4,9.5,0,0.297796,0.0176341,0
6.4,9.6,0,0.298046,0.0175364,0
6.4,9.7,0,0.298298,0.01742,0
6.4,9.8,0,0.29848,0.0172914,0
6.4,9.9,0,0.298672,0.0171876,0
6.4,10,0,0.29887,0.0170703,0
6.4,10.1,0,0.299012,0.0169412,0
6.4,10.2,0,0.299154,0.0168388,0
6.4,10.3,0,0.299298,0.0167312,0
6.4,10.4,0,0.299418,0.0166082,0
6.4,10.5,0,0.299514,0.0165063,0
6.4,10.6,0,0.299615,0.0164104,0
6.4,10.7,0,0.299713,0.0162955,0
6.4,10.8,0,0.299769,0.0162009,0
6.4,10.9,0,0.299837,0.016115,0
6.4,11,0,0.299903,0.016018,0
6.4,11.1,0,0.299937,0.0159296,0
6.4,11.2,0,0.299978,0.0158563,0
6.4,11.3,0,0.300018,0.0157802,0
6.4,11.4,0,0.30004,0.0156991,0
6.4,11.5,0,0.300053,0.0156387,0
6.4,11.6,0,0.300072,0.0155798,0
6.4,11.7,0,0.300084,0.0155088,0
6.4,11.8,0,0.300074,0.015465,0
6.4,11.9,0,0.300076,0.0154217,0
6.4,12,0,0.300073,0.0153719,0
6.4,12.1,0,0.300052,0.0153374,0
6.4,12.2,0,0.300039,0.0153107,0
6.4,12.3,0,0.300026,0.0152827,0
6.4,12.4,0,0.299999,0.0152554,0
6.4,12.5,0,0.29998,0.0152479,0
6.4,12.6,0,0.29997,0.0152387,0
6.4,12.7,0,0.299971,0.0152232,0
6.5,0,0,0.299365,-0.0224026,0
6.5,0.1,0,0.299355,-0.0224325,0
6.5,0.2,0,0.299321,-0.022424,0
6.5,0.3,0,0.299267,-0.0224324,0
6.5,0.4,0,0.299192,-0.0224582,0
6.5,0.5,0,0.299111,-0.0224616,0
6.5,0.6,0,0.298987,-0.0225136,0
6.5,0.7,0,0.29887,-0.0225432,0
6.5,0.8,0,0.29873,-0.0225884,0
6.5,0.9,0,0.298566,-0.0226428,0
6.5,1,0,0.298433,-0.0226942,0
6.5,1.1,0,0.298222,-0.022758,0
6.5,1.2,0,0.298045,-0.0228251,0
6.5,1.3,0,0.297837,-0.0228896,0
6.5,1.4,0,0.297595,-0.0229466,0
6.5,1.5,0,0.297398,-0.0230569,0
6.5,1.6,0,0.297096,-0.0230737,0
6.5,1.7,0,0.296838,-0.0231831,0
6.5,1.8,0,0.29654,-0.0232346,0
6.5,1.9,0,0.296201,-0.0232381,0
6.5,2,0,0.295902,-0.0234583,0
6.5,2.1,0,0.295491,-0.0232876,0
6.5,2.2,0,0.295116,-0.0234697,0
6.5,2.3,0,0.294695,-0.0234493,0
6.5,2.4,0,0.294236,-0.0232778,0
6.5,2.5,0,0.293787,-0.0237494,0
6.5,2.6,0,0.293244,-0.0231051,0
6.5,2.7,0,0.292718,-0.0234399,0
6.5,2.8,0,0.292131,-0.0232675,0
6.5,2.9,0,0.291516,-0.0227114,0
6.5,3,0,0.290906,-0.0237005,0
6.5,3.1,0,0.290127,-0.0221643,0
6.5,3.2,0,0.289468,-0.0227704,0
6.5,3.3,0,0.288649,-0.0223925,0
6.5,3.4,0,0.287775,-0.0212125,0
6.5,3.5,0,0.28717,-0.0229828,0
6.5,3.6,0,0.28592,-0.0202797,0
6.5,3.7,0,0.28525,-0.0211607,0
6.5,3.8,0,0.284302,-0.0206452,0
6.5,3.9,0,0.283168,-0.0188191,0
6.5,4,0,0.28265,-0.0210633,0
6.5,4.1,0,0.281612,-0.0177841,0
6.5,4.2,0,0.280677,-0.0184207,0
6.5,4.3,0,0.280267,-0.0178931,0
6.5,4.4,0,0.279926,-0.0159641,0
6.5,4.5,0,0.277681,-0.0171083,0
6.5,4.6,0,0.279765,-0.0146315,0
6.5,4.7,0,0.277334,-0.0141407,0
6.5,4.8,0,0.277163,-0.0131767,0
6.5,4.9,0,0.278748,-0.0116178,0
6.5,5,0,0.273561,-0.0112361,0
6.5,5.1,0,0.272721,-0.00911363,0
6.5,5.2,0,0.272253,-0.00744876,0
6.5,5.3,0,0.27192,-0.00571583,0
6.5,5.4,0,0.271724,-0.00393838,0
6.5,5.5,0,0.271668,-0.00213881,0
6.5,5.6,0,0.271755,-0.000340387,0
6.5,5.7,0,0.271982,0.00143353,0
6.5,5.8,0,0.272346,0.00316021,0
6.5,5.9,0,0.272845,0.0048145,0
6.5,6,0,0.273865,0.00720386,0
6.5,6.1,0,0.277876,0.00757066,0
6.5,6.2,0,0.279663,0.0083501,0
6.5,6.3,0,0.277135,0.0101837,0
6.5,6.4,0,0.277996,0.0107347,0
6.5,6.5,0,0.280355,0.0107631,0
6.5,6.6,0,0.279999,0.0126842,0
6.5,6.7,0,0.279982,0.0139247,0
6.5,6.8,0,0.281388,0.012942,0
6.5,6.9,0,0.282223,0.0140614,0
6.5,7,0,0.282856,0.0164477,0
6.5,7.1,0,0.283778,0.0154005,0
6.5,7.2,0,0.284671,0.015114,0
6.5,7.3,0,0.285634,0.0171993,0
6.5,7.4,0,0.286513,0.0173975,0
6.5,7.5,0,0.287328,0.016493,0
6.5,7.6,0,0.288176,0.017705,0
6.5,7.7,0,0.289024,0.0186539,0
6.5,7.8,0,0.289776,0.0178876,0
6.5,7.9,0,0.290485,0.0181482,0
6.5,8,0,0.291214,0.0191029,0
6.5,8.1,0,0.291869,0.0187408,0
6.5,8.2,0,0.292484,0.0184926,0
6.5,8.3,0,0.293089,0.0190003,0
6.5,8.4,0,0.29365,0.019045,0
6.5,8.5,0,0.294171,0.0187315,0
6.5,8.6,0,0.294669,0.0188744,0
6.5,8.7,0,0.295157,0.0189913,0
6.5,8.8,0,0.295569,0.0187553,0
6.5,8.9,0,0.295977,0.0186777,0
6.5,9,0,0.296397,0.0187029,0
6.5,9.1,0,0.296729,0.0185479,0
6.5,9.2,0,0.297046,0.0183994,0
6.5,9.3,0,0.297386,0.0183297,0
6.5,9.4,0,0.297676,0.018214,0
6.5,9.5,0,0.297915,0.018053,0
6.5,9.6,0,0.298176,0.0179454,0
6.5,9.7,0,0.29843,0.0178274,0
6.5,9.8,0,0.298606,0.0176819,0
6.5,9.9,0,0.298796,0.0175568,0
6.5,10,0,0.298999,0.0174283,0
6.5,10.1,0,0.29914,0.0172976,0
6.5,10.2,0,0.29927,0.0171753,0
6.5,10.3,0,0.299419,0.0170482,0
6.5,10.4,0,0.299538,0.0169252,0
6.5,10.5,0,0.299621,0.0168092,0
6.5,10.6,0,0.299723,0.0166977,0
6.5,10.7,0,0.299821,0.016579,0
6.5,10.8,0,0.299871,0.0164795,0
6.5,10.9,0,0.299931,0.0163829,0
6.5,11,0,0.299997,0.0162745,0
6.5,11.1,0,0.300031,0.016186,0
6.5,11.2,0,0.300058,0.0161064,0
6.5,11.3,0,0.300094,0.0160155,0
6.5,11.4,0,0.300117,0.0159344,0
6.5,11.5,0,0.300119,0.0158711,0
6.5,11.6,0,0.300132,0.0158025,0
6.5,11.7,0,0.300142,0.015728,0
6.5,11.8,0,0.300129,0.0156839,0
6.5,11.9,0,0.300122,0.0156375,0
6.5,12,0,0.300113,0.0155795,0
6.5,12.1,0,0.300093,0.015545,0
6.5,12.2,0,0.30007,0.0155201,0
6.5,12.3,0,0.300048,0.0154826,0
6.5,12.4,0,0.300021,0.0154553,0
6.5,12.5,0,0.299987,0.0154506,0
6.5,12.6,0,0.299981,0.0154378,0
6.5,12.7,0,0.299985,0.0154201,0
6.6,0,0,0.299367,-0.0227811,0
6.6,0.1,0,0.299356,-0.0228075,0
6.6,0.2,0,0.299332,-0.0228066,0
6.6,0.3,0,0.299278,-0.022815,0
6.6,0.4,0,0.299217,-0.0228472,0
6.6,0.5,0,0.29914,-0.022855,0
6.6,0.6,0,0.299019,-0.0229074,0
6.6,0.7,0,0.298916,-0.022953,0
6.6,0.8,0,0.298776,-0.0229982,0
6.6,0.9,0,0.298628,-0.0230705,0
6.6,1,0,0.298493,-0.0231263,0
6.6,1.1,0,0.298288,-0.0231955,0
6.6,1.2,0,0.298116,-0.0232858,0
6.6,1.3,0,0.297908,-0.0233503,0
6.6,1.4,0,0.297677,-0.0234424,0
6.6,1.5,0,0.297476,-0.023553,0
6.6,1.6,0,0.297179,-0.0235877,0
6.6,1.7,0,0.296917,-0.0237222,0
6.6,1.8,0,0.296618,-0.0237737,0
6.6,1.9,0,0.296278,-0.0238436,0
6.6,2,0,0.295972,-0.0240489,0
6.6,2.1,0,0.295562,-0.0239284,0
6.6,2.2,0,0.295168,-0.0241222,0
6.6,2.3,0,0.294747,-0.0241018,0
6.6,2.4,0,0.294264,-0.0240629,0
6.6,2.5,0,0.293807,-0.0244763,0
6.6,2.6,0,0.293258,-0.0239567,0
6.6,2.7,0,0.292691,-0.0242561,0
6.6,2.8,0,0.292104,-0.0240837,0
6.6,2.9,0,0.291437,-0.0237867,0
6.6,3,0,0.290814,-0.0246231,0
6.6,3.1,0,0.290035,-0.023347,0
6.6,3.2,0,0.289298,-0.0238171,0
6.6,3.3,0,0.288479,-0.0234392,0
6.6,3.4,0,0.287564,-0.0227003,0
6.6,3.5,0,0.286914,-0.0241673,0
6.6,3.6,0,0.285711,-0.0218864,0
6.6,3.7,0,0.284896,-0.0224803,0
6.6,3.8,0,0.283949,-0.0219647,0
6.6,3.9,0,0.28277,-0.0206675,0
6.6,4,0,0.282159,-0.022476,0
6.6,4.1,0,0.28109,-0.0196313,0
6.6,4.2,0,0.279945,-0.0198302,0
6.6,4.3,0,0.279536,-0.0193026,0
6.6,4.4,0,0.278663,-0.0176104,0
6.6,4.5,0,0.276561,-0.0183906,0
6.6,4.6,0,0.278061,-0.0160955,0
6.6,4.7,0,0.275753,-0.0152042,0
6.6,4.8,0,0.275582,-0.0142403,0
6.6,4.9,0,0.276183,-0.0126275,0
6.6,5,0,0.271699,-0.0120751,0
6.6,5.1,0,0.270791,-0.00978855,0
6.6,5.2,0,0.270304,-0.00798265,0
6.6,5.3,0,0.269965,-0.00608991,0
6.6,5.4,0,0.26977,-0.00413816,0
6.6,5.5,0,0.269718,-0.00215659,0
6.6,5.6,0,0.269807,-0.000175854,0
6.6,5.7,0,0.270038,0.00177319,0
6.6,5.8,0,0.270411,0.00366062,0
6.6,5.9,0,0.270933,0.00545677,0
6.6,6,0,0.272036,0.00803464,0
6.6,6.1,0,0.276047,0.00840143,0
6.6,6.2,0,0.277402,0.00956806,0
6.6,6.3,0,0.275698,0.0112707,0
6.6,6.4,0,0.276559,0.0118217,0
6.6,6.5,0,0.278558,0.0123698,0
6.6,6.6,0,0.279113,0.0139545,0
6.6,6.7,0,0.279096,0.015195,0
6.6,6.8,0,0.280473,0.0145228,0
6.6,6.9,0,0.281686,0.0153456,0
6.6,7,0,0.28232,0.0177319,0
6.6,7.1,0,0.283241,0.0166846,0
6.6,7.2,0,0.284304,0.0167692,0
6.6,7.3,0,0.285302,0.018362,0
6.6,7.4,0,0.286181,0.0185602,0
6.6,7.5,0,0.287066,0.0180717,0
6.6,7.6,0,0.28799,0.0187067,0
6.6,7.7,0,0.288839,0.0196556,0
6.6,7.8,0,0.289599,0.0189906,0
6.6,7.9,0,0.290416,0.0190002,0
6.6,8,0,0.291145,0.0199549,0
6.6,8.1,0,0.291799,0.0195928,0
6.6,8.2,0,0.292475,0.019416,0
6.6,8.3,0,0.293106,0.0197261,0
6.6,8.4,0,0.293667,0.0197708,0
6.6,8.5,0,0.294204,0.0195233,0
6.6,8.6,0,0.294744,0.0194966,0
6.6,8.7,0,0.295232,0.0196135,0
6.6,8.8,0,0.295647,0.0193837,0
6.6,8.9,0,0.296086,0.0192212,0
6.6,9,0,0.296507,0.0192401,0
6.6,9.1,0,0.296839,0.0190851,0
6.6,9.2,0,0.297173,0.0189065,0
6.6,9.3,0,0.297513,0.0187962,0
6.6,9.4,0,0.297803,0.0186805,0
6.6,9.5,0,0.298049,0.0185129,0
6.6,9.6,0,0.298308,0.0183528,0
6.6,9.7,0,0.298562,0.0182348,0
6.6,9.8,0,0.298738,0.0180884,0
6.6,9.9,0,0.298926,0.0179182,0
6.6,10,0,0.299128,0.0177862,0
6.6,10.1,0,0.299269,0.0176556,0
6.6,10.2,0,0.299398,0.0175064,0
6.6,10.3,0,0.299539,0.0173652,0
6.6,10.4,0,0.299659,0.0172422,0
6.6,10.5,0,0.299743,0.0171178,0
6.6,10.6,0,0.299832,0.0169812,0
6.6,10.7,0,0.29993,0.0168625,0
6.6,10.8,0,0.299979,0.0167629,0
6.6,10.9,0,0.300027,0.0166412,0
6.6,11,0,0.30009,0.016531,0
6.6,11.1,0,0.300124,0.0164425,0
6.6,11.2,0,0.300144,0.016348,0
6.6,11.3,0,0.300171,0.0162508,0
6.6,11.4,0,0.300194,0.0161696,0
6.6,11.5,0,0.300194,0.0161015,0
6.6,11.6,0,0.300191,0.0160217,0
6.6,11.7,0,0.300201,0.0159472,0
6.6,11.8,0,0.300188,0.0159031,0
6.6,11.9,0,0.300165,0.0158452,0
6.6,12,0,0.300154,0.015787,0
6.6,12.1,0,0.300133,0.0157526,0
6.6,12.2,0,0.300101,0.0157207,0
6.6,12.3,0,0.300071,0.0156825,0
6.6,12.4,0,0.300044,0.0156551,0
6.6,12.5,0,0.300013,0.0156485,0
6.6,12.6,0,0.299995,0.0156348,0
6.6,12.7,0,0.3,0.0156171,0
6.7,0,0,0.29937,-0.0231596,0
6.7,0.1,0,0.299355,-0.0231741,0
6.7,0.2,0,0.299338,-0.0231828,0
6.7,0.3,0,0.299291,-0.023196,0
6.7,0.4,0,0.299233,-0.0232258,0
6.7,0.5,0,0.299169,-0.0232483,0
6.7,0.6,0,0.299061,-0.0233022,0
6.7,0.7,0,0.29896,-0.0233568,0
6.7,0.8,0,0.298829,-0.0234112,0
6.7,0.9,0,0.298691,-0.0234883,0
6.7,1,0,0.298554,-0.0235583,0
6.7,1.1,0,0.298368,-0.0236458,0
6.7,1.2,0,0.298191,-0.0237423,0
6.7,1.3,0,0.297988,-0.0238246,0
6.7,1.4,0,0.297768,-0.0239372,0
6.7,1.5,0,0.297554,-0.0240492,0
6.7,1.6,0,0.297273,-0.0241436,0
6.7,1.7,0,0.297001,-0.0242679,0
6.7,1.8,0,0.296701,-0.0243532,0
6.7,1.9,0,0.296367,-0.024484,0
6.7,2,0,0.296042,-0.0246395,0
6.7,2.1,0,0.295635,-0.0246864,0
6.7,2.2,0,0.295229,-0.0248169,0
6.7,2.3,0,0.294796,-0.0248617,0
6.7,2.4,0,0.294306,-0.0249839,0
6.7,2.5,0,0.293828,-0.0252031,0
6.7,2.6,0,0.293256,-0.0250991,0
6.7,2.7,0,0.292674,-0.0252028,0
6.7,2.8,0,0.292067,-0.0251461,0
6.7,2.9,0,0.291385,-0.0252186,0
6.7,3,0,0.290723,-0.0255457,0
6.7,3.1,0,0.289941,-0.0251365,0
6.7,3.2,0,0.289159,-0.0251609,0
6.7,3.3,0,0.288335,-0.0249454,0
6.7,3.4,0,0.287459,-0.0248958,0
6.7,3.5,0,0.286657,-0.0253518,0
6.7,3.6,0,0.285612,-0.0244784,0
6.7,3.7,0,0.284645,-0.0243088,0
6.7,3.8,0,0.283665,-0.0239025,0
6.7,3.9,0,0.282589,-0.0235325,0
6.7,4,0,0.281669,-0.0238886,0
6.7,4.1,0,0.280495,-0.0224924,0
6.7,4.2,0,0.279268,-0.0218203,0
6.7,4.3,0,0.278459,-0.0211467,0
6.7,4.4,0,0.277069,-0.0201063,0
6.7,4.5,0,0.275441,-0.0196728,0
6.7,4.6,0,0.274996,-0.0179837,0
6.7,4.7,0,0.273578,-0.0165976,0
6.7,4.8,0,0.272952,-0.0154416,0
6.7,4.9,0,0.27198,-0.0140356,0
6.7,5,0,0.269837,-0.0129141,0
6.7,5.1,0,0.268861,-0.0104635,0
6.7,5.2,0,0.268354,-0.00851655,0
6.7,5.3,0,0.268011,-0.006464,0
6.7,5.4,0,0.267817,-0.00433793,0
6.7,5.5,0,0.267767,-0.00217437,0
6.7,5.6,0,0.267859,-1.13217e-05,0
6.7,5.7,0,0.268093,0.00211285,0
6.7,5.8,0,0.268476,0.00416103,0
6.7,5.9,0,0.269022,0.00609905,0
6.7,6,0,0.270207,0.00886541,0
6.7,6.1,0,0.272331,0.00980064,0
6.7,6.2,0,0.273335,0.0110729,0
6.7,6.3,0,0.274262,0.0123576,0
6.7,6.4,0,0.274765,0.0132669,0
6.7,6.5,0,0.276164,0.0144168,0
6.7,6.6,0,0.277562,0.0155668,0
6.7,6.7,0,0.278209,0.0164653,0
6.7,6.8,0,0.279474,0.0170541,0
6.7,6.9,0,0.280729,0.0177652,0
6.7,7,0,0.281783,0.0190161,0
6.7,7.1,0,0.282792,0.0188789,0
6.7,7.2,0,0.283879,0.0192259,0
6.7,7.3,0,0.284967,0.019573,0
6.7,7.4,0,0.285878,0.0199922,0
6.7,7.5,0,0.286829,0.0201144,0
6.7,7.6,0,0.287779,0.0202366,0
6.7,7.7,0,0.288653,0.0206573,0
6.7,7.8,0,0.289463,0.020558,0
6.7,7.9,0,0.290281,0.0205517,0
6.7,8,0,0.291075,0.0208069,0
6.7,8.1,0,0.291749,0.0206682,0
6.7,8.2,0,0.292433,0.0205831,0
6.7,8.3,0,0.293117,0.020498,0
6.7,8.4,0,0.293689,0.0205321,0
6.7,8.5,0,0.294244,0.0203981,0
6.7,8.6,0,0.294799,0.020264,0
6.7,8.7,0,0.295307,0.0202358,0
6.7,8.8,0,0.295742,0.0200606,0
6.7,8.9,0,0.296181,0.0198981,0
6.7,9,0,0.296616,0.0197773,0
6.7,9.1,0,0.29696,0.0196276,0
6.7,9.2,0,0.2973,0.0194519,0
6.7,9.3,0,0.29764,0.0192763,0
6.7,9.4,0,0.297932,0.0191451,0
6.7,9.5,0,0.298189,0.0189679,0
6.7,9.6,0,0.298446,0.0187907,0
6.7,9.7,0,0.298694,0.0186422,0
6.7,9.8,0,0.298879,0.0184774,0
6.7,9.9,0,0.299067,0.0183072,0
6.7,10,0,0.299258,0.0181442,0
6.7,10.1,0,0.299401,0.0180023,0
6.7,10.2,0,0.299532,0.0178448,0
6.7,10.3,0,0.299663,0.0176873,0
6.7,10.4,0,0.29978,0.0175572,0
6.7,10.5,0,0.299865,0.0174163,0
6.7,10.6,0,0.29995,0.0172753,0
6.7,10.7,0,0.300038,0.0171459,0
6.7,10.8,0,0.300086,0.01703,0
6.7,10.9,0,0.300134,0.0169079,0
6.7,11,0,0.300184,0.0167875,0
6.7,11.1,0,0.300216,0.0166915,0
6.7,11.2,0,0.300234,0.0165898,0
6.7,11.3,0,0.300252,0.016488,0
6.7,11.4,0,0.30027,0.0164044,0
6.7,11.5,0,0.300265,0.0163239,0
6.7,11.6,0,0.30026,0.0162434,0
6.7,11.7,0,0.30026,0.0161664,0
6.7,11.8,0,0.30024,0.0161123,0
6.7,11.9,0,0.300217,0.0160534,0
6.7,12,0,0.300194,0.0159946,0
6.7,12.1,0,0.30017,0.015956,0
6.7,12.2,0,0.300134,0.0159188,0
6.7,12.3,0,0.300097,0.0158817,0
6.7,12.4,0,0.300067,0.015855,0
6.7,12.5,0,0.300046,0.015842,0
6.7,12.6,0,0.300025,0.0158289,0
6.7,12.7,0,0.300014,0.015814,0
6.8,0,0,0.299378,-0.0235152,0
6.8,0.1,0,0.299363,-0.023536,0
6.8,0.2,0,0.299346,-0.0235446,0
6.8,0.3,0,0.29932,-0.0235677,0
6.8,0.4,0,0.299262,-0.0235975,0
6.8,0.5,0,0.299211,-0.0236209,0
6.8,0.6,0,0.299113,-0.0236903,0
6.8,0.7,0,0.299012,-0.0237449,0
6.8,0.8,0,0.298902,-0.0238231,0
6.8,0.9,0,0.298764,-0.0239003,0
6.8,1,0,0.29864,-0.0239743,0
6.8,1.1,0,0.298459,-0.0240911,0
6.8,1.2,0,0.298282,-0.0241876,0
6.8,1.3,0,0.298091,-0.0243155,0
6.8,1.4,0,0.297871,-0.0244281,0
6.8,1.5,0,0.297671,-0.0245381,0
6.8,1.6,0,0.297384,-0.0246969,0
6.8,1.7,0,0.297112,-0.0248212,0
6.8,1.8,0,0.296809,-0.0249926,0
6.8,1.9,0,0.296475,-0.0251233,0
6.8,2,0,0.29617,-0.0252366,0
6.8,2.1,0,0.295729,-0.0254454,0
6.8,2.2,0,0.295323,-0.0255759,0
6.8,2.3,0,0.294863,-0.0257863,0
6.8,2.4,0,0.294373,-0.0259085,0
6.8,2.5,0,0.293929,-0.0259466,0
6.8,2.6,0,0.293282,-0.0262482,0
6.8,2.7,0,0.2927,-0.0263518,0
6.8,2.8,0,0.292043,-0.0265886,0
6.8,2.9,0,0.291361,-0.0266611,0
6.8,3,0,0.29074,-0.0264656,0
6.8,3.1,0,0.289875,-0.0269422,0
6.8,3.2,0,0.289093,-0.0269665,0
6.8,3.3,0,0.288255,-0.0271658,0
6.8,3.4,0,0.287378,-0.0271163,0
6.8,3.5,0,0.286494,-0.0264466,0
6.8,3.6,0,0.285538,-0.0271121,0
6.8,3.7,0,0.284571,-0.0269425,0
6.8,3.8,0,0.283518,-0.0268371,0
6.8,3.9,0,0.282443,-0.0264671,0
6.8,4,0,0.281125,-0.0250936,0
6.8,4.1,0,0.279948,-0.0254516,0
6.8,4.2,0,0.278722,-0.0247795,0
6.8,4.3,0,0.276907,-0.023749,0
6.8,4.4,0,0.275517,-0.0227086,0
6.8,4.5,0,0.274318,-0.0208567,0
6.8,4.6,0,0.271903,-0.0199575,0
6.8,4.7,0,0.270486,-0.0185714,0
6.8,4.8,0,0.268529,-0.0167751,0
6.8,4.9,0,0.267556,-0.0153691,0
6.8,5,0,0.268172,-0.0138197,0
6.8,5.1,0,0.266996,-0.011191,0
6.8,5.2,0,0.266358,-0.00908464,0
6.8,5.3,0,0.265912,-0.00685656,0
6.8,5.4,0,0.265654,-0.00454431,0
6.8,5.5,0,0.265582,-0.00218899,0
6.8,5.6,0,0.265696,0.000165549,0
6.8,5.7,0,0.265996,0.00247515,0
6.8,5.8,0,0.266485,0.00469768,0
6.8,5.9,0,0.267168,0.00679199,0
6.8,6,0,0.268598,0.00973436,0
6.8,6.1,0,0.267933,0.0112331,0
6.8,6.2,0,0.268938,0.0125054,0
6.8,6.3,0,0.270052,0.0137678,0
6.8,6.4,0,0.272408,0.0154773,0
6.8,6.5,0,0.273807,0.0166272,0
6.8,6.6,0,0.275205,0.0177772,0
6.8,6.7,0,0.277289,0.018861,0
6.8,6.8,0,0.278545,0.0197487,0
6.8,6.9,0,0.2798,0.0204598,0
6.8,7,0,0.281194,0.0203741,0
6.8,7.1,0,0.282421,0.0214433,0
6.8,7.2,0,0.283509,0.0217903,0
6.8,7.3,0,0.284596,0.0221374,0
6.8,7.4,0,0.28569,0.0220947,0
6.8,7.5,0,0.28664,0.0222169,0
6.8,7.6,0,0.28759,0.0223391,0
6.8,7.7,0,0.288565,0.0220581,0
6.8,7.8,0,0.289377,0.0221614,0
6.8,7.9,0,0.290195,0.0221551,0
6.8,8,0,0.29107,0.0218734,0
6.8,8.1,0,0.291758,0.021858,0
6.8,8.2,0,0.292442,0.0217729,0
6.8,8.3,0,0.293125,0.0216878,0
6.8,8.4,0,0.293775,0.0214207,0
6.8,8.5,0,0.29433,0.0212866,0
6.8,8.6,0,0.294884,0.0211525,0
6.8,8.7,0,0.295446,0.0209014,0
6.8,8.8,0,0.295877,0.0207449,0
6.8,8.9,0,0.296317,0.0205824,0
6.8,9,0,0.29677,0.0203812,0
6.8,9.1,0,0.29712,0.0201755,0
6.8,9.2,0,0.29746,0.0199998,0
6.8,9.3,0,0.2978,0.0198242,0
6.8,9.4,0,0.2981,0.0195988,0
6.8,9.5,0,0.298357,0.0194216,0
6.8,9.6,0,0.298614,0.0192445,0
6.8,9.7,0,0.298862,0.0190387,0
6.8,9.8,0,0.299043,0.0188626,0
6.8,9.9,0,0.299231,0.0186923,0
6.8,10,0,0.299421,0.0185132,0
6.8,10.1,0,0.299554,0.018335,0
6.8,10.2,0,0.299685,0.0181776,0
6.8,10.3,0,0.299816,0.0180201,0
6.8,10.4,0,0.299917,0.017849,0
6.8,10.5,0,0.300002,0.017708,0
6.8,10.6,0,0.300087,0.017567,0
6.8,10.7,0,0.300165,0.0174139,0
6.8,10.8,0,0.300206,0.0172893,0
6.8,10.9,0,0.300253,0.0171672,0
6.8,11,0,0.3003,0.0170415,0
6.8,11.1,0,0.300316,0.0169254,0
6.8,11.2,0,0.300334,0.0168237,0
6.8,11.3,0,0.300352,0.0167219,0
6.8,11.4,0,0.300349,0.0166189,0
6.8,11.5,0,0.300344,0.0165384,0
6.8,11.6,0,0.300339,0.0164579,0
6.8,11.7,0,0.300327,0.0163705,0
6.8,11.8,0,0.300298,0.0163124,0
6.8,11.9,0,0.300274,0.0162535,0
6.8,12,0,0.30025,0.0161933,0
6.8,12.1,0,0.300206,0.016146,0
6.8,12.2,0,0.30017,0.0161088,0
6.8,12.3,0,0.300133,0.0160717,0
6.8,12.4,0,0.300085,0.0160388,0
6.8,12.5,0,0.300063,0.0160258,0
6.8,12.6,0,0.300043,0.0160126,0
6.8,12.7,0,0.300031,0.0159958,0
6.9,0,0,0.299393,-0.0238479,0
6.9,0.1,0,0.29938,-0.0238931,0
6.9,0.2,0,0.299369,-0.0238903,0
6.9,0.3,0,0.299354,-0.0239163,0
6.9,0.4,0,0.299305,-0.0239622,0
6.9,0.5,0,0.299266,-0.0239727,0
6.9,0.6,0,0.299176,-0.0240716,0
6.9,0.7,0,0.299088,-0.0241207,0
6.9,0.8,0,0.298986,-0.0242089,0
6.9,0.9,0,0.298847,-0.0243065,0
6.9,1,0,0.298751,-0.0243743,0
6.9,1.1,0,0.298561,-0.0245314,0
6.9,1.2,0,0.298404,-0.0246255,0
6.9,1.3,0,0.298219,-0.0247721,0
6.9,1.4,0,0.297988,-0.0249151,0
6.9,1.5,0,0.297828,-0.02502,0
6.9,1.6,0,0.29751,-0.0252476,0
6.9,1.7,0,0.297266,-0.025364,0
6.9,1.8,0,0.296963,-0.0255705,0
6.9,1.9,0,0.296602,-0.0257618,0
6.9,2,0,0.296354,-0.02584,0
6.9,2.1,0,0.295846,-0.0262055,0
6.9,2.2,0,0.295482,-0.0262871,0
6.9,2.3,0,0.295012,-0.0265647,0
6.9,2.4,0,0.294465,-0.0268366,0
6.9,2.5,0,0.294111,-0.0267065,0
6.9,2.6,0,0.293335,-0.0274039,0
6.9,2.7,0,0.292819,-0.0273195,0
6.9,2.8,0,0.292143,-0.0276753,0
6.9,2.9,0,0.291366,-0.0281142,0
6.9,3,0,0.290865,-0.0273829,0
6.9,3.1,0,0.289837,-0.0287638,0
6.9,3.2,0,0.289111,-0.0282801,0
6.9,3.3,0,0.288266,-0.0286489,0
6.9,3.4,0,0.287323,-0.0293618,0
6.9,3.5,0,0.286423,-0.0274519,0
6.9,3.6,0,0.28549,-0.0297875,0
6.9,3.7,0,0.28438,-0.0286169,0
6.9,3.8,0,0.283302,-0.0286431,0
6.9,3.9,0,0.282332,-0.0294714,0
6.9,4,0,0.280529,-0.026091,0
6.9,4.1,0,0.279451,-0.028509,0
6.9,4.2,0,0.277969,-0.026612,0
6.9,4.3,0,0.27575,-0.025442,0
6.9,4.4,0,0.274007,-0.0254174,0
6.9,4.5,0,0.273192,-0.0219425,0
6.9,4.6,0,0.268783,-0.0220169,0
6.9,4.7,0,0.268507,-0.0200599,0
6.9,4.8,0,0.265941,-0.0179434,0
6.9,4.9,0,0.262913,-0.0166281,0
6.9,5,0,0.266706,-0.0147921,0
6.9,5.1,0,0.265196,-0.0119711,0
6.9,5.2,0,0.264315,-0.00968692,0
6.9,5.3,0,0.263669,-0.00726761,0
6.9,5.4,0,0.263281,-0.00475729,0
6.9,5.5,0,0.263164,-0.00220045,0
6.9,5.6,0,0.26332,0.000354758,0
6.9,5.7,0,0.263747,0.00286007,0
6.9,5.8,0,0.264437,0.00527058,0
6.9,5.9,0,0.265371,0.00753559,0
6.9,6,0,0.267209,0.0106415,0
6.9,6.1,0,0.263728,0.0125223,0
6.9,6.2,0,0.26421,0.0138656,0
6.9,6.3,0,0.26898,0.0147964,0
6.9,6.4,0,0.27087,0.0170078,0
6.9,6.5,0,0.271487,0.019001,0
6.9,6.6,0,0.273689,0.0194032,0
6.9,6.7,0,0.276405,0.0198987,0
6.9,6.8,0,0.277687,0.0226067,0
6.9,6.9,0,0.27897,0.0231529,0
6.9,7,0,0.280657,0.0213912,0
6.9,7.1,0,0.282056,0.0237448,0
6.9,7.2,0,0.283192,0.0244624,0
6.9,7.3,0,0.284383,0.0232122,0
6.9,7.4,0,0.285501,0.0234592,0
6.9,7.5,0,0.286499,0.0243791,0
6.9,7.6,0,0.287519,0.0239147,0
6.9,7.7,0,0.288567,0.0230293,0
6.9,7.8,0,0.289341,0.0238008,0
6.9,7.9,0,0.290163,0.0237776,0
6.9,8,0,0.291188,0.02276,0
6.9,8.1,0,0.291834,0.0229756,0
6.9,8.2,0,0.2925,0.0229853,0
6.9,8.3,0,0.293293,0.0225115,0
6.9,8.4,0,0.293944,0.0222287,0
6.9,8.5,0,0.294461,0.0221889,0
6.9,8.6,0,0.29505,0.0219542,0
6.9,8.7,0,0.295658,0.0215673,0
6.9,8.8,0,0.296053,0.0214365,0
6.9,8.9,0,0.296492,0.021274,0
6.9,9,0,0.296993,0.0209434,0
6.9,9.1,0,0.297325,0.0207301,0
6.9,9.2,0,0.297655,0.0205501,0
6.9,9.3,0,0.298017,0.020311,0
6.9,9.4,0,0.298317,0.0200688,0
6.9,9.5,0,0.298553,0.0198741,0
6.9,9.6,0,0.298815,0.0196785,0
6.9,9.7,0,0.299073,0.0194397,0
6.9,9.8,0,0.299231,0.0192438,0
6.9,9.9,0,0.299419,0.0190736,0
6.9,10,0,0.299614,0.0188557,0
6.9,10.1,0,0.299735,0.0186688,0
6.9,10.2,0,0.299857,0.0185047,0
6.9,10.3,0,0.299989,0.0183234,0
6.9,10.4,0,0.300088,0.0181437,0
6.9,10.5,0,0.300155,0.017993,0
6.9,10.6,0,0.300239,0.0178444,0
6.9,10.7,0,0.300315,0.0176727,0
6.9,10.8,0,0.300338,0.0175414,0
6.9,10.9,0,0.300385,0.0174192,0
6.9,11,0,0.300427,0.0172711,0
6.9,11.1,0,0.300434,0.0171533,0
6.9,11.2,0,0.300443,0.0170498,0
6.9,11.3,0,0.300456,0.0169349,0
6.9,11.4,0,0.300451,0.016826,0
6.9,11.5,0,0.300431,0.0167448,0
6.9,11.6,0,0.300423,0.0166607,0
6.9,11.7,0,0.300405,0.0165607,0
6.9,11.8,0,0.300362,0.0165042,0
6.9,11.9,0,0.300338,0.0164455,0
6.9,12,0,0.300303,0.0163713,0
6.9,12.1,0,0.300253,0.0163257,0
6.9,12.2,0,0.300209,0.0162908,0
6.9,12.3,0,0.300168,0.016246,0
6.9,12.4,0,0.300115,0.0162086,0
6.9,12.5,0,0.300065,0.0161998,0
6.9,12.6,0,0.300047,0.0161855,0
6.9,12.7,0,0.300052,0.0161623,0
7,0,0,0.299408,-0.0241805,0
7,0.1,0,0.299396,-0.0242331,0
7,0.2,0,0.299397,-0.0242283,0
7,0.3,0,0.299382,-0.0242544,0
7,0.4,0,0.299356,-0.0243178,0
7,0.5,0,0.299322,-0.0243246,0
7,0.6,0,0.299234,-0.0244323,0
7,0.7,0,0.299172,-0.0244929,0
7,0.8,0,0.29907,-0.0245811,0
7,0.9,0,0.29895,-0.0247083,0
7,1,0,0.298862,-0.0247743,0
7,1.1,0,0.298669,-0.0249435,0
7,1.2,0,0.29854,-0.0250617,0
7,1.3,0,0.298355,-0.0252083,0
7,1.4,0,0.298133,-0.0253985,0
7,1.5,0,0.297984,-0.0255018,0
7,1.6,0,0.297657,-0.0257501,0
7,1.7,0,0.297439,-0.0259015,0
7,1.8,0,0.297137,-0.026108,0
7,1.9,0,0.296769,-0.0263757,0
7,2,0,0.296539,-0.0264434,0
7,2.1,0,0.296009,-0.0268559,0
7,2.2,0,0.295671,-0.0269656,0
7,2.3,0,0.295201,-0.0272432,0
7,2.4,0,0.29462,-0.0276471,0
7,2.5,0,0.294294,-0.0274665,0
7,2.6,0,0.293478,-0.0282827,0
7,2.7,0,0.292983,-0.0281618,0
7,2.8,0,0.292307,-0.0285175,0
7,2.9,0,0.291455,-0.0291923,0
7,3,0,0.290991,-0.0283002,0
7,3.1,0,0.289913,-0.0299525,0
7,3.2,0,0.289167,-0.0292549,0
7,3.3,0,0.288322,-0.0296237,0
7,3.4,0,0.287256,-0.0307391,0
7,3.5,0,0.286351,-0.0284572,0
7,3.6,0,0.285426,-0.0312938,0
7,3.7,0,0.284093,-0.029624,0
7,3.8,0,0.283015,-0.0296502,0
7,3.9,0,0.281881,-0.0310708,0
7,4,0,0.279933,-0.0270884,0
7,4.1,0,0.278884,-0.0301244,0
7,4.2,0,0.277047,-0.0276278,0
7,4.3,0,0.274828,-0.0264578,0
7,4.4,0,0.272766,-0.0269901,0
7,4.5,0,0.272066,-0.0230282,0
7,4.6,0,0.267059,-0.0233947,0
7,4.7,0,0.267289,-0.0211677,0
7,4.8,0,0.264723,-0.0190513,0
7,4.9,0,0.260493,-0.0176864,0
7,5,0,0.26524,-0.0157644,0
7,5.1,0,0.263397,-0.0127512,0
7,5.2,0,0.262271,-0.0102892,0
7,5.3,0,0.261426,-0.00767865,0
7,5.4,0,0.260909,-0.00497027,0
7,5.5,0,0.260745,-0.00221191,0
7,5.6,0,0.260943,0.000543967,0
7,5.7,0,0.261498,0.00324499,0
7,5.8,0,0.262389,0.00584348,0
7,5.9,0,0.263575,0.0082792,0
7,6,0,0.265819,0.0115486,0
7,6.1,0,0.262339,0.0134294,0
7,6.2,0,0.261992,0.0149981,0
7,6.3,0,0.267908,0.015825,0
7,6.4,0,0.269798,0.0180364,0
7,6.5,0,0.269832,0.0207042,0
7,6.6,0,0.272805,0.0204409,0
7,6.7,0,0.275521,0.0209364,0
7,6.8,0,0.276809,0.0240926,0
7,6.9,0,0.278434,0.02417,0
7,7,0,0.280121,0.0224083,0
7,7.1,0,0.281519,0.0247619,0
7,7.2,0,0.282942,0.0261067,0
7,7.3,0,0.284174,0.024225,0
7,7.4,0,0.285292,0.024472,0
7,7.5,0,0.286356,0.0259604,0
7,7.6,0,0.287521,0.0248859,0
7,7.7,0,0.288569,0.0240004,0
7,7.8,0,0.289336,0.0248917,0
7,7.9,0,0.290281,0.0246642,0
7,8,0,0.291307,0.0236465,0
7,8.1,0,0.291952,0.0238621,0
7,8.2,0,0.292626,0.0239581,0
7,8.3,0,0.293474,0.0232899,0
7,8.4,0,0.294124,0.0230071,0
7,8.5,0,0.29462,0.02302,0
7,8.6,0,0.295262,0.0226201,0
7,8.7,0,0.29587,0.0222332,0
7,8.8,0,0.296261,0.0221053,0
7,8.9,0,0.296713,0.021842,0
7,9,0,0.297216,0.0215056,0
7,9.1,0,0.297548,0.0212923,0
7,9.2,0,0.297863,0.0210634,0
7,9.3,0,0.298238,0.0207846,0
7,9.4,0,0.298538,0.0205425,0
7,9.5,0,0.298761,0.020336,0
7,9.6,0,0.299025,0.0200795,0
7,9.7,0,0.299283,0.0198408,0
7,9.8,0,0.29944,0.019644,0
7,9.9,0,0.299611,0.0194205,0
7,10,0,0.299807,0.0191983,0
7,10.1,0,0.299928,0.0190113,0
7,10.2,0,0.300031,0.0188201,0
7,10.3,0,0.300162,0.0186193,0
7,10.4,0,0.300261,0.0184396,0
7,10.5,0,0.300319,0.0182841,0
7,10.6,0,0.30039,0.0181032,0
7,10.7,0,0.300466,0.0179315,0
7,10.8,0,0.300488,0.0178002,0
7,10.9,0,0.300513,0.0176528,0
7,11,0,0.300554,0.0175008,0
7,11.1,0,0.30056,0.0173829,0
7,11.2,0,0.300553,0.0172698,0
7,11.3,0,0.300559,0.017142,0
7,11.4,0,0.300553,0.0170331,0
7,11.5,0,0.300527,0.0169517,0
7,11.6,0,0.300501,0.0168509,0
7,11.7,0,0.300483,0.0167509,0
7,11.8,0,0.30044,0.0166944,0
7,11.9,0,0.300393,0.016627,0
7,12,0,0.300356,0.0165494,0
7,12.1,0,0.300307,0.0165038,0
7,12.2,0,0.300249,0.0164685,0
7,12.3,0,0.300198,0.0164158,0
7,12.4,0,0.300146,0.0163784,0
7,12.5,0,0.300087,0.0163709,0
7,12.6,0,0.300068,0.016352,0
7,12.7,0,0.300072,0.0163288,0
7.1,0,0,0.299423,-0.0245132,0
7.1,0.1,0,0.299419,-0.0245505,0
7.1,0.2,0,0.299425,-0.0245663,0
7.1,0.3,0,0.29941,-0.0245924,0
7.1,0.4,0,0.2994,-0.0246483,0
7.1,0.5,0,0.299377,-0.0246764,0
7.1,0.6,0,0.299306,-0.0247768,0
7.1,0.7,0,0.299256,-0.024865,0
7.1,0.8,0,0.299154,-0.0249532,0
7.1,0.9,0,0.299062,-0.025081,0
7.1,1,0,0.298973,-0.0251742,0
7.1,1.1,0,0.298807,-0.0253402,0
7.1,1.2,0,0.298675,-0.025498,0
7.1,1.3,0,0.29849,-0.0256445,0
7.1,1.4,0,0.298304,-0.0258397,0
7.1,1.5,0,0.298141,-0.0259837,0
7.1,1.6,0,0.297851,-0.0262214,0
7.1,1.7,0,0.297612,-0.026439,0
7.1,1.8,0,0.29731,-0.0266455,0
7.1,1.9,0,0.29699,-0.0268984,0
7.1,2,0,0.296723,-0.0270468,0
7.1,2.1,0,0.296251,-0.0273941,0
7.1,2.2,0,0.295859,-0.0276442,0
7.1,2.3,0,0.295389,-0.0279218,0
7.1,2.4,0,0.29488,-0.0282073,0
7.1,2.5,0,0.294476,-0.0282265,0
7.1,2.6,0,0.293749,-0.0287918,0
7.1,2.7,0,0.293146,-0.0290041,0
7.1,2.8,0,0.292471,-0.0293598,0
7.1,2.9,0,0.291708,-0.0296209,0
7.1,3,0,0.291117,-0.0292175,0
7.1,3.1,0,0.290114,-0.0301922,0
7.1,3.2,0,0.289222,-0.0302296,0
7.1,3.3,0,0.288378,-0.0305985,0
7.1,3.4,0,0.287274,-0.0307278,0
7.1,3.5,0,0.28628,-0.0294625,0
7.1,3.6,0,0.285164,-0.0309644,0
7.1,3.7,0,0.283806,-0.0306312,0
7.1,3.8,0,0.282728,-0.0306574,0
7.1,3.9,0,0.281144,-0.0304705,0
7.1,4,0,0.279336,-0.0280858,0
7.1,4.1,0,0.277948,-0.0294885,0
7.1,4.2,0,0.276125,-0.0286436,0
7.1,4.3,0,0.273905,-0.0274737,0
7.1,4.4,0,0.27211,-0.0267214,0
7.1,4.5,0,0.270941,-0.0241139,0
7.1,4.6,0,0.267455,-0.0237192,0
7.1,4.7,0,0.266072,-0.0222756,0
7.1,4.8,0,0.263505,-0.0201591,0
7.1,4.9,0,0.261767,-0.0185378,0
7.1,5,0,0.263773,-0.0167367,0
7.1,5.1,0,0.261597,-0.0135313,0
7.1,5.2,0,0.260228,-0.0108915,0
7.1,5.3,0,0.259183,-0.0080897,0
7.1,5.4,0,0.258536,-0.00518325,0
7.1,5.5,0,0.258326,-0.00222337,0
7.1,5.6,0,0.258566,0.000733176,0
7.1,5.7,0,0.259249,0.00362991,0
7.1,5.8,0,0.260341,0.00641638,0
7.1,5.9,0,0.261778,0.00902281,0
7.1,6,0,0.26443,0.0124557,0
7.1,6.1,0,0.262205,0.0142227,0
7.1,6.2,0,0.263636,0.0156582,0
7.1,6.3,0,0.266836,0.0168536,0
7.1,6.4,0,0.268726,0.019065,0
7.1,6.5,0,0.270195,0.0203967,0
7.1,6.6,0,0.271921,0.0214786,0
7.1,6.7,0,0.274637,0.0219742,0
7.1,6.8,0,0.276165,0.0237566,0
7.1,6.9,0,0.277887,0.0244399,0
7.1,7,0,0.279585,0.0234253,0
7.1,7.1,0,0.281013,0.0253208,0
7.1,7.2,0,0.28254,0.0256622,0
7.1,7.3,0,0.283965,0.0252378,0
7.1,7.4,0,0.285083,0.0254848,0
7.1,7.5,0,0.286289,0.0257822,0
7.1,7.6,0,0.287522,0.0258485,0
7.1,7.7,0,0.288571,0.0249716,0
7.1,7.8,0,0.289443,0.0253516,0
7.1,7.9,0,0.290418,0.0252316,0
7.1,8,0,0.291425,0.0245331,0
7.1,8.1,0,0.292096,0.024658,0
7.1,8.2,0,0.292864,0.0244276,0
7.1,8.3,0,0.293655,0.0240683,0
7.1,8.4,0,0.294305,0.0237855,0
7.1,8.5,0,0.294881,0.023562,0
7.1,8.6,0,0.295477,0.0232767,0
7.1,8.7,0,0.296082,0.022899,0
7.1,8.8,0,0.296502,0.0226919,0
7.1,8.9,0,0.296956,0.0223902,0
7.1,9,0,0.29744,0.0220678,0
7.1,9.1,0,0.297775,0.0218436,0
7.1,9.2,0,0.298112,0.021549,0
7.1,9.3,0,0.298459,0.0212583,0
7.1,9.4,0,0.298759,0.0210161,0
7.1,9.5,0,0.298996,0.0207583,0
7.1,9.6,0,0.299238,0.0204836,0
7.1,9.7,0,0.299493,0.0202418,0
7.1,9.8,0,0.299653,0.0200239,0
7.1,9.9,0,0.299819,0.0197752,0
7.1,10,0,0.300001,0.0195409,0
7.1,10.1,0,0.300122,0.0193516,0
7.1,10.2,0,0.300226,0.0191314,0
7.1,10.3,0,0.300335,0.0189152,0
7.1,10.4,0,0.300434,0.0187355,0
7.1,10.5,0,0.30049,0.0185551,0
7.1,10.6,0,0.300544,0.0183643,0
7.1,10.7,0,0.300616,0.0181903,0
7.1,10.8,0,0.300636,0.0180484,0
7.1,10.9,0,0.300652,0.0178871,0
7.1,11,0,0.300681,0.0177305,0
7.1,11.1,0,0.300687,0.0176124,0
7.1,11.2,0,0.300672,0.0174804,0
7.1,11.3,0,0.300661,0.0173491,0
7.1,11.4,0,0.300656,0.0172402,0
7.1,11.5,0,0.300622,0.0171445,0
7.1,11.6,0,0.300584,0.0170413,0
7.1,11.7,0,0.300561,0.0169411,0
7.1,11.8,0,0.300514,0.0168789,0
7.1,11.9,0,0.300458,0.0168037,0
7.1,12,0,0.30041,0.0167274,0
7.1,12.1,0,0.30036,0.0166818,0
7.1,12.2,0,0.300294,0.0166343,0
7.1,12.3,0,0.300229,0.0165856,0
7.1,12.4,0,0.300177,0.0165482,0
7.1,12.5,0,0.300133,0.0165346,0
7.1,12.6,0,0.300098,0.0165171,0
7.1,12.7,0,0.300093,0.0164953,0
7.2,0,0,0.299438,-0.0248459,0
7.2,0.1,0,0.299445,-0.0248641,0
7.2,0.2,0,0.299451,-0.0248824,0
7.2,0.3,0,0.29945,-0.0249188,0
7.2,0.4,0,0.299441,-0.0249735,0
7.2,0.5,0,0.299433,-0.0250282,0
7.2,0.6,0,0.299383,-0.0251194,0
7.2,0.7,0,0.299333,-0.0252106,0
7.2,0.8,0,0.299264,-0.0253198,0
7.2,0.9,0,0.299174,-0.025447,0
7.2,1,0,0.299084,-0.0255742,0
7.2,1.1,0,0.298951,-0.025736,0
7.2,1.2,0,0.298819,-0.0258979,0
7.2,1.3,0,0.298662,-0.0260761,0
7.2,1.4,0,0.298479,-0.0262708,0
7.2,1.5,0,0.298297,-0.0264655,0
7.2,1.6,0,0.298055,-0.02669,0
7.2,1.7,0,0.297813,-0.0269146,0
7.2,1.8,0,0.297535,-0.0271515,0
7.2,1.9,0,0.297221,-0.0274009,0
7.2,2,0,0.296907,-0.0276502,0
7.2,2.1,0,0.296508,-0.027916,0
7.2,2.2,0,0.296108,-0.0281817,0
7.2,2.3,0,0.295658,-0.028449,0
7.2,2.4,0,0.295158,-0.0287177,0
7.2,2.5,0,0.294658,-0.0289865,0
7.2,2.6,0,0.294042,-0.0292383,0
7.2,2.7,0,0.293426,-0.0294902,0
7.2,2.8,0,0.292743,-0.0297198,0
7.2,2.9,0,0.291993,-0.0299273,0
7.2,3,0,0.291243,-0.0301348,0
7.2,3.1,0,0.290334,-0.0302626,0
7.2,3.2,0,0.289426,-0.0303905,0
7.2,3.3,0,0.288419,-0.0304571,0
7.2,3.4,0,0.287314,-0.0304624,0
7.2,3.5,0,0.286209,-0.0304677,0
7.2,3.6,0,0.284854,-0.0303015,0
7.2,3.7,0,0.283498,-0.0301352,0
7.2,3.8,0,0.282004,-0.0298583,0
7.2,3.9,0,0.280372,-0.0294708,0
7.2,4,0,0.27874,-0.0290832,0
7.2,4.1,0,0.276927,-0.0284443,0
7.2,4.2,0,0.275114,-0.0278054,0
7.2,4.3,0,0.273329,-0.0270287,0
7.2,4.4,0,0.271572,-0.0261142,0
7.2,4.5,0,0.269815,-0.0251996,0
7.2,4.6,0,0.268232,-0.0238534,0
7.2,4.7,0,0.266649,-0.0225071,0
7.2,4.8,0,0.265147,-0.021009,0
7.2,4.9,0,0.263727,-0.019359,0
7.2,5,0,0.262307,-0.0177091,0
7.2,5.1,0,0.259797,-0.0143114,0
7.2,5.2,0,0.258185,-0.0114938,0
7.2,5.3,0,0.256941,-0.00850074,0
7.2,5.4,0,0.256164,-0.00539623,0
7.2,5.5,0,0.255908,-0.00223482,0
7.2,5.6,0,0.25619,0.000922385,0
7.2,5.7,0,0.256999,0.00401484,0
7.2,5.8,0,0.258293,0.00698928,0
7.2,5.9,0,0.259981,0.00976641,0
7.2,6,0,0.263041,0.0133628,0
7.2,6.1,0,0.264472,0.0147983,0
7.2,6.2,0,0.265902,0.0162337,0
7.2,6.3,0,0.267333,0.0176691,0
7.2,6.4,0,0.268907,0.018927,0
7.2,6.5,0,0.270559,0.0200892,0
7.2,6.6,0,0.27221,0.0212514,0
7.2,6.7,0,0.273882,0.02227,0
7.2,6.8,0,0.275604,0.0229534,0
7.2,6.9,0,0.277325,0.0236368,0
7.2,7,0,0.279047,0.0243202,0
7.2,7.1,0,0.280583,0.0246786,0
7.2,7.2,0,0.282111,0.02502,0
7.2,7.3,0,0.283638,0.0253614,0
7.2,7.4,0,0.284989,0.0255377,0
7.2,7.5,0,0.286222,0.025604,0
7.2,7.6,0,0.287456,0.0256703,0
7.2,7.7,0,0.288624,0.02569,0
7.2,7.8,0,0.289599,0.0255699,0
7.2,7.9,0,0.290574,0.0254499,0
7.2,8,0,0.291549,0.0253299,0
7.2,8.1,0,0.292337,0.0251105,0
7.2,8.2,0,0.293104,0.0248801,0
7.2,8.3,0,0.293872,0.0246497,0
7.2,8.4,0,0.294545,0.0243892,0
7.2,8.5,0,0.295142,0.0241039,0
7.2,8.6,0,0.295738,0.0238187,0
7.2,8.7,0,0.296307,0.0235301,0
7.2,8.8,0,0.296761,0.0232284,0
7.2,8.9,0,0.297216,0.0229266,0
7.2,9,0,0.29767,0.0226248,0
7.2,9.1,0,0.298025,0.0223291,0
7.2,9.2,0,0.298362,0.0220345,0
7.2,9.3,0,0.2987,0.0217399,0
7.2,9.4,0,0.298989,0.0214553,0
7.2,9.5,0,0.299231,0.0211806,0
7.2,9.6,0,0.299473,0.0209059,0
7.2,9.7,0,0.299704,0.020635,0
7.2,9.8,0,0.299869,0.0203863,0
7.2,9.9,0,0.300035,0.0201375,0
7.2,10,0,0.3002,0.0198888,0
7.2,10.1,0,0.300316,0.0196629,0
7.2,10.2,0,0.30042,0.0194426,0
7.2,10.3,0,0.300523,0.0192224,0
7.2,10.4,0,0.300605,0.0190155,0
7.2,10.5,0,0.30066,0.0188247,0
7.2,10.6,0,0.300715,0.018634,0
7.2,10.7,0,0.300766,0.0184462,0
7.2,10.8,0,0.300782,0.0182849,0
7.2,10.9,0,0.300798,0.0181237,0
7.2,11,0,0.300814,0.0179624,0
7.2,11.1,0,0.300807,0.0178231,0
7.2,11.2,0,0.300792,0.0176911,0
7.2,11.3,0,0.300778,0.0175591,0
7.2,11.4,0,0.300754,0.0174386,0
7.2,11.5,0,0.300716,0.0173354,0
7.2,11.6,0,0.300677,0.0172322,0
7.2,11.7,0,0.300638,0.0171303,0
7.2,11.8,0,0.300582,0.0170551,0
7.2,11.9,0,0.300526,0.0169799,0
7.2,12,0,0.300469,0.0169047,0
7.2,12.1,0,0.300406,0.0168484,0
7.2,12.2,0,0.300339,0.0168002,0
7.2,12.3,0,0.300272,0.0167519,0
7.2,12.4,0,0.300217,0.0167144,0
7.2,12.5,0,0.300182,0.0166969,0
7.2,12.6,0,0.300148,0.0166794,0
7.2,12.7,0,0.300113,0.0166618,0
7.3,0,0,0.29947,-0.0251107,0
7.3,0.1,0,0.299463,-0.0251575,0
7.3,0.2,0,0.299472,-0.0251735,0
7.3,0.3,0,0.299512,-0.0252204,0
7.3,0.4,0,0.299506,-0.0252785,0
7.3,0.5,0,0.29952,-0.0253148,0
7.3,0.6,0,0.299482,-0.0254416,0
7.3,0.7,0,0.299436,-0.0255315,0
7.3,0.8,0,0.299397,-0.0256623,0
7.3,0.9,0,0.299308,-0.0257933,0
7.3,1,0,0.299255,-0.0259125,0
7.3,1.1,0,0.299121,-0.026113,0
7.3,1.2,0,0.298993,-0.0262748,0
7.3,1.3,0,0.298868,-0.0264859,0
7.3,1.4,0,0.298685,-0.0266843,0
7.3,1.5,0,0.298549,-0.0268907,0
7.3,1.6,0,0.298295,-0.0271432,0
7.3,1.7,0,0.298058,-0.0273709,0
7.3,1.8,0,0.297811,-0.0276415,0
7.3,1.9,0,0.297496,-0.0278913,0
7.3,2,0,0.297229,-0.0282094,0
7.3,2.1,0,0.296816,-0.0284316,0
7.3,2.2,0,0.29642,-0.0287109,0
7.3,2.3,0,0.295998,-0.028976,0
7.3,2.4,0,0.295497,-0.0292309,0
7.3,2.5,0,0.295015,-0.0297534,0
7.3,2.6,0,0.294404,-0.0297007,0
7.3,2.7,0,0.293787,-0.029998,0
7.3,2.8,0,0.293106,-0.0301173,0
7.3,2.9,0,0.292358,-0.0302671,0
7.3,3,0,0.291543,-0.0312464,0
7.3,3.1,0,0.29065,-0.0303882,0
7.3,3.2,0,0.289732,-0.0306404,0
7.3,3.3,0,0.288588,-0.0304281,0
7.3,3.4,0,0.287478,-0.030278,0
7.3,3.5,0,0.286319,-0.0321826,0
7.3,3.6,0,0.284699,-0.0297481,0
7.3,3.7,0,0.28336,-0.0298543,0
7.3,3.8,0,0.281448,-0.0292983,0
7.3,3.9,0,0.279753,-0.0286072,0
7.3,4,0,0.278685,-0.0318145,0
7.3,4.1,0,0.275955,-0.0275432,0
7.3,4.2,0,0.274216,-0.0273222,0
7.3,4.3,0,0.27272,-0.0269569,0
7.3,4.4,0,0.270921,-0.0256702,0
7.3,4.5,0,0.268917,-0.0287627,0
7.3,4.6,0,0.268927,-0.0243039,0
7.3,4.7,0,0.267042,-0.0232547,0
7.3,4.8,0,0.266589,-0.022109,0
7.3,4.9,0,0.265586,-0.0202013,0
7.3,5,0,0.258753,-0.020656,0
7.3,5.1,0,0.255828,-0.0167601,0
7.3,5.2,0,0.25409,-0.0134509,0
7.3,5.3,0,0.252783,-0.00986144,0
7.3,5.4,0,0.251975,-0.00609832,0
7.3,5.5,0,0.251715,-0.00224892,0
7.3,5.6,0,0.252022,0.00160073,0
7.3,5.7,0,0.252885,0.00536595,0
7.3,5.8,0,0.254264,0.00896097,0
7.3,5.9,0,0.256107,0.0122561,0
7.3,6,0,0.259732,0.0164444,0
7.3,6.1,0,0.266581,0.0153384,0
7.3,6.2,0,0.268012,0.0167739,0
7.3,6.3,0,0.267336,0.0197179,0
7.3,6.4,0,0.268839,0.0194743,0
7.3,6.5,0,0.270751,0.0202239,0
7.3,6.6,0,0.272356,0.0215611,0
7.3,6.7,0,0.273331,0.0238856,0
7.3,6.8,0,0.275109,0.022421,0
7.3,6.9,0,0.27683,0.0231044,0
7.3,7,0,0.278864,0.0266083,0
7.3,7.1,0,0.280377,0.0242749,0
7.3,7.2,0,0.281904,0.0246163,0
7.3,7.3,0,0.283546,0.0260182,0
7.3,7.4,0,0.285116,0.0258985,0
7.3,7.5,0,0.28637,0.025597,0
7.3,7.6,0,0.287603,0.0256633,0
7.3,7.7,0,0.288867,0.0267398,0
7.3,7.8,0,0.289926,0.0258945,0
7.3,7.9,0,0.290901,0.0257744,0
7.3,8,0,0.291863,0.0263106,0
7.3,8.1,0,0.292716,0.0256211,0
7.3,8.2,0,0.293484,0.0253907,0
7.3,8.3,0,0.294246,0.0252933,0
7.3,8.4,0,0.294919,0.0250281,0
7.3,8.5,0,0.295519,0.0246694,0
7.3,8.6,0,0.296115,0.0243842,0
7.3,8.7,0,0.296678,0.0241683,0
7.3,8.8,0,0.297117,0.0237658,0
7.3,8.9,0,0.297571,0.023464,0
7.3,9,0,0.298031,0.0231692,0
7.3,9.1,0,0.298353,0.022803,0
7.3,9.2,0,0.298691,0.0225084,0
7.3,9.3,0,0.29903,0.0222047,0
7.3,9.4,0,0.299299,0.0218733,0
7.3,9.5,0,0.29953,0.0215849,0
7.3,9.6,0,0.299772,0.0213102,0
7.3,9.7,0,0.299998,0.0209976,0
7.3,9.8,0,0.300136,0.0207279,0
7.3,9.9,0,0.300302,0.0204792,0
7.3,10,0,0.300466,0.0202046,0
7.3,10.1,0,0.300551,0.0199523,0
7.3,10.2,0,0.300654,0.0197321,0
7.3,10.3,0,0.300757,0.0195037,0
7.3,10.4,0,0.300819,0.0192672,0
7.3,10.5,0,0.300862,0.0190723,0
7.3,10.6,0,0.300917,0.0188816,0
7.3,10.7,0,0.300958,0.0186658,0
7.3,10.8,0,0.300952,0.0184995,0
7.3,10.9,0,0.300968,0.0183383,0
7.3,11,0,0.300978,0.0181616,0
7.3,11.1,0,0.300946,0.0180122,0
7.3,11.2,0,0.300932,0.0178802,0
7.3,11.3,0,0.300915,0.0177443,0
7.3,11.4,0,0.300872,0.017608,0
7.3,11.5,0,0.300825,0.0175051,0
7.3,11.6,0,0.300787,0.0174019,0
7.3,11.7,0,0.300735,0.0172831,0
7.3,11.8,0,0.300662,0.0172109,0
7.3,11.9,0,0.300605,0.0171357,0
7.3,12,0,0.300541,0.0170514,0
7.3,12.1,0,0.300455,0.0169943,0
7.3,12.2,0,0.300387,0.0169464,0
7.3,12.3,0,0.300319,0.0168964,0
7.3,12.4,0,0.300237,0.0168485,0
7.3,12.5,0,0.30018,0.0168331,0
7.3,12.6,0,0.300145,0.0168156,0
7.3,12.7,0,0.30014,0.0167907,0
7.4,0,0,0.299501,-0.0253755,0
7.4,0.1,0,0.299484,-0.0254451,0
7.4,0.2,0,0.299521,-0.0254446,0
7.4,0.3,0,0.299561,-0.0254915,0
7.4,0.4,0,0.299574,-0.0255798,0
7.4,0.5,0,0.299607,-0.0256015,0
7.4,0.6,0,0.299579,-0.0257567,0
7.4,0.7,0,0.299565,-0.0258402,0
7.4,0.8,0,0.299526,-0.0259711,0
7.4,0.9,0,0.299449,-0.026138,0
7.4,1,0,0.299426,-0.0262509,0
7.4,1.1,0,0.299291,-0.0264823,0
7.4,1.2,0,0.299205,-0.0266516,0
7.4,1.3,0,0.29908,-0.0268627,0
7.4,1.4,0,0.298899,-0.0271001,0
7.4,1.5,0,0.298801,-0.0273158,0
7.4,1.6,0,0.298538,-0.0275907,0
7.4,1.7,0,0.298348,-0.0278561,0
7.4,1.8,0,0.298101,-0.0281266,0
7.4,1.9,0,0.29778,-0.0283956,0
7.4,2,0,0.297551,-0.0287685,0
7.4,2.1,0,0.297127,-0.0289559,0
7.4,2.2,0,0.296766,-0.0293619,0
7.4,2.3,0,0.296344,-0.029627,0
7.4,2.4,0,0.29584,-0.0297949,0
7.4,2.5,0,0.295372,-0.0305204,0
7.4,2.6,0,0.294765,-0.030224,0
7.4,2.7,0,0.294131,-0.0309143,0
7.4,2.8,0,0.29345,-0.0310336,0
7.4,2.9,0,0.292709,-0.0307613,0
7.4,3,0,0.291844,-0.0323581,0
7.4,3.1,0,0.290963,-0.0307109,0
7.4,3.2,0,0.28995,-0.0320104,0
7.4,3.3,0,0.288806,-0.0317981,0
7.4,3.4,0,0.28763,-0.0304734,0
7.4,3.5,0,0.286429,-0.0338974,0
7.4,3.6,0,0.284597,-0.0296484,0
7.4,3.7,0,0.283373,-0.0320256,0
7.4,3.8,0,0.281461,-0.0314695,0
7.4,3.9,0,0.279246,-0.0284627,0
7.4,4,0,0.27863,-0.0345457,0
7.4,4.1,0,0.275167,-0.0273686,0
7.4,4.2,0,0.273986,-0.0305998,0
7.4,4.3,0,0.272491,-0.0302345,0
7.4,4.4,0,0.270222,-0.0260276,0
7.4,4.5,0,0.268019,-0.0323257,0
7.4,4.6,0,0.269303,-0.025377,0
7.4,4.7,0,0.264723,-0.0266749,0
7.4,4.8,0,0.26427,-0.0255293,0
7.4,4.9,0,0.266363,-0.0214645,0
7.4,5,0,0.255199,-0.0236029,0
7.4,5.1,0,0.251859,-0.0192088,0
7.4,5.2,0,0.249994,-0.015408,0
7.4,5.3,0,0.248626,-0.0112221,0
7.4,5.4,0,0.247787,-0.00680041,0
7.4,5.5,0,0.247522,-0.00226301,0
7.4,5.6,0,0.247854,0.00227908,0
7.4,5.7,0,0.24877,0.00671706,0
7.4,5.8,0,0.250235,0.0109327,0
7.4,5.9,0,0.252232,0.0147457,0
7.4,6,0,0.256423,0.019526,0
7.4,6.1,0,0.265132,0.0175476,0
7.4,6.2,0,0.26938,0.0178453,0
7.4,6.3,0,0.265469,0.0231053,0
7.4,6.4,0,0.266972,0.0228617,0
7.4,6.5,0,0.270944,0.0203586,0
7.4,6.6,0,0.271766,0.0246265,0
7.4,6.7,0,0.272741,0.026951,0
7.4,6.8,0,0.27459,0.0228015,0
7.4,6.9,0,0.276533,0.0243546,0
7.4,7,0,0.278703,0.0290995,0
7.4,7.1,0,0.280204,0.0259667,0
7.4,7.2,0,0.281727,0.0244862,0
7.4,7.3,0,0.283587,0.0279065,0
7.4,7.4,0,0.285157,0.0277868,0
7.4,7.5,0,0.286518,0.0255901,0
7.4,7.6,0,0.287803,0.0270693,0
7.4,7.7,0,0.289068,0.0281565,0
7.4,7.8,0,0.290212,0.0265694,0
7.4,7.9,0,0.29122,0.0264949,0
7.4,8,0,0.292174,0.0273931,0
7.4,8.1,0,0.293042,0.0265841,0
7.4,8.2,0,0.293862,0.0259189,0
7.4,8.3,0,0.294612,0.0261399,0
7.4,8.4,0,0.295285,0.0258748,0
7.4,8.5,0,0.295895,0.025235,0
7.4,8.6,0,0.296492,0.0250513,0
7.4,8.7,0,0.297055,0.0248436,0
7.4,8.8,0,0.297481,0.0243567,0
7.4,8.9,0,0.29793,0.0240054,0
7.4,9,0,0.298393,0.0237154,0
7.4,9.1,0,0.29871,0.0233389,0
7.4,9.2,0,0.299019,0.0229823,0
7.4,9.3,0,0.299364,0.0226509,0
7.4,9.4,0,0.299633,0.0223196,0
7.4,9.5,0,0.299828,0.0219892,0
7.4,9.6,0,0.300072,0.0216832,0
7.4,9.7,0,0.300298,0.0213655,0
7.4,9.8,0,0.300419,0.0210815,0
7.4,9.9,0,0.300568,0.0208071,0
7.4,10,0,0.300731,0.0205109,0
7.4,10.1,0,0.300814,0.0202574,0
7.4,10.2,0,0.300889,0.0200216,0
7.4,10.3,0,0.300987,0.0197617,0
7.4,10.4,0,0.301048,0.0195253,0
7.4,10.5,0,0.301066,0.0193205,0
7.4,10.6,0,0.301114,0.0191076,0
7.4,10.7,0,0.301153,0.0188862,0
7.4,10.8,0,0.301136,0.0187172,0
7.4,10.9,0,0.301136,0.0185454,0
7.4,11,0,0.30114,0.0183528,0
7.4,11.1,0,0.301107,0.0182034,0
7.4,11.2,0,0.301071,0.0180692,0
7.4,11.3,0,0.301044,0.0179134,0
7.4,11.4,0,0.301001,0.0177771,0
7.4,11.5,0,0.300937,0.0176747,0
7.4,11.6,0,0.300887,0.0175591,0
7.4,11.7,0,0.300832,0.0174356,0
7.4,11.8,0,0.300752,0.0173647,0
7.4,11.9,0,0.300682,0.0172875,0
7.4,12,0,0.300608,0.0171919,0
7.4,12.1,0,0.300522,0.0171348,0
7.4,12.2,0,0.300435,0.0170926,0
7.4,12.3,0,0.300359,0.0170286,0
7.4,12.4,0,0.300276,0.0169807,0
7.4,12.5,0,0.300186,0.0169686,0
7.4,12.6,0,0.300162,0.016947,0
7.4,12.7,0,0.300167,0.0169196,0
7.5,0,0,0.299532,-0.0256403,0
7.5,0.1,0,0.299525,-0.0257032,0
7.5,0.2,0,0.29957,-0.0257156,0
7.5,0.3,0,0.29961,-0.0257626,0
7.5,0.4,0,0.299657,-0.0258563,0
7.5,0.5,0,0.299695,-0.0258882,0
7.5,0.6,0,0.299675,-0.0260394,0
7.5,0.7,0,0.299694,-0.026149,0
7.5,0.8,0,0.299656,-0.0262799,0
7.5,0.9,0,0.299619,-0.0264651,0
7.5,1,0,0.299597,-0.0265893,0
7.5,1.1,0,0.299475,-0.0268206,0
7.5,1.2,0,0.299418,-0.0270284,0
7.5,1.3,0,0.299292,-0.0272394,0
7.5,1.4,0,0.299154,-0.0275142,0
7.5,1.5,0,0.299054,-0.027741,0
7.5,1.6,0,0.298805,-0.0280255,0
7.5,1.7,0,0.298637,-0.0283412,0
7.5,1.8,0,0.29839,-0.0286118,0
7.5,1.9,0,0.298107,-0.0289531,0
7.5,2,0,0.297873,-0.0293277,0
7.5,2.1,0,0.29746,-0.0295557,0
7.5,2.2,0,0.297113,-0.0300129,0
7.5,2.3,0,0.296691,-0.030278,0
7.5,2.4,0,0.296199,-0.0306032,0
7.5,2.5,0,0.295728,-0.0312874,0
7.5,2.6,0,0.295117,-0.0311272,0
7.5,2.7,0,0.294476,-0.0318306,0
7.5,2.8,0,0.293795,-0.0319499,0
7.5,2.9,0,0.293004,-0.0320459,0
7.5,3,0,0.292144,-0.0334697,0
7.5,3.1,0,0.291234,-0.0321959,0
7.5,3.2,0,0.290169,-0.0333804,0
7.5,3.3,0,0.289025,-0.033168,0
7.5,3.4,0,0.287757,-0.0326546,0
7.5,3.5,0,0.286539,-0.0356122,0
7.5,3.6,0,0.284757,-0.0321807,0
7.5,3.7,0,0.283386,-0.0341969,0
7.5,3.8,0,0.281473,-0.0336408,0
7.5,3.9,0,0.279381,-0.0321043,0
7.5,4,0,0.278575,-0.0372769,0
7.5,4.1,0,0.275334,-0.0313534,0
7.5,4.2,0,0.273757,-0.0338774,0
7.5,4.3,0,0.272261,-0.0335121,0
7.5,4.4,0,0.26945,-0.0307071,0
7.5,4.5,0,0.267121,-0.0358888,0
7.5,4.6,0,0.267501,-0.029831,0
7.5,4.7,0,0.262404,-0.0300952,0
7.5,4.8,0,0.261951,-0.0289495,0
7.5,4.9,0,0.261556,-0.0251848,0
7.5,5,0,0.251645,-0.0265498,0
7.5,5.1,0,0.24789,-0.0216576,0
7.5,5.2,0,0.245899,-0.0173652,0
7.5,5.3,0,0.244468,-0.0125828,0
7.5,5.4,0,0.243598,-0.0075025,0
7.5,5.5,0,0.24333,-0.0022771,0
7.5,5.6,0,0.243686,0.00295743,0
7.5,5.7,0,0.244655,0.00806817,0
7.5,5.8,0,0.246207,0.0129043,0
7.5,5.9,0,0.248358,0.0172354,0
7.5,6,0,0.253114,0.0226076,0
7.5,6.1,0,0.261823,0.0206292,0
7.5,6.2,0,0.265815,0.0220292,0
7.5,6.3,0,0.263603,0.0264926,0
7.5,6.4,0,0.265105,0.026249,0
7.5,6.5,0,0.268962,0.0251416,0
7.5,6.6,0,0.271176,0.0276919,0
7.5,6.7,0,0.27215,0.0300164,0
7.5,6.8,0,0.274082,0.0266115,0
7.5,6.9,0,0.276372,0.0268458,0
7.5,7,0,0.278543,0.0315907,0
7.5,7.1,0,0.280043,0.0284579,0
7.5,7.2,0,0.281786,0.0274763,0
7.5,7.3,0,0.283628,0.0297947,0
7.5,7.4,0,0.285198,0.0296751,0
7.5,7.5,0,0.286609,0.0281197,0
7.5,7.6,0,0.288004,0.0284859,0
7.5,7.7,0,0.289268,0.0295731,0
7.5,7.8,0,0.29041,0.0281218,0
7.5,7.9,0,0.291531,0.0275775,0
7.5,8,0,0.292486,0.0284757,0
7.5,8.1,0,0.293354,0.0276667,0
7.5,8.2,0,0.294198,0.0270216,0
7.5,8.3,0,0.294978,0.0269866,0
7.5,8.4,0,0.295651,0.0267215,0
7.5,8.5,0,0.296262,0.0261224,0
7.5,8.6,0,0.296869,0.0257265,0
7.5,8.7,0,0.297432,0.0255189,0
7.5,8.8,0,0.297858,0.0250329,0
7.5,8.9,0,0.298292,0.0245577,0
7.5,9,0,0.298754,0.0242615,0
7.5,9.1,0,0.299072,0.0238851,0
7.5,9.2,0,0.29937,0.0234661,0
7.5,9.3,0,0.299698,0.0230972,0
7.5,9.4,0,0.299967,0.0227658,0
7.5,9.5,0,0.300163,0.022416,0
7.5,9.6,0,0.300372,0.0220511,0
7.5,9.7,0,0.300599,0.0217334,0
7.5,9.8,0,0.300719,0.0214478,0
7.5,9.9,0,0.300837,0.0211164,0
7.5,10,0,0.300996,0.0208172,0
7.5,10.1,0,0.301079,0.0205637,0
7.5,10.2,0,0.301137,0.020292,0
7.5,10.3,0,0.301217,0.0200198,0
7.5,10.4,0,0.301278,0.0197833,0
7.5,10.5,0,0.301293,0.0195663,0
7.5,10.6,0,0.301309,0.019328,0
7.5,10.7,0,0.301348,0.0191066,0
7.5,10.8,0,0.301331,0.0189376,0
7.5,10.9,0,0.301302,0.0187377,0
7.5,11,0,0.301301,0.0185441,0
7.5,11.1,0,0.301269,0.0183947,0
7.5,11.2,0,0.301216,0.0182427,0
7.5,11.3,0,0.301173,0.0180825,0
7.5,11.4,0,0.30113,0.0179462,0
7.5,11.5,0,0.301061,0.0178372,0
7.5,11.6,0,0.300985,0.0177116,0
7.5,11.7,0,0.30093,0.0175881,0
7.5,11.8,0,0.300849,0.0175172,0
7.5,11.9,0,0.300753,0.0174273,0
7.5,12,0,0.300675,0.0173325,0
7.5,12.1,0,0.300589,0.0172754,0
7.5,12.2,0,0.30049,0.0172238,0
7.5,12.3,0,0.300398,0.0171608,0
7.5,12.4,0,0.300316,0.017113,0
7.5,12.5,0,0.300234,0.0170985,0
7.5,12.6,0,0.300189,0.0170759,0
7.5,12.7,0,0.300194,0.0170484,0
7.6,0,0,0.299564,-0.0259051,0
7.6,0.1,0,0.299586,-0.0259458,0
7.6,0.2,0,0.299624,-0.0259753,0
7.6,0.3,0,0.299668,-0.0260263,0
7.6,0.4,0,0.299729,-0.0261091,0
7.6,0.5,0,0.299782,-0.0261749,0
7.6,0.6,0,0.299793,-0.0263126,0
7.6,0.7,0,0.299818,-0.0264435,0
7.6,0.8,0,0.2998,-0.0265854,0
7.6,0.9,0,0.299785,-0.0267659,0
7.6,1,0,0.299768,-0.0269277,0
7.6,1.1,0,0.299689,-0.0271587,0
7.6,1.2,0,0.29963,-0.0273897,0
7.6,1.3,0,0.299523,-0.0276209,0
7.6,1.4,0,0.299413,-0.0279027,0
7.6,1.5,0,0.299306,-0.0281661,0
7.6,1.6,0,0.299106,-0.0284827,0
7.6,1.7,0,0.298931,-0.0288152,0
7.6,1.8,0,0.298698,-0.0291244,0
7.6,1.9,0,0.298443,-0.0295069,0
7.6,2,0,0.298195,-0.0298868,0
7.6,2.1,0,0.29782,-0.0302502,0
7.6,2.2,0,0.297465,-0.0306813,0
7.6,2.3,0,0.297044,-0.0310305,0
7.6,2.4,0,0.296563,-0.031508,0
7.6,2.5,0,0.296085,-0.0320544,0
7.6,2.6,0,0.295456,-0.0323481,0
7.6,2.7,0,0.294818,-0.0328687,0
7.6,2.8,0,0.294114,-0.0331749,0
7.6,2.9,0,0.293284,-0.033734,0
7.6,3,0,0.292445,-0.0345814,0
7.6,3.1,0,0.291437,-0.034552,0
7.6,3.2,0,0.290381,-0.0351448,0
7.6,3.3,0,0.289222,-0.0352977,0
7.6,3.4,0,0.287921,-0.0359238,0
7.6,3.5,0,0.286649,-0.0373271,0
7.6,3.6,0,0.285034,-0.0366201,0
7.6,3.7,0,0.283504,-0.0372755,0
7.6,3.8,0,0.281712,-0.03725,0
7.6,3.9,0,0.279958,-0.0378704,0
7.6,4,0,0.27852,-0.0400081,0
7.6,4.1,0,0.276022,-0.0382634,0
7.6,4.2,0,0.273894,-0.038608,0
7.6,4.3,0,0.271932,-0.0383925,0
7.6,4.4,0,0.268972,-0.0379918,0
7.6,4.5,0,0.266223,-0.0394519,0
7.6,4.6,0,0.263589,-0.0363637,0
7.6,4.7,0,0.259448,-0.0347604,0
7.6,4.8,0,0.257466,-0.0332117,0
7.6,4.9,0,0.253823,-0.0307097,0
7.6,5,0,0.248091,-0.0294967,0
7.6,5.1,0,0.243922,-0.0241063,0
7.6,5.2,0,0.241803,-0.0193223,0
7.6,5.3,0,0.240311,-0.0139435,0
7.6,5.4,0,0.23941,-0.00820459,0
7.6,5.5,0,0.239137,-0.00229119,0
7.6,5.6,0,0.239518,0.00363578,0
7.6,5.7,0,0.24054,0.00941929,0
7.6,5.8,0,0.242178,0.014876,0
7.6,5.9,0,0.244483,0.019725,0
7.6,6,0,0.249805,0.0256892,0
7.6,6.1,0,0.255161,0.0261118,0
7.6,6.2,0,0.25853,0.027958,0
7.6,6.3,0,0.261736,0.02988,0
7.6,6.4,0,0.262947,0.03073,0
7.6,6.5,0,0.266313,0.0314597,0
7.6,6.6,0,0.269679,0.0321894,0
7.6,6.7,0,0.27156,0.0330818,0
7.6,6.8,0,0.273826,0.0327005,0
7.6,6.9,0,0.276125,0.0326126,0
7.6,7,0,0.278382,0.0340819,0
7.6,7.1,0,0.280075,0.032728,0
7.6,7.2,0,0.281873,0.0322595,0
7.6,7.3,0,0.28367,0.031791,0
7.6,7.4,0,0.285255,0.0319989,0
7.6,7.5,0,0.286702,0.0314316,0
7.6,7.6,0,0.28815,0.0308643,0
7.6,7.7,0,0.289469,0.0309897,0
7.6,7.8,0,0.290595,0.0302964,0
7.6,7.9,0,0.291719,0.0297277,0
7.6,8,0,0.292797,0.0295582,0
7.6,8.1,0,0.293656,0.0289875,0
7.6,8.2,0,0.294496,0.0284403,0
7.6,8.3,0,0.295337,0.0278931,0
7.6,8.4,0,0.296018,0.0275944,0
7.6,8.5,0,0.296629,0.0270789,0
7.6,8.6,0,0.29724,0.0265633,0
7.6,8.7,0,0.297809,0.0261941,0
7.6,8.8,0,0.298242,0.0257169,0
7.6,8.9,0,0.298676,0.0252417,0
7.6,9,0,0.299116,0.0248077,0
7.6,9.1,0,0.299438,0.0244135,0
7.6,9.2,0,0.299738,0.0239846,0
7.6,9.3,0,0.300037,0.0235558,0
7.6,9.4,0,0.300302,0.0232058,0
7.6,9.5,0,0.300499,0.0228258,0
7.6,9.6,0,0.300696,0.0224459,0
7.6,9.7,0,0.300899,0.0221013,0
7.6,9.8,0,0.301018,0.0217804,0
7.6,9.9,0,0.301136,0.0214489,0
7.6,10,0,0.301261,0.0211235,0
7.6,10.1,0,0.301341,0.0208519,0
7.6,10.2,0,0.301398,0.0205669,0
7.6,10.3,0,0.301454,0.0202818,0
7.6,10.4,0,0.301507,0.0200385,0
7.6,10.5,0,0.301516,0.0197972,0
7.6,10.6,0,0.301524,0.0195558,0
7.6,10.7,0,0.301543,0.019327,0
7.6,10.8,0,0.301517,0.0191351,0
7.6,10.9,0,0.301488,0.0189348,0
7.6,11,0,0.301463,0.0187354,0
7.6,11.1,0,0.301425,0.0185759,0
7.6,11.2,0,0.301367,0.018414,0
7.6,11.3,0,0.301309,0.0182522,0
7.6,11.4,0,0.301259,0.0181146,0
7.6,11.5,0,0.301178,0.0179892,0
7.6,11.6,0,0.301098,0.0178637,0
7.6,11.7,0,0.301027,0.0177406,0
7.6,11.8,0,0.300935,0.0176559,0
7.6,11.9,0,0.300838,0.0175646,0
7.6,12,0,0.300742,0.017473,0
7.6,12.1,0,0.300652,0.0174097,0
7.6,12.2,0,0.300548,0.0173503,0
7.6,12.3,0,0.300445,0.0172909,0
7.6,12.4,0,0.300355,0.0172452,0
7.6,12.5,0,0.300303,0.0172234,0
7.6,12.6,0,0.300252,0.0172013,0
7.6,12.7,0,0.300221,0.0171773,0
7.7,0,0,0.299605,-0.0261244,0
7.7,0.1,0,0.299627,-0.0261719,0
7.7,0.2,0,0.299665,-0.0262014,0
7.7,0.3,0,0.299749,-0.0262659,0
7.7,0.4,0,0.299809,-0.0263487,0
7.7,0.5,0,0.299886,-0.0264166,0
7.7,0.6,0,0.299921,-0.0265721,0
7.7,0.7,0,0.299947,-0.0267031,0
7.7,0.8,0,0.299977,-0.0268723,0
7.7,0.9,0,0.299963,-0.0270528,0
7.7,1,0,0.299971,-0.0272213,0
7.7,1.1,0,0.299916,-0.0274828,0
7.7,1.2,0,0.299857,-0.0277137,0
7.7,1.3,0,0.299799,-0.0279952,0
7.7,1.4,0,0.299688,-0.028277,0
7.7,1.5,0,0.299609,-0.0285493,0
7.7,1.6,0,0.299427,-0.0289258,0
7.7,1.7,0,0.299252,-0.0292583,0
7.7,1.8,0,0.29906,-0.0296645,0
7.7,1.9,0,0.298804,-0.030047,0
7.7,2,0,0.298597,-0.0304163,0
7.7,2.1,0,0.298211,-0.0309315,0
7.7,2.2,0,0.297856,-0.0313626,0
7.7,2.3,0,0.297447,-0.0319227,0
7.7,2.4,0,0.296966,-0.0324002,0
7.7,2.5,0,0.296572,-0.0328203,0
7.7,2.6,0,0.295843,-0.0335575,0
7.7,2.7,0,0.295206,-0.0340781,0
7.7,2.8,0,0.294453,-0.0348532,0
7.7,2.9,0,0.293623,-0.0354123,0
7.7,3,0,0.292978,-0.0357171,0
7.7,3.1,0,0.291707,-0.0368993,0
7.7,3.2,0,0.290651,-0.0374921,0
7.7,3.3,0,0.289455,-0.0385573,0
7.7,3.4,0,0.288154,-0.0391834,0
7.7,3.5,0,0.287162,-0.0389907,0
7.7,3.6,0,0.285371,-0.041053,0
7.7,3.7,0,0.283841,-0.0417083,0
7.7,3.8,0,0.282353,-0.0430421,0
7.7,3.9,0,0.2806,-0.0436625,0
7.7,4,0,0.278759,-0.0422682,0
7.7,4.1,0,0.276852,-0.0453005,0
7.7,4.2,0,0.274725,-0.045645,0
7.7,4.3,0,0.271774,-0.0459641,0
7.7,4.4,0,0.268814,-0.0455634,0
7.7,4.5,0,0.265159,-0.0421853,0
7.7,4.6,0,0.260014,-0.0432776,0
7.7,4.7,0,0.255873,-0.0416743,0
7.7,4.8,0,0.24912,-0.0388546,0
7.7,4.9,0,0.245477,-0.0363526,0
7.7,5,0,0.244882,-0.032789,0
7.7,5.1,0,0.239531,-0.0271411,0
7.7,5.2,0,0.236666,-0.0217168,0
7.7,5.3,0,0.234641,-0.0155978,0
7.7,5.4,0,0.233423,-0.00905377,0
7.7,5.5,0,0.233034,-0.00229523,0
7.7,5.6,0,0.233496,0.00448284,0
7.7,5.7,0,0.234801,0.0110899,0
7.7,5.8,0,0.236941,0.0173235,0
7.7,5.9,0,0.239991,0.0228792,0
7.7,6,0,0.246867,0.0289956,0
7.7,6.1,0,0.247321,0.0324798,0
7.7,6.2,0,0.250689,0.034326,0
7.7,6.3,0,0.25428,0.0360397,0
7.7,6.4,0,0.260855,0.0374399,0
7.7,6.5,0,0.264221,0.0381697,0
7.7,6.6,0,0.267587,0.0388994,0
7.7,6.7,0,0.271434,0.0386463,0
7.7,6.8,0,0.273808,0.0390063,0
7.7,6.9,0,0.276107,0.0389184,0
7.7,7,0,0.278458,0.0368011,0
7.7,7.1,0,0.280297,0.0375778,0
7.7,7.2,0,0.282095,0.0371093,0
7.7,7.3,0,0.283892,0.0366408,0
7.7,7.4,0,0.285474,0.0353179,0
7.7,7.5,0,0.286922,0.0347506,0
7.7,7.6,0,0.288369,0.0341832,0
7.7,7.7,0,0.289831,0.0329137,0
7.7,7.8,0,0.290896,0.0324651,0
7.7,7.9,0,0.29202,0.0318963,0
7.7,8,0,0.293256,0.0309509,0
7.7,8.1,0,0.29405,0.0303961,0
7.7,8.2,0,0.294891,0.0298489,0
7.7,8.3,0,0.295731,0.0293017,0
7.7,8.4,0,0.296459,0.0285372,0
7.7,8.5,0,0.29707,0.0280217,0
7.7,8.6,0,0.297681,0.0275062,0
7.7,8.7,0,0.298269,0.0268617,0
7.7,8.8,0,0.298682,0.0263844,0
7.7,8.9,0,0.299116,0.0259092,0
7.7,9,0,0.299557,0.0253898,0
7.7,9.1,0,0.299848,0.0249139,0
7.7,9.2,0,0.300148,0.0244851,0
7.7,9.3,0,0.300448,0.0240562,0
7.7,9.4,0,0.300671,0.0235972,0
7.7,9.5,0,0.300868,0.0232173,0
7.7,9.6,0,0.301065,0.0228373,0
7.7,9.7,0,0.301238,0.0224295,0
7.7,9.8,0,0.301342,0.0220951,0
7.7,9.9,0,0.30146,0.0217637,0
7.7,10,0,0.301575,0.0214204,0
7.7,10.1,0,0.301622,0.02111,0
7.7,10.2,0,0.301678,0.020825,0
7.7,10.3,0,0.301734,0.0205399,0
7.7,10.4,0,0.301746,0.0202536,0
7.7,10.5,0,0.301754,0.0200122,0
7.7,10.6,0,0.301762,0.0197709,0
7.7,10.7,0,0.301755,0.0195172,0
7.7,10.8,0,0.301716,0.0193174,0
7.7,10.9,0,0.301686,0.0191171,0
7.7,11,0,0.301654,0.0189122,0
7.7,11.1,0,0.301586,0.0187333,0
7.7,11.2,0,0.301528,0.0185714,0
7.7,11.3,0,0.301469,0.0184096,0
7.7,11.4,0,0.301383,0.0182534,0
7.7,11.5,0,0.301303,0.0181279,0
7.7,11.6,0,0.301222,0.0180024,0
7.7,11.7,0,0.301131,0.0178692,0
7.7,11.8,0,0.301025,0.017781,0
7.7,11.9,0,0.300928,0.0176897,0
7.7,12,0,0.300829,0.0175967,0
7.7,12.1,0,0.300709,0.0175248,0
7.7,12.2,0,0.300606,0.0174654,0
7.7,12.3,0,0.300502,0.017406,0
7.7,12.4,0,0.300386,0.0173537,0
7.7,12.5,0,0.300333,0.0173318,0
7.7,12.6,0,0.300282,0.0173098,0
7.7,12.7,0,0.300251,0.0172839,0
7.8,0,0,0.299655,-0.0262981,0
7.8,0.1,0,0.299647,-0.0263816,0
7.8,0.2,0,0.299716,-0.0263937,0
7.8,0.3,0,0.299827,-0.0264649,0
7.8,0.4,0,0.299898,-0.0265751,0
7.8,0.5,0,0.300007,-0.0266134,0
7.8,0.6,0,0.30006,-0.0268181,0
7.8,0.7,0,0.300108,-0.0269328,0
7.8,0.8,0,0.300159,-0.0271129,0
7.8,0.9,0,0.300152,-0.0273258,0
7.8,1,0,0.300204,-0.0274702,0
7.8,1.1,0,0.300156,-0.0277927,0
7.8,1.2,0,0.300129,-0.0280109,0
7.8,1.3,0,0.300091,-0.0283125,0
7.8,1.4,0,0.299979,-0.0286372,0
7.8,1.5,0,0.299962,-0.0288905,0
7.8,1.6,0,0.299768,-0.0293549,0
7.8,1.7,0,0.299639,-0.029676,0
7.8,1.8,0,0.299464,-0.030121,0
7.8,1.9,0,0.299191,-0.0305734,0
7.8,2,0,0.299078,-0.0309162,0
7.8,2.1,0,0.298633,-0.0315995,0
7.8,2.2,0,0.298353,-0.0319998,0
7.8,2.3,0,0.297953,-0.0326446,0
7.8,2.4,0,0.297407,-0.0332799,0
7.8,2.5,0,0.297189,-0.0335852,0
7.8,2.6,0,0.296279,-0.0347555,0
7.8,2.7,0,0.295793,-0.0351255,0
7.8,2.8,0,0.295025,-0.0360887,0
7.8,2.9,0,0.294021,-0.0370806,0
7.8,3,0,0.293743,-0.0368769,0
7.8,3.1,0,0.292044,-0.0392377,0
7.8,3.2,0,0.291295,-0.0392623,0
7.8,3.3,0,0.290084,-0.0406921,0
7.8,3.4,0,0.288456,-0.0424334,0
7.8,3.5,0,0.288079,-0.040603,0
7.8,3.6,0,0.285767,-0.0454792,0
7.8,3.7,0,0.284527,-0.0445386,0
7.8,3.8,0,0.283164,-0.0464292,0
7.8,3.9,0,0.281306,-0.0494807,0
7.8,4,0,0.279292,-0.0440571,0
7.8,4.1,0,0.277826,-0.0524647,0
7.8,4.2,0,0.274935,-0.0495469,0
7.8,4.3,0,0.271659,-0.0501437,0
7.8,4.4,0,0.268975,-0.0534219,0
7.8,4.5,0,0.263929,-0.044089,0
7.8,4.6,0,0.256776,-0.0505727,0
7.8,4.7,0,0.253596,-0.0462117,0
7.8,4.8,0,0.244554,-0.0427784,0
7.8,4.9,0,0.236517,-0.0421137,0
7.8,5,0,0.242017,-0.0364268,0
7.8,5.1,0,0.234719,-0.0307618,0
7.8,5.2,0,0.230486,-0.0245486,0
7.8,5.3,0,0.227458,-0.0175457,0
7.8,5.4,0,0.225636,-0.01005,0
7.8,5.5,0,0.225021,-0.0022892,0
7.8,5.6,0,0.225619,0.0054986,0
7.8,5.7,0,0.227436,0.0130801,0
7.8,5.8,0,0.230496,0.0202466,0
7.8,5.9,0,0.234881,0.0266979,0
7.8,6,0,0.244301,0.0325267,0
7.8,6.1,0,0.239839,0.0387737,0
7.8,6.2,0,0.242293,0.0411333,0
7.8,6.3,0,0.253355,0.0384089,0
7.8,6.4,0,0.259701,0.041575,0
7.8,6.5,0,0.262685,0.0452715,0
7.8,6.6,0,0.266596,0.0430927,0
7.8,6.7,0,0.270872,0.0405515,0
7.8,6.8,0,0.274028,0.045529,0
7.8,6.9,0,0.276338,0.0450212,0
7.8,7,0,0.2788,0.0386352,0
7.8,7.1,0,0.28065,0.041804,0
7.8,7.2,0,0.282452,0.0420255,0
7.8,7.3,0,0.284613,0.0384627,0
7.8,7.4,0,0.286089,0.0375168,0
7.8,7.5,0,0.287267,0.0380766,0
7.8,7.6,0,0.288926,0.0365758,0
7.8,7.7,0,0.290605,0.0343445,0
7.8,7.8,0,0.291311,0.0346277,0
7.8,7.9,0,0.292442,0.0340358,0
7.8,8,0,0.293979,0.0320836,0
7.8,8.1,0,0.294608,0.0317173,0
7.8,8.2,0,0.295381,0.0312474,0
7.8,8.3,0,0.296371,0.0302269,0
7.8,8.4,0,0.297082,0.0294214,0
7.8,8.5,0,0.297586,0.028951,0
7.8,8.6,0,0.298229,0.0283209,0
7.8,8.7,0,0.298858,0.0275217,0
7.8,8.8,0,0.299179,0.0270355,0
7.8,8.9,0,0.299613,0.0265603,0
7.8,9,0,0.300079,0.0258927,0
7.8,9.1,0,0.300327,0.0254036,0
7.8,9.2,0,0.300602,0.0249675,0
7.8,9.3,0,0.300904,0.0244614,0
7.8,9.4,0,0.301118,0.0239837,0
7.8,9.5,0,0.301271,0.0235904,0
7.8,9.6,0,0.301465,0.0231866,0
7.8,9.7,0,0.301633,0.0227363,0
7.8,9.8,0,0.301692,0.0223922,0
7.8,9.9,0,0.30181,0.0220607,0
7.8,10,0,0.301914,0.0216663,0
7.8,10.1,0,0.301938,0.0213532,0
7.8,10.2,0,0.301979,0.0210662,0
7.8,10.3,0,0.302024,0.02075,0
7.8,10.4,0,0.302029,0.0204538,0
7.8,10.5,0,0.302008,0.0202116,0
7.8,10.6,0,0.302012,0.0199605,0
7.8,10.7,0,0.301994,0.019683,0
7.8,10.8,0,0.301927,0.0194849,0
7.8,10.9,0,0.301897,0.0192846,0
7.8,11,0,0.301849,0.019052,0
7.8,11.1,0,0.301768,0.018875,0
7.8,11.2,0,0.301697,0.0187149,0
7.8,11.3,0,0.301628,0.018537,0
7.8,11.4,0,0.301536,0.0183738,0
7.8,11.5,0,0.301434,0.0182535,0
7.8,11.6,0,0.30135,0.0181236,0
7.8,11.7,0,0.301247,0.0179749,0
7.8,11.8,0,0.301122,0.0178931,0
7.8,11.9,0,0.301023,0.0178025,0
7.8,12,0,0.300909,0.0176918,0
7.8,12.1,0,0.300779,0.0176237,0
7.8,12.2,0,0.300663,0.017569,0
7.8,12.3,0,0.300554,0.0174994,0
7.8,12.4,0,0.300434,0.0174412,0
7.8,12.5,0,0.300326,0.0174239,0
7.8,12.6,0,0.300281,0.0174007,0
7.8,12.7,0,0.300285,0.0173681,0
7.9,0,0,0.299705,-0.0264718,0
7.9,0.1,0,0.299688,-0.0265662,0
7.9,0.2,0,0.299788,-0.0265742,0
7.9,0.3,0,0.2999,-0.0266454,0
7.9,0.4,0,0.300009,-0.0267808,0
7.9,0.5,0,0.300128,-0.0268102,0
7.9,0.6,0,0.300187,-0.0270296,0
7.9,0.7,0,0.300284,-0.0271518,0
7.9,0.8,0,0.300335,-0.0273318,0
7.9,0.9,0,0.300372,-0.0275819,0
7.9,1,0,0.300438,-0.027719,0
7.9,1.1,0,0.300391,-0.0280599,0
7.9,1.2,0,0.300422,-0.0282996,0
7.9,1.3,0,0.300383,-0.0286012,0
7.9,1.4,0,0.300314,-0.0289841,0
7.9,1.5,0,0.300316,-0.0292316,0
7.9,1.6,0,0.300118,-0.0297225,0
7.9,1.7,0,0.300055,-0.0300859,0
7.9,1.8,0,0.299881,-0.0305309,0
7.9,1.9,0,0.299643,-0.0310812,0
7.9,2,0,0.29956,-0.0314162,0
7.9,2.1,0,0.299097,-0.0321499,0
7.9,2.2,0,0.298901,-0.0326164,0
7.9,2.3,0,0.298501,-0.0332612,0
7.9,2.4,0,0.297972,-0.0340792,0
7.9,2.5,0,0.297806,-0.0343501,0
7.9,2.6,0,0.296841,-0.0356503,0
7.9,2.7,0,0.296482,-0.0360724,0
7.9,2.8,0,0.295714,-0.0370356,0
7.9,2.9,0,0.294677,-0.038393,0
7.9,3,0,0.294509,-0.0380367,0
7.9,3.1,0,0.292681,-0.0407511,0
7.9,3.2,0,0.292143,-0.0406536,0
7.9,3.3,0,0.290933,-0.0420834,0
7.9,3.4,0,0.289188,-0.044537,0
7.9,3.5,0,0.288996,-0.0422153,0
7.9,3.6,0,0.286528,-0.0479357,0
7.9,3.7,0,0.285407,-0.046305,0
7.9,3.8,0,0.284044,-0.0481956,0
7.9,3.9,0,0.281891,-0.0524783,0
7.9,4,0,0.279825,-0.0458459,0
7.9,4.1,0,0.278491,-0.0558662,0
7.9,4.2,0,0.274637,-0.0512738,0
7.9,4.3,0,0.271361,-0.0518706,0
7.9,4.4,0,0.268162,-0.0571121,0
7.9,4.5,0,0.262698,-0.0459928,0
7.9,4.6,0,0.254943,-0.0540939,0
7.9,4.7,0,0.251959,-0.0489106,0
7.9,4.8,0,0.242917,-0.0454773,0
7.9,4.9,0,0.231823,-0.0463885,0
7.9,5,0,0.239151,-0.0400646,0
7.9,5.1,0,0.229908,-0.0343826,0
7.9,5.2,0,0.224306,-0.0273805,0
7.9,5.3,0,0.220276,-0.0194936,0
7.9,5.4,0,0.21785,-0.0110463,0
7.9,5.5,0,0.217008,-0.00228318,0
7.9,5.6,0,0.217742,0.00651436,0
7.9,5.7,0,0.220072,0.0150703,0
7.9,5.8,0,0.22405,0.0231698,0
7.9,5.9,0,0.22977,0.0305166,0
7.9,6,0,0.241735,0.0360578,0
7.9,6.1,0,0.237272,0.0423048,0
7.9,6.2,0,0.239026,0.0448935,0
7.9,6.3,0,0.252429,0.0407781,0
7.9,6.4,0,0.258775,0.0439442,0
7.9,6.5,0,0.261533,0.0499066,0
7.9,6.6,0,0.266034,0.0449979,0
7.9,6.7,0,0.27031,0.0424568,0
7.9,6.8,0,0.273659,0.0485713,0
7.9,6.9,0,0.27668,0.0468553,0
7.9,7,0,0.279142,0.0404693,0
7.9,7.1,0,0.280992,0.0436381,0
7.9,7.2,0,0.283042,0.0449508,0
7.9,7.3,0,0.285347,0.0401647,0
7.9,7.4,0,0.286824,0.0392188,0
7.9,7.5,0,0.287812,0.0405502,0
7.9,7.6,0,0.2897,0.0380066,0
7.9,7.7,0,0.291379,0.0357753,0
7.9,7.8,0,0.292022,0.0361895,0
7.9,7.9,0,0.293165,0.0351685,0
7.9,8,0,0.294701,0.0332163,0
7.9,8.1,0,0.29533,0.03285,0
7.9,8.2,0,0.295963,0.0323541,0
7.9,8.3,0,0.297028,0.0310969,0
7.9,8.4,0,0.297739,0.0302914,0
7.9,8.5,0,0.298167,0.0298334,0
7.9,8.6,0,0.298818,0.0289809,0
7.9,8.7,0,0.299447,0.0281817,0
7.9,8.8,0,0.299758,0.0276945,0
7.9,8.9,0,0.300133,0.0270698,0
7.9,9,0,0.3006,0.0263956,0
7.9,9.1,0,0.300848,0.0259065,0
7.9,9.2,0,0.301058,0.025405,0
7.9,9.3,0,0.30136,0.0248507,0
7.9,9.4,0,0.301574,0.0243729,0
7.9,9.5,0,0.301699,0.0239703,0
7.9,9.6,0,0.30186,0.0234934,0
7.9,9.7,0,0.302028,0.023043,0
7.9,9.8,0,0.302085,0.0226985,0
7.9,9.9,0,0.30215,0.0223123,0
7.9,10,0,0.302252,0.0219121,0
7.9,10.1,0,0.302277,0.0215991,0
7.9,10.2,0,0.302276,0.0212907,0
7.9,10.3,0,0.30231,0.0209503,0
7.9,10.4,0,0.302315,0.020654,0
7.9,10.5,0,0.30228,0.0204115,0
7.9,10.6,0,0.30225,0.0201263,0
7.9,10.7,0,0.302233,0.0198488,0
7.9,10.8,0,0.302165,0.0196508,0
7.9,10.9,0,0.302094,0.0194294,0
7.9,11,0,0.302044,0.0191918,0
7.9,11.1,0,0.301963,0.0190148,0
7.9,11.2,0,0.301865,0.0188497,0
7.9,11.3,0,0.301782,0.0186572,0
7.9,11.4,0,0.30169,0.0184941,0
7.9,11.5,0,0.30158,0.0183758,0
7.9,11.6,0,0.301466,0.0182293,0
7.9,11.7,0,0.301363,0.0180806,0
7.9,11.8,0,0.301238,0.0179988,0
7.9,11.9,0,0.301107,0.0179019,0
7.9,12,0,0.300988,0.0177869,0
7.9,12.1,0,0.300859,0.0177188,0
7.9,12.2,0,0.300722,0.0176662,0
7.9,12.3,0,0.300602,0.0175869,0
7.9,12.4,0,0.300483,0.0175286,0
7.9,12.5,0,0.300356,0.0175128,0
7.9,12.6,0,0.300315,0.0174849,0
7.9,12.7,0,0.300319,0.0174523,0
8,0,0,0.299756,-0.0266456,0
8,0.1,0,0.29978,-0.0267166,0
8,0.2,0,0.299861,-0.0267548,0
8,0.3,0,0.299972,-0.026826,0
8,0.4,0,0.300117,-0.026941,0
8,0.5,0,0.300249,-0.027007,0
8,0.6,0,0.300337,-0.0272048,0
8,0.7,0,0.300461,-0.0273707,0
8,0.8,0,0.300511,-0.0275508,0
8,0.9,0,0.300596,-0.0277876,0
8,1,0,0.300672,-0.0279679,0
8,1.1,0,0.300667,-0.0282918,0
8,1.2,0,0.300715,-0.0285884,0
8,1.3,0,0.300676,-0.02889,0
8,1.4,0,0.300669,-0.0292681,0
8,1.5,0,0.30067,-0.0295728,0
8,1.6,0,0.300532,-0.0300483,0
8,1.7,0,0.300472,-0.0304958,0
8,1.8,0,0.300297,-0.0309409,0
8,1.9,0,0.300149,-0.031488,0
8,2,0,0.300041,-0.0319161,0
8,2.1,0,0.299679,-0.0326086,0
8,2.2,0,0.29945,-0.033233,0
8,2.3,0,0.299049,-0.0338778,0
8,2.4,0,0.298674,-0.0346337,0
8,2.5,0,0.298422,-0.035115,0
8,2.6,0,0.297661,-0.0362143,0
8,2.7,0,0.29717,-0.0370194,0
8,2.8,0,0.296403,-0.0379826,0
8,2.9,0,0.295675,-0.0389756,0
8,3,0,0.295275,-0.0391964,0
8,3.1,0,0.293856,-0.0411532,0
8,3.2,0,0.292992,-0.042045,0
8,3.3,0,0.291782,-0.0434748,0
8,3.4,0,0.290543,-0.0446624,0
8,3.5,0,0.289913,-0.0438277,0
8,3.6,0,0.287832,-0.0474202,0
8,3.7,0,0.286287,-0.0480714,0
8,3.8,0,0.284924,-0.049962,0
8,3.9,0,0.282562,-0.0510258,0
8,4,0,0.280357,-0.0476348,0
8,4.1,0,0.278006,-0.0533052,0
8,4.2,0,0.274338,-0.0530008,0
8,4.3,0,0.271062,-0.0535976,0
8,4.4,0,0.266564,-0.0541106,0
8,4.5,0,0.261468,-0.0478965,0
8,4.6,0,0.254994,-0.0523207,0
8,4.7,0,0.250322,-0.0516095,0
8,4.8,0,0.24128,-0.0481762,0
8,4.9,0,0.234817,-0.0475765,0
8,5,0,0.236286,-0.0437024,0
8,5.1,0,0.225096,-0.0380033,0
8,5.2,0,0.218126,-0.0302123,0
8,5.3,0,0.213093,-0.0214415,0
8,5.4,0,0.210064,-0.0120425,0
8,5.5,0,0.208994,-0.00227715,0
8,5.6,0,0.209865,0.00753012,0
8,5.7,0,0.212707,0.0170605,0
8,5.8,0,0.217605,0.026093,0
8,5.9,0,0.22466,0.0343353,0
8,6,0,0.239168,0.0395889,0
8,6.1,0,0.23727,0.0443124,0
8,6.2,0,0.242842,0.0445978,0
8,6.3,0,0.251503,0.0431473,0
8,6.4,0,0.257849,0.0463134,0
8,6.5,0,0.261581,0.0470792,0
8,6.6,0,0.265472,0.0469031,0
8,6.7,0,0.269747,0.044362,0
8,6.8,0,0.273187,0.0469777,0
8,6.9,0,0.2767,0.0467942,0
8,7,0,0.279484,0.0423034,0
8,7.1,0,0.281438,0.0445847,0
8,7.2,0,0.283763,0.0439387,0
8,7.3,0,0.286081,0.0418667,0
8,7.4,0,0.287558,0.0409207,0
8,7.5,0,0.288976,0.0403569,0
8,7.6,0,0.290477,0.0394253,0
8,7.7,0,0.292154,0.0372061,0
8,7.8,0,0.293004,0.0369209,0
8,7.9,0,0.294059,0.0359517,0
8,8,0,0.295424,0.0343489,0
8,8.1,0,0.296088,0.0338722,0
8,8.2,0,0.29684,0.0329721,0
8,8.3,0,0.297684,0.0319669,0
8,8.4,0,0.298396,0.0311614,0
8,8.5,0,0.298897,0.0304341,0
8,8.6,0,0.299417,0.0296365,0
8,8.7,0,0.300036,0.0288417,0
8,8.8,0,0.300362,0.0282639,0
8,8.9,0,0.300705,0.0275776,0
8,9,0,0.301122,0.0268985,0
8,9.1,0,0.30137,0.0263962,0
8,9.2,0,0.301582,0.0258147,0
8,9.3,0,0.301816,0.0252399,0
8,9.4,0,0.30203,0.0247621,0
8,9.5,0,0.302148,0.0242932,0
8,9.6,0,0.302263,0.0238024,0
8,9.7,0,0.302423,0.0233498,0
8,9.8,0,0.302474,0.0229774,0
8,9.9,0,0.302516,0.0225641,0
8,10,0,0.30259,0.022158,0
8,10.1,0,0.302614,0.0218419,0
8,10.2,0,0.302601,0.0214956,0
8,10.3,0,0.302597,0.0211505,0
8,10.4,0,0.302601,0.0208543,0
8,10.5,0,0.302552,0.02058,0
8,10.6,0,0.302496,0.0202924,0
8,10.7,0,0.302471,0.0200147,0
8,10.8,0,0.302397,0.0198034,0
8,10.9,0,0.302308,0.019568,0
8,11,0,0.302239,0.0193316,0
8,11.1,0,0.302157,0.0191544,0
8,11.2,0,0.302044,0.0189663,0
8,11.3,0,0.301936,0.0187775,0
8,11.4,0,0.301844,0.0186143,0
8,11.5,0,0.30172,0.0184785,0
8,11.6,0,0.301588,0.0183335,0
8,11.7,0,0.301479,0.0181863,0
8,11.8,0,0.301347,0.0180973,0
8,11.9,0,0.301202,0.0179917,0
8,12,0,0.301068,0.017882,0
8,12.1,0,0.300939,0.0178138,0
8,12.2,0,0.300793,0.0177451,0
8,12.3,0,0.30065,0.0176743,0
8,12.4,0,0.300531,0.017616,0
8,12.5,0,0.300438,0.0175939,0
8,12.6,0,0.300368,0.0175675,0
8,12.7,0,0.300353,0.0175366,0
8.1,0,0,0.299806,-0.0268193,0
8.1,0.1,0,0.299883,-0.0268612,0
8.1,0.2,0,0.29996,-0.026903,0
8.1,0.3,0,0.300073,-0.0269799,0
8.1,0.4,0,0.300222,-0.0270919,0
8.1,0.5,0,0.30037,-0.0272038,0
8.1,0.6,0,0.300495,-0.0273746,0
8.1,0.7,0,0.300621,-0.0275454,0
8.1,0.8,0,0.300728,-0.027748,0
8.1,0.9,0,0.300817,-0.0279824,0
8.1,1,0,0.300905,-0.0282168,0
8.1,1.1,0,0.300954,-0.0285194,0
8.1,1.2,0,0.301002,-0.0288221,0
8.1,1.3,0,0.301025,-0.0291616,0
8.1,1.4,0,0.301025,-0.0295378,0
8.1,1.5,0,0.301024,-0.029914,0
8.1,1.6,0,0.300962,-0.0303703,0
8.1,1.7,0,0.3009,-0.0308266,0
8.1,1.8,0,0.3008,-0.031327,0
8.1,1.9,0,0.300661,-0.0318715,0
8.1,2,0,0.300523,-0.032416,0
8.1,2.1,0,0.300287,-0.0330571,0
8.1,2.2,0,0.300051,-0.0336983,0
8.1,2.3,0,0.299754,-0.0343911,0
8.1,2.4,0,0.299397,-0.0351355,0
8.1,2.5,0,0.299039,-0.0358799,0
8.1,2.6,0,0.298531,-0.0367282,0
8.1,2.7,0,0.298022,-0.0375765,0
8.1,2.8,0,0.297422,-0.0384718,0
8.1,2.9,0,0.296731,-0.039414,0
8.1,3,0,0.29604,-0.0403562,0
8.1,3.1,0,0.295133,-0.0413658,0
8.1,3.2,0,0.294226,-0.0423755,0
8.1,3.3,0,0.293184,-0.0433922,0
8.1,3.4,0,0.292007,-0.0444161,0
8.1,3.5,0,0.29083,-0.04544,0
8.1,3.6,0,0.289233,-0.0463727,0
8.1,3.7,0,0.287636,-0.0473053,0
8.1,3.8,0,0.285648,-0.0481021,0
8.1,3.9,0,0.283269,-0.0487629,0
8.1,4,0,0.28089,-0.0494237,0
8.1,4.1,0,0.277266,-0.0496568,0
8.1,4.2,0,0.273642,-0.0498899,0
8.1,4.3,0,0.269512,-0.0499652,0
8.1,4.4,0,0.264875,-0.0498828,0
8.1,4.5,0,0.260238,-0.0498003,0
8.1,4.6,0,0.255365,-0.0496282,0
8.1,4.7,0,0.250493,-0.0494562,0
8.1,4.8,0,0.245129,-0.0489641,0
8.1,4.9,0,0.239275,-0.0481521,0
8.1,5,0,0.233421,-0.0473401,0
8.1,5.1,0,0.220284,-0.0416241,0
8.1,5.2,0,0.211947,-0.0330441,0
8.1,5.3,0,0.205911,-0.0233894,0
8.1,5.4,0,0.202277,-0.0130388,0
8.1,5.5,0,0.200981,-0.00227113,0
8.1,5.6,0,0.201988,0.00854589,0
8.1,5.7,0,0.205343,0.0190507,0
8.1,5.8,0,0.21116,0.0290162,0
8.1,5.9,0,0.21955,0.038154,0
8.1,6,0,0.236602,0.0431201,0
8.1,6.1,0,0.242174,0.0434054,0
8.1,6.2,0,0.247746,0.0436908,0
8.1,6.3,0,0.253317,0.0439762,0
8.1,6.4,0,0.257773,0.0441453,0
8.1,6.5,0,0.261628,0.0442518,0
8.1,6.6,0,0.265482,0.0443583,0
8.1,6.7,0,0.269234,0.0443778,0
8.1,6.8,0,0.272747,0.0441943,0
8.1,6.9,0,0.27626,0.0440109,0
8.1,7,0,0.279773,0.0438274,0
8.1,7.1,0,0.282158,0.0432045,0
8.1,7.2,0,0.284483,0.0425585,0
8.1,7.3,0,0.286808,0.0419126,0
8.1,7.4,0,0.288639,0.0410952,0
8.1,7.5,0,0.29014,0.0401636,0
8.1,7.6,0,0.291641,0.039232,0
8.1,7.7,0,0.293031,0.038291,0
8.1,7.8,0,0.294085,0.0373218,0
8.1,7.9,0,0.29514,0.0363526,0
8.1,8,0,0.296195,0.0353833,0
8.1,8.1,0,0.296977,0.0344763,0
8.1,8.2,0,0.29773,0.0335763,0
8.1,8.3,0,0.298482,0.0326762,0
8.1,8.4,0,0.299107,0.0318325,0
8.1,8.5,0,0.299627,0.0310349,0
8.1,8.6,0,0.300147,0.0302373,0
8.1,8.7,0,0.300631,0.0294619,0
8.1,8.8,0,0.300975,0.0287757,0
8.1,8.9,0,0.301318,0.0280894,0
8.1,9,0,0.301662,0.0274032,0
8.1,9.1,0,0.301894,0.026806,0
8.1,9.2,0,0.302106,0.0262244,0
8.1,9.3,0,0.302318,0.0256429,0
8.1,9.4,0,0.302482,0.0251067,0
8.1,9.5,0,0.302597,0.024616,0
8.1,9.6,0,0.302712,0.0241253,0
8.1,9.7,0,0.302816,0.0236462,0
8.1,9.8,0,0.302857,0.023233,0
8.1,9.9,0,0.302899,0.0228198,0
8.1,10,0,0.302941,0.0224065,0
8.1,10.1,0,0.302938,0.0220468,0
8.1,10.2,0,0.302925,0.0217005,0
8.1,10.3,0,0.302911,0.0213542,0
8.1,10.4,0,0.302879,0.0210343,0
8.1,10.5,0,0.302823,0.0207467,0
8.1,10.6,0,0.302767,0.0204592,0
8.1,10.7,0,0.302708,0.0201768,0
8.1,10.8,0,0.30262,0.0199415,0
8.1,10.9,0,0.302532,0.0197062,0
8.1,11,0,0.302443,0.0194709,0
8.1,11.1,0,0.302337,0.0192709,0
8.1,11.2,0,0.302224,0.0190828,0
8.1,11.3,0,0.302111,0.0188947,0
8.1,11.4,0,0.30199,0.0187239,0
8.1,11.5,0,0.301858,0.0185789,0
8.1,11.6,0,0.301726,0.0184339,0
8.1,11.7,0,0.301593,0.0182908,0
8.1,11.8,0,0.301448,0.0181853,0
8.1,11.9,0,0.301302,0.0180797,0
8.1,12,0,0.301156,0.0179742,0
8.1,12.1,0,0.30101,0.0178937,0
8.1,12.2,0,0.300864,0.017824,0
8.1,12.3,0,0.300718,0.0177543,0
8.1,12.4,0,0.300598,0.0176998,0
8.1,12.5,0,0.300528,0.0176735,0
8.1,12.6,0,0.300457,0.0176471,0
8.1,12.7,0,0.300387,0.0176208,0
8.2,0,0,0.299877,-0.0268818,0
8.2,0.1,0,0.2999,-0.0269592,0
8.2,0.2,0,0.299985,-0.0269982,0
8.2,0.3,0,0.300183,-0.0270944,0
8.2,0.4,0,0.300333,-0.0272114,0
8.2,0.5,0,0.300524,-0.0272872,0
8.2,0.6,0,0.300673,-0.0275104,0
8.2,0.7,0,0.300802,-0.0276779,0
8.2,0.8,0,0.300968,-0.0279007,0
8.2,0.9,0,0.301059,-0.0281406,0
8.2,1,0,0.301199,-0.0283435,0
8.2,1.1,0,0.301264,-0.0287078,0
8.2,1.2,0,0.301319,-0.0290075,0
8.2,1.3,0,0.301409,-0.0293819,0
8.2,1.4,0,0.30141,-0.029765,0
8.2,1.5,0,0.301481,-0.0301133,0
8.2,1.6,0,0.301429,-0.0306457,0
8.2,1.7,0,0.301376,-0.0310996,0
8.2,1.8,0,0.301359,-0.031651,0
8.2,1.9,0,0.301221,-0.0322036,0
8.2,2,0,0.301181,-0.0327331,0
8.2,2.1,0,0.300954,-0.0334496,0
8.2,2.2,0,0.30073,-0.0340915,0
8.2,2.3,0,0.300551,-0.0348298,0
8.2,2.4,0,0.300195,-0.0355786,0
8.2,2.5,0,0.299953,-0.0363827,0
8.2,2.6,0,0.299493,-0.0371853,0
8.2,2.7,0,0.298994,-0.0380516,0
8.2,2.8,0,0.298578,-0.0388873,0
8.2,2.9,0,0.297898,-0.0398049,0
8.2,3,0,0.297241,-0.0411766,0
8.2,3.1,0,0.29654,-0.0415511,0
8.2,3.2,0,0.295623,-0.0426506,0
8.2,3.3,0,0.294785,-0.0432894,0
8.2,3.4,0,0.293642,-0.0441814,0
8.2,3.5,0,0.292128,-0.0469289,0
8.2,3.6,0,0.290929,-0.045415,0
8.2,3.7,0,0.28928,-0.0466601,0
8.2,3.8,0,0.286916,-0.0464731,0
8.2,3.9,0,0.284549,-0.0467122,0
8.2,4,0,0.28198,-0.0528199,0
8.2,4.1,0,0.277336,-0.0462714,0
8.2,4.2,0,0.273863,-0.0474046,0
8.2,4.3,0,0.268435,-0.0468006,0
8.2,4.4,0,0.263502,-0.0457426,0
8.2,4.5,0,0.263121,-0.0593671,0
8.2,4.6,0,0.255682,-0.0469477,0
8.2,4.7,0,0.251075,-0.0485706,0
8.2,4.8,0,0.250469,-0.0516383,0
8.2,4.9,0,0.244878,-0.0494269,0
8.2,5,0,0.229604,-0.063242,0
8.2,5.1,0,0.209878,-0.0533451,0
8.2,5.2,0,0.200424,-0.0414879,0
8.2,5.3,0,0.193632,-0.028855,0
8.2,5.4,0,0.189536,-0.015824,0
8.2,5.5,0,0.188057,-0.00253174,0
8.2,5.6,0,0.189154,0.0107934,0
8.2,5.7,0,0.192878,0.0239273,0
8.2,5.8,0,0.19937,0.0368055,0
8.2,5.9,0,0.208848,0.0492965,0
8.2,6,0,0.233073,0.0582419,0
8.2,6.1,0,0.250078,0.042686,0
8.2,6.2,0,0.25565,0.0429714,0
8.2,6.3,0,0.258398,0.0503125,0
8.2,6.4,0,0.257753,0.0433436,0
8.2,6.5,0,0.26123,0.0415032,0
8.2,6.6,0,0.265203,0.0421394,0
8.2,6.7,0,0.270386,0.0470538,0
8.2,6.8,0,0.27326,0.0417639,0
8.2,6.9,0,0.276773,0.0415804,0
8.2,7,0,0.280961,0.0469236,0
8.2,7.1,0,0.283693,0.0421601,0
8.2,7.2,0,0.286018,0.0415141,0
8.2,7.3,0,0.28821,0.042295,0
8.2,7.4,0,0.29015,0.0414073,0
8.2,7.5,0,0.291714,0.0400599,0
8.2,7.6,0,0.293216,0.0391283,0
8.2,7.7,0,0.294312,0.0392702,0
8.2,7.8,0,0.295421,0.0376892,0
8.2,7.9,0,0.296476,0.03672,0
8.2,8,0,0.29737,0.0362132,0
8.2,8.1,0,0.298062,0.035011,0
8.2,8.2,0,0.298814,0.0341109,0
8.2,8.3,0,0.299529,0.0332593,0
8.2,8.4,0,0.300015,0.0323866,0
8.2,8.5,0,0.300507,0.0315526,0
8.2,8.6,0,0.301027,0.030755,0
8.2,8.7,0,0.301434,0.0299329,0
8.2,8.8,0,0.301701,0.0292047,0
8.2,8.9,0,0.302044,0.0285185,0
8.2,9,0,0.302363,0.02778,0
8.2,9.1,0,0.3025,0.0271426,0
8.2,9.2,0,0.302713,0.026561,0
8.2,9.3,0,0.302917,0.0259588,0
8.2,9.4,0,0.303016,0.0253717,0
8.2,9.5,0,0.303107,0.0248768,0
8.2,9.6,0,0.303222,0.024386,0
8.2,9.7,0,0.303291,0.0238525,0
8.2,9.8,0,0.303287,0.0234354,0
8.2,9.9,0,0.303329,0.0230221,0
8.2,10,0,0.303354,0.0225769,0
8.2,10.1,0,0.303298,0.0222053,0
8.2,10.2,0,0.303285,0.021859,0
8.2,10.3,0,0.303265,0.0215034,0
8.2,10.4,0,0.303193,0.0211589,0
8.2,10.5,0,0.303121,0.0208725,0
8.2,10.6,0,0.303066,0.0205849,0
8.2,10.7,0,0.30298,0.0202737,0
8.2,10.8,0,0.302864,0.0200428,0
8.2,10.9,0,0.302776,0.0198075,0
8.2,11,0,0.302674,0.0195557,0
8.2,11.1,0,0.302532,0.019354,0
8.2,11.2,0,0.302419,0.0191659,0
8.2,11.3,0,0.302302,0.0189737,0
8.2,11.4,0,0.302152,0.01879,0
8.2,11.5,0,0.302008,0.0186485,0
8.2,11.6,0,0.301876,0.0185035,0
8.2,11.7,0,0.301723,0.0183428,0
8.2,11.8,0,0.301556,0.0182453,0
8.2,11.9,0,0.301411,0.0181397,0
8.2,12,0,0.301254,0.018024,0
8.2,12.1,0,0.301075,0.0179467,0
8.2,12.2,0,0.300927,0.0178776,0
8.2,12.3,0,0.30078,0.0178058,0
8.2,12.4,0,0.300621,0.0177382,0
8.2,12.5,0,0.300513,0.0177139,0
8.2,12.6,0,0.300442,0.0176875,0
8.2,12.7,0,0.300429,0.0176549,0
8.3,0,0,0.299949,-0.0269444,0
8.3,0.1,0,0.299928,-0.0270502,0
8.3,0.2,0,0.300082,-0.0270668,0
8.3,0.3,0,0.30028,-0.027163,0
8.3,0.4,0,0.300453,-0.0273238,0
8.3,0.5,0,0.300678,-0.0273705,0
8.3,0.6,0,0.300846,-0.0276358,0
8.3,0.7,0,0.301024,-0.0277804,0
8.3,0.8,0,0.301189,-0.0280032,0
8.3,0.9,0,0.301311,-0.0282925,0
8.3,1,0,0.301493,-0.0284702,0
8.3,1.1,0,0.301572,-0.0288839,0
8.3,1.2,0,0.301691,-0.0291658,0
8.3,1.3,0,0.301782,-0.0295402,0
8.3,1.4,0,0.30181,-0.0299867,0
8.3,1.5,0,0.301939,-0.0303125,0
8.3,1.6,0,0.301895,-0.0309059,0
8.3,1.7,0,0.301928,-0.0313511,0
8.3,1.8,0,0.301911,-0.0319025,0
8.3,1.9,0,0.3018,-0.0325327,0
8.3,2,0,0.301839,-0.0330502,0
8.3,2.1,0,0.30162,-0.033827,0
8.3,2.2,0,0.301508,-0.0344907,0
8.3,2.3,0,0.30133,-0.0352291,0
8.3,2.4,0,0.301017,-0.0360337,0
8.3,2.5,0,0.300866,-0.0368855,0
8.3,2.6,0,0.300446,-0.0376515,0
8.3,2.7,0,0.300053,-0.0386888,0
8.3,2.8,0,0.299637,-0.0395245,0
8.3,2.9,0,0.299071,-0.0402816,0
8.3,3,0,0.298441,-0.041997,0
8.3,3.1,0,0.297906,-0.0418633,0
8.3,3.2,0,0.296923,-0.043735,0
8.3,3.3,0,0.296086,-0.0443738,0
8.3,3.4,0,0.295209,-0.0442914,0
8.3,3.5,0,0.293427,-0.0484177,0
8.3,3.6,0,0.292546,-0.0449467,0
8.3,3.7,0,0.290446,-0.0488267,0
8.3,3.8,0,0.288083,-0.0486397,0
8.3,3.9,0,0.28579,-0.0457509,0
8.3,4,0,0.28307,-0.0562162,0
8.3,4.1,0,0.27761,-0.0442423,0
8.3,4.2,0,0.275446,-0.0530201,0
8.3,4.3,0,0.270017,-0.0524162,0
8.3,4.4,0,0.26298,-0.0443438,0
8.3,4.5,0,0.266003,-0.0689339,0
8.3,4.6,0,0.256512,-0.0467166,0
8.3,4.7,0,0.254048,-0.0638395,0
8.3,4.8,0,0.253442,-0.0669072,0
8.3,4.9,0,0.248598,-0.053627,0
8.3,5,0,0.225787,-0.0791438,0
8.3,5.1,0,0.199473,-0.065066,0
8.3,5.2,0,0.188902,-0.0499318,0
8.3,5.3,0,0.181353,-0.0343205,0
8.3,5.4,0,0.176795,-0.0186092,0
8.3,5.5,0,0.175133,-0.00279236,0
8.3,5.6,0,0.176319,0.0130409,0
8.3,5.7,0,0.180414,0.0288039,0
8.3,5.8,0,0.187579,0.0445948,0
8.3,5.9,0,0.198145,0.0604389,0
8.3,6,0,0.229544,0.0733638,0
8.3,6.1,0,0.250474,0.0523698,0
8.3,6.2,0,0.26256,0.0447364,0
8.3,6.3,0,0.260973,0.0629094,0
8.3,6.4,0,0.260328,0.0559405,0
8.3,6.5,0,0.260833,0.0387547,0
8.3,6.6,0,0.266786,0.0482622,0
8.3,6.7,0,0.271969,0.0531767,0
8.3,6.8,0,0.274045,0.0415037,0
8.3,6.9,0,0.277713,0.0426429,0
8.3,7,0,0.282197,0.0504178,0
8.3,7.1,0,0.285011,0.0444011,0
8.3,7.2,0,0.287518,0.0408379,0
8.3,7.3,0,0.289459,0.0443344,0
8.3,7.4,0,0.291399,0.0434467,0
8.3,7.5,0,0.293289,0.0399562,0
8.3,7.6,0,0.294472,0.0404064,0
8.3,7.7,0,0.295566,0.0405587,0
8.3,7.8,0,0.296731,0.0383522,0
8.3,7.9,0,0.297715,0.0373665,0
8.3,8,0,0.29852,0.0371149,0
8.3,8.1,0,0.299198,0.035836,0
8.3,8.2,0,0.299894,0.0346519,0
8.3,8.3,0,0.300519,0.0339166,0
8.3,8.4,0,0.301005,0.0330439,0
8.3,8.5,0,0.301387,0.0320703,0
8.3,8.6,0,0.301862,0.0312437,0
8.3,8.7,0,0.302265,0.0304193,0
8.3,8.8,0,0.302467,0.029656,0
8.3,8.9,0,0.302756,0.0289177,0
8.3,9,0,0.303058,0.0281435,0
8.3,9.1,0,0.303183,0.0275023,0
8.3,9.2,0,0.303319,0.0268977,0
8.3,9.3,0,0.303498,0.0262323,0
8.3,9.4,0,0.303598,0.0256452,0
8.3,9.5,0,0.303618,0.0251375,0
8.3,9.6,0,0.303713,0.0246009,0
8.3,9.7,0,0.303778,0.0240598,0
8.3,9.8,0,0.303743,0.02364,0
8.3,9.9,0,0.30375,0.0232075,0
8.3,10,0,0.30376,0.0227354,0
8.3,10.1,0,0.303701,0.0223639,0
8.3,10.2,0,0.303644,0.0220175,0
8.3,10.3,0,0.303602,0.021626,0
8.3,10.4,0,0.30353,0.0212816,0
8.3,10.5,0,0.303422,0.0209981,0
8.3,10.6,0,0.303347,0.0206873,0
8.3,10.7,0,0.303257,0.0203698,0
8.3,10.8,0,0.303125,0.0201414,0
8.3,10.9,0,0.303013,0.0199008,0
8.3,11,0,0.302897,0.0196323,0
8.3,11.1,0,0.302755,0.0194306,0
8.3,11.2,0,0.302614,0.019249,0
8.3,11.3,0,0.302477,0.0190358,0
8.3,11.4,0,0.302327,0.0188521,0
8.3,11.5,0,0.302162,0.0187172,0
8.3,11.6,0,0.302013,0.0185599,0
8.3,11.7,0,0.301854,0.0183942,0
8.3,11.8,0,0.301678,0.0183002,0
8.3,11.9,0,0.301515,0.0181954,0
8.3,12,0,0.301345,0.018067,0
8.3,12.1,0,0.301166,0.0179897,0
8.3,12.2,0,0.300991,0.0179312,0
8.3,12.3,0,0.300837,0.0178424,0
8.3,12.4,0,0.300678,0.0177749,0
8.3,12.5,0,0.300511,0.0177536,0
8.3,12.6,0,0.300464,0.0177238,0
8.3,12.7,0,0.30047,0.0176891,0
8.4,0,0,0.30002,-0.0270069,0
8.4,0.1,0,0.300023,-0.0271039,0
8.4,0.2,0,0.300178,-0.0271354,0
8.4,0.3,0,0.300376,-0.0272317,0
8.4,0.4,0,0.300602,-0.0273918,0
8.4,0.5,0,0.300832,-0.0274539,0
8.4,0.6,0,0.301012,-0.0277091,0
8.4,0.7,0,0.301245,-0.0278829,0
8.4,0.8,0,0.30141,-0.0281056,0
8.4,0.9,0,0.301599,-0.0284025,0
8.4,1,0,0.301787,-0.0285969,0
8.4,1.1,0,0.301884,-0.0290016,0
8.4,1.2,0,0.302063,-0.0293242,0
8.4,1.3,0,0.302154,-0.0296986,0
8.4,1.4,0,0.302263,-0.0301653,0
8.4,1.5,0,0.302396,-0.0305118,0
8.4,1.6,0,0.302378,-0.031098,0
8.4,1.7,0,0.30248,-0.0316026,0
8.4,1.8,0,0.302463,-0.032154,0
8.4,1.9,0,0.302456,-0.0328256,0
8.4,2,0,0.302498,-0.0333674,0
8.4,2.1,0,0.302312,-0.0341462,0
8.4,2.2,0,0.302287,-0.03489,0
8.4,2.3,0,0.302108,-0.0356284,0
8.4,2.4,0,0.301924,-0.0365233,0
8.4,2.5,0,0.301779,-0.0373884,0
8.4,2.6,0,0.301388,-0.0382084,0
8.4,2.7,0,0.301112,-0.039326,0
8.4,2.8,0,0.300696,-0.0401617,0
8.4,2.9,0,0.30024,-0.0411759,0
8.4,3,0,0.299642,-0.0428174,0
8.4,3.1,0,0.299074,-0.0429535,0
8.4,3.2,0,0.298224,-0.0448193,0
8.4,3.3,0,0.297387,-0.0454581,0
8.4,3.4,0,0.296407,-0.0461759,0
8.4,3.5,0,0.294725,-0.0499065,0
8.4,3.6,0,0.293686,-0.0473728,0
8.4,3.7,0,0.291613,-0.0509933,0
8.4,3.8,0,0.28925,-0.0508063,0
8.4,3.9,0,0.286847,-0.0504123,0
8.4,4,0,0.28416,-0.0596125,0
8.4,4.1,0,0.279153,-0.0503389,0
8.4,4.2,0,0.277028,-0.0586357,0
8.4,4.3,0,0.2716,-0.0580317,0
8.4,4.4,0,0.266749,-0.0568374,0
8.4,4.5,0,0.268886,-0.0785008,0
8.4,4.6,0,0.260192,-0.0616683,0
8.4,4.7,0,0.257021,-0.0791084,0
8.4,4.8,0,0.256415,-0.0821762,0
8.4,4.9,0,0.243992,-0.0737271,0
8.4,5,0,0.22197,-0.0950456,0
8.4,5.1,0,0.189067,-0.076787,0
8.4,5.2,0,0.17738,-0.0583756,0
8.4,5.3,0,0.169074,-0.039786,0
8.4,5.4,0,0.164054,-0.0213945,0
8.4,5.5,0,0.162209,-0.00305297,0
8.4,5.6,0,0.163485,0.0152885,0
8.4,5.7,0,0.167949,0.0336805,0
8.4,5.8,0,0.175789,0.0523841,0
8.4,5.9,0,0.187443,0.0715814,0
8.4,6,0,0.226014,0.0884856,0
8.4,6.1,0,0.246945,0.0674917,0
8.4,6.2,0,0.261552,0.0622985,0
8.4,6.3,0,0.263549,0.0755063,0
8.4,6.4,0,0.262903,0.0685374,0
8.4,6.5,0,0.264183,0.0543862,0
8.4,6.6,0,0.268369,0.0543851,0
8.4,6.7,0,0.273551,0.0592995,0
8.4,6.8,0,0.275806,0.0490856,0
8.4,6.9,0,0.278949,0.0461371,0
8.4,7,0,0.283434,0.053912,0
8.4,7.1,0,0.286248,0.0478953,0
8.4,7.2,0,0.288654,0.0446047,0
8.4,7.3,0,0.290708,0.0463738,0
8.4,7.4,0,0.292648,0.0454861,0
8.4,7.5,0,0.294378,0.0425796,0
8.4,7.6,0,0.295726,0.0416949,0
8.4,7.7,0,0.29682,0.0418472,0
8.4,7.8,0,0.297951,0.0397364,0
8.4,7.9,0,0.298865,0.0382681,0
8.4,8,0,0.29967,0.0380166,0
8.4,8.1,0,0.300349,0.0367377,0
8.4,8.2,0,0.300913,0.0354735,0
8.4,8.3,0,0.301509,0.0345738,0
8.4,8.4,0,0.301995,0.0337011,0
8.4,8.5,0,0.302339,0.0326978,0
8.4,8.6,0,0.302693,0.0317301,0
8.4,8.7,0,0.303096,0.0309057,0
8.4,8.8,0,0.303295,0.0301351,0
8.4,8.9,0,0.303455,0.0292838,0
8.4,9,0,0.303753,0.028507,0
8.4,9.1,0,0.303878,0.0278659,0
8.4,9.2,0,0.303947,0.027186,0
8.4,9.3,0,0.30408,0.0265058,0
8.4,9.4,0,0.304179,0.0259187,0
8.4,9.5,0,0.304187,0.0253833,0
8.4,9.6,0,0.3042,0.0248082,0
8.4,9.7,0,0.304265,0.0242671,0
8.4,9.8,0,0.304229,0.0238453,0
8.4,9.9,0,0.304163,0.0233666,0
8.4,10,0,0.304167,0.022894,0
8.4,10.1,0,0.304108,0.0225224,0
8.4,10.2,0,0.304011,0.0221432,0
8.4,10.3,0,0.30394,0.0217487,0
8.4,10.4,0,0.303867,0.0214042,0
8.4,10.5,0,0.30375,0.0211075,0
8.4,10.6,0,0.303624,0.0207835,0
8.4,10.7,0,0.303534,0.020466,0
8.4,10.8,0,0.303402,0.0202376,0
8.4,10.9,0,0.303242,0.0199765,0
8.4,11,0,0.303121,0.0197088,0
8.4,11.1,0,0.302979,0.0195072,0
8.4,11.2,0,0.302811,0.01931,0
8.4,11.3,0,0.302653,0.0190979,0
8.4,11.4,0,0.302503,0.0189141,0
8.4,11.5,0,0.30233,0.0187723,0
8.4,11.6,0,0.302144,0.0186113,0
8.4,11.7,0,0.301986,0.0184456,0
8.4,11.8,0,0.30181,0.0183516,0
8.4,11.9,0,0.301611,0.0182363,0
8.4,12,0,0.301436,0.01811,0
8.4,12.1,0,0.301257,0.0180327,0
8.4,12.2,0,0.301068,0.0179639,0
8.4,12.3,0,0.300893,0.0178791,0
8.4,12.4,0,0.300734,0.0178115,0
8.4,12.5,0,0.300585,0.0177883,0
8.4,12.6,0,0.300506,0.0177579,0
8.4,12.7,0,0.300512,0.0177232,0
8.5,0,0,0.300091,-0.0270695,0
8.5,0.1,0,0.300174,-0.027137,0
8.5,0.2,0,0.300297,-0.0271899,0
8.5,0.3,0,0.30049,-0.0272858,0
8.5,0.4,0,0.300741,-0.0274243,0
8.5,0.5,0,0.300985,-0.0275372,0
8.5,0.6,0,0.30121,-0.0277591,0
8.5,0.7,0,0.301456,-0.0279644,0
8.5,0.8,0,0.301652,-0.0281955,0
8.5,0.9,0,0.301871,-0.0284735,0
8.5,1,0,0.302081,-0.0287236,0
8.5,1.1,0,0.302239,-0.0290982,0
8.5,1.2,0,0.302428,-0.0294578,0
8.5,1.3,0,0.302555,-0.0298457,0
8.5,1.4,0,0.302708,-0.0302956,0
8.5,1.5,0,0.302854,-0.0307111,0
8.5,1.6,0,0.30292,-0.0312733,0
8.5,1.7,0,0.303028,-0.0318235,0
8.5,1.8,0,0.303055,-0.0323994,0
8.5,1.9,0,0.303107,-0.0330621,0
8.5,2,0,0.303156,-0.0336845,0
8.5,2.1,0,0.303081,-0.0344701,0
8.5,2.2,0,0.303062,-0.0352592,0
8.5,2.3,0,0.302933,-0.0360516,0
8.5,2.4,0,0.302818,-0.0369823,0
8.5,2.5,0,0.302693,-0.0378912,0
8.5,2.6,0,0.302398,-0.0388913,0
8.5,2.7,0,0.302152,-0.0399815,0
8.5,2.8,0,0.301769,-0.0409706,0
8.5,2.9,0,0.301332,-0.0422427,0
8.5,3,0,0.300842,-0.0436378,0
8.5,3.1,0,0.300169,-0.044673,0
8.5,3.2,0,0.299442,-0.0461578,0
8.5,3.3,0,0.298553,-0.0472319,0
8.5,3.4,0,0.297372,-0.0489838,0
8.5,3.5,0,0.296023,-0.0513953,0
8.5,3.6,0,0.294455,-0.0519859,0
8.5,3.7,0,0.292621,-0.0541386,0
8.5,3.8,0,0.290341,-0.0551518,0
8.5,3.9,0,0.287824,-0.0580259,0
8.5,4,0,0.28525,-0.0630088,0
8.5,4.1,0,0.281756,-0.0627361,0
8.5,4.2,0,0.279019,-0.0669639,0
8.5,4.3,0,0.274884,-0.06913,0
8.5,4.4,0,0.272588,-0.0761599,0
8.5,4.5,0,0.271768,-0.0880676,0
8.5,4.6,0,0.26573,-0.0891846,0
8.5,4.7,0,0.26102,-0.0992763,0
8.5,4.8,0,0.25562,-0.103296,0
8.5,4.9,0,0.237544,-0.103623,0
8.5,5,0,0.218154,-0.110947,0
8.5,5.1,0,0.178662,-0.088508,0
8.5,5.2,0,0.165858,-0.0668194,0
8.5,5.3,0,0.156795,-0.0452515,0
8.5,5.4,0,0.151313,-0.0241797,0
8.5,5.5,0,0.149285,-0.00331359,0
8.5,5.6,0,0.150651,0.017536,0
8.5,5.7,0,0.155485,0.038557,0
8.5,5.8,0,0.163999,0.0601734,0
8.5,5.9,0,0.176741,0.0827238,0
8.5,6,0,0.222485,0.103607,0
8.5,6.1,0,0.238921,0.093843,0
8.5,6.2,0,0.252693,0.0907366,0
8.5,6.3,0,0.266124,0.0881032,0
8.5,6.4,0,0.266217,0.0844445,0
8.5,6.5,0,0.268739,0.0758545,0
8.5,6.6,0,0.27126,0.0672645,0
8.5,6.7,0,0.275134,0.0654224,0
8.5,6.8,0,0.278112,0.0611331,0
8.5,6.9,0,0.281159,0.0574186,0
8.5,7,0,0.28467,0.0574062,0
8.5,7.1,0,0.287262,0.0537829,0
8.5,7.2,0,0.289604,0.0511827,0
8.5,7.3,0,0.291946,0.0485825,0
8.5,7.4,0,0.293799,0.0479515,0
8.5,7.5,0,0.295307,0.0460112,0
8.5,7.6,0,0.296815,0.044071,0
8.5,7.7,0,0.298074,0.0431357,0
8.5,7.8,0,0.29902,0.0415592,0
8.5,7.9,0,0.299935,0.0400703,0
8.5,8,0,0.30082,0.0389183,0
8.5,8.1,0,0.301432,0.0377263,0
8.5,8.2,0,0.301969,0.0364978,0
8.5,8.3,0,0.302506,0.0352694,0
8.5,8.4,0,0.302973,0.0343508,0
8.5,8.5,0,0.30328,0.0333237,0
8.5,8.6,0,0.303587,0.0322966,0
8.5,8.7,0,0.303927,0.0313921,0
8.5,8.8,0,0.304095,0.030556,0
8.5,8.9,0,0.304256,0.0297047,0
8.5,9,0,0.304448,0.0288706,0
8.5,9.1,0,0.304557,0.0281889,0
8.5,9.2,0,0.304617,0.0274864,0
8.5,9.3,0,0.304677,0.026784,0
8.5,9.4,0,0.304757,0.0261831,0
8.5,9.5,0,0.304745,0.0256034,0
8.5,9.6,0,0.304732,0.0250237,0
8.5,9.7,0,0.304752,0.0244743,0
8.5,9.8,0,0.304693,0.0240087,0
8.5,9.9,0,0.304627,0.0235301,0
8.5,10,0,0.304573,0.0230525,0
8.5,10.1,0,0.304501,0.0226604,0
8.5,10.2,0,0.304395,0.0222659,0
8.5,10.3,0,0.304288,0.0218714,0
8.5,10.4,0,0.304202,0.0215238,0
8.5,10.5,0,0.304065,0.0212006,0
8.5,10.6,0,0.303929,0.0208774,0
8.5,10.7,0,0.303811,0.0205622,0
8.5,10.8,0,0.303659,0.0203096,0
8.5,10.9,0,0.303499,0.0200479,0
8.5,11,0,0.303344,0.0197854,0
8.5,11.1,0,0.303192,0.0195731,0
8.5,11.2,0,0.303014,0.0193655,0
8.5,11.3,0,0.302837,0.019158,0
8.5,11.4,0,0.302677,0.0189755,0
8.5,11.5,0,0.302486,0.0188162,0
8.5,11.6,0,0.302295,0.0186568,0
8.5,11.7,0,0.302117,0.0184969,0
8.5,11.8,0,0.301925,0.0183875,0
8.5,11.9,0,0.301725,0.0182707,0
8.5,12,0,0.301527,0.018153,0
8.5,12.1,0,0.301345,0.0180682,0
8.5,12.2,0,0.301152,0.01799,0
8.5,12.3,0,0.30096,0.0179118,0
8.5,12.4,0,0.300791,0.0178482,0
8.5,12.5,0,0.300699,0.0178187,0
8.5,12.6,0,0.300608,0.0177889,0
8.5,12.7,0,0.300553,0.0177573,0
8.6,0,0,0.300165,-0.0270796,0
8.6,0.1,0,0.300257,-0.0271408,0
8.6,0.2,0,0.300379,-0.0271936,0
8.6,0.3,0,0.300625,-0.0273,0
8.6,0.4,0,0.300876,-0.0274385,0
8.6,0.5,0,0.301135,-0.0275654,0
8.6,0.6,0,0.301414,-0.0277902,0
8.6,0.7,0,0.30166,-0.0279955,0
8.6,0.8,0,0.301932,-0.028245,0
8.6,0.9,0,0.302152,-0.028523,0
8.6,1,0,0.302366,-0.0287844,0
8.6,1.1,0,0.302603,-0.029171,0
8.6,1.2,0,0.302792,-0.0295306,0
8.6,1.3,0,0.30301,-0.0299498,0
8.6,1.4,0,0.303163,-0.0303997,0
8.6,1.5,0,0.303301,-0.0308265,0
8.6,1.6,0,0.303476,-0.0314192,0
8.6,1.7,0,0.303584,-0.0319694,0
8.6,1.8,0,0.303723,-0.0326028,0
8.6,1.9,0,0.303775,-0.0332655,0
8.6,2,0,0.303805,-0.0338936,0
8.6,2.1,0,0.303873,-0.034757,0
8.6,2.2,0,0.303854,-0.035546,0
8.6,2.3,0,0.303856,-0.036469,0
8.6,2.4,0,0.303741,-0.0373997,0
8.6,2.5,0,0.303605,-0.0382738,0
8.6,2.6,0,0.303451,-0.0395273,0
8.6,2.7,0,0.303204,-0.0406174,0
8.6,2.8,0,0.302925,-0.0419833,0
8.6,2.9,0,0.302488,-0.0432553,0
8.6,3,0,0.302085,-0.0443988,0
8.6,3.1,0,0.301361,-0.0463284,0
8.6,3.2,0,0.300635,-0.0478132,0
8.6,3.3,0,0.299672,-0.0499555,0
8.6,3.4,0,0.29849,-0.0517074,0
8.6,3.5,0,0.297649,-0.0530685,0
8.6,3.6,0,0.295431,-0.0564607,0
8.6,3.7,0,0.293598,-0.0586134,0
8.6,3.8,0,0.29149,-0.0625029,0
8.6,3.9,0,0.288973,-0.065377,0
8.6,4,0,0.28791,-0.0670512,0
8.6,4.1,0,0.28431,-0.0746438,0
8.6,4.2,0,0.281572,-0.0788716,0
8.6,4.3,0,0.280528,-0.0873854,0
8.6,4.4,0,0.278231,-0.0944152,0
8.6,4.5,0,0.276954,-0.0969349,0
8.6,4.6,0,0.272805,-0.116067,0
8.6,4.7,0,0.268095,-0.126159,0
8.6,4.8,0,0.255063,-0.139251,0
8.6,4.9,0,0.236987,-0.139578,0
8.6,5,0,0.192218,-0.105687,0
8.6,5.1,0,0.154186,-0.0838831,0
8.6,5.2,0,0.142308,-0.0631478,0
8.6,5.3,0,0.133916,-0.0426527,0
8.6,5.4,0,0.128838,-0.0227309,0
8.6,5.5,0,0.126954,-0.00306124,0
8.6,5.6,0,0.128208,0.0165864,0
8.6,5.7,0,0.132669,0.0364403,0
8.6,5.8,0,0.140537,0.0569494,0
8.6,5.9,0,0.152347,0.0784845,0
8.6,6,0,0.196196,0.0988164,0
8.6,6.1,0,0.239,0.129433,0
8.6,6.2,0,0.252772,0.126327,0
8.6,6.3,0,0.266387,0.122197,0
8.6,6.4,0,0.270211,0.102843,0
8.6,6.5,0,0.272732,0.0942533,0
8.6,6.6,0,0.275253,0.0856634,0
8.6,6.7,0,0.277817,0.0758559,0
8.6,6.8,0,0.280588,0.0726205,0
8.6,6.9,0,0.283635,0.068906,0
8.6,7,0,0.287201,0.0623607,0
8.6,7.1,0,0.288567,0.0600914,0
8.6,7.2,0,0.290909,0.0574912,0
8.6,7.3,0,0.293252,0.054891,0
8.6,7.4,0,0.294993,0.0511613,0
8.6,7.5,0,0.296501,0.0492211,0
8.6,7.6,0,0.298009,0.0472808,0
8.6,7.7,0,0.299383,0.0447122,0
8.6,7.8,0,0.300263,0.0432677,0
8.6,7.9,0,0.301179,0.0417788,0
8.6,8,0,0.302041,0.0399761,0
8.6,8.1,0,0.302593,0.038671,0
8.6,8.2,0,0.30313,0.0374426,0
8.6,8.3,0,0.303667,0.0362141,0
8.6,8.4,0,0.303979,0.0349064,0
8.6,8.5,0,0.304286,0.0338793,0
8.6,8.6,0,0.304592,0.0328522,0
8.6,8.7,0,0.304765,0.031756,0
8.6,8.8,0,0.304939,0.0309163,0
8.6,8.9,0,0.305099,0.030065,0
8.6,9,0,0.305198,0.0291722,0
8.6,9.1,0,0.305258,0.0284391,0
8.6,9.2,0,0.305318,0.0277367,0
8.6,9.3,0,0.305378,0.0270342,0
8.6,9.4,0,0.305338,0.026362,0
8.6,9.5,0,0.305326,0.0257823,0
8.6,9.6,0,0.305313,0.0252026,0
8.6,9.7,0,0.305227,0.0246098,0
8.6,9.8,0,0.305173,0.0241381,0
8.6,9.9,0,0.305107,0.0236595,0
8.6,10,0,0.305012,0.0231697,0
8.6,10.1,0,0.304898,0.0227545,0
8.6,10.2,0,0.304792,0.02236,0
8.6,10.3,0,0.304685,0.0219656,0
8.6,10.4,0,0.304528,0.0215925,0
8.6,10.5,0,0.304391,0.0212693,0
8.6,10.6,0,0.304254,0.0209461,0
8.6,10.7,0,0.304075,0.0206175,0
8.6,10.8,0,0.303923,0.0203597,0
8.6,10.9,0,0.303763,0.020098,0
8.6,11,0,0.303591,0.0198331,0
8.6,11.1,0,0.303402,0.0196096,0
8.6,11.2,0,0.303224,0.0194021,0
8.6,11.3,0,0.303046,0.0191945,0
8.6,11.4,0,0.302838,0.0190025,0
8.6,11.5,0,0.302647,0.0188431,0
8.6,11.6,0,0.302456,0.0186837,0
8.6,11.7,0,0.30224,0.018521,0
8.6,11.8,0,0.30204,0.0184071,0
8.6,11.9,0,0.30184,0.0182903,0
8.6,12,0,0.301637,0.0181725,0
8.6,12.1,0,0.301421,0.0180803,0
8.6,12.2,0,0.301228,0.0180021,0
8.6,12.3,0,0.301036,0.0179239,0
8.6,12.4,0,0.300837,0.0178568,0
8.6,12.5,0,0.300744,0.0178269,0
8.6,12.6,0,0.300654,0.0177972,0
8.6,12.7,0,0.300595,0.0177683,0
8.7,0,0,0.300242,-0.0270374,0
8.7,0.1,0,0.300271,-0.0271152,0
8.7,0.2,0,0.300443,-0.0271613,0
8.7,0.3,0,0.300736,-0.0272764,0
8.7,0.4,0,0.301008,-0.0274345,0
8.7,0.5,0,0.301281,-0.0275385,0
8.7,0.6,0,0.301624,-0.0278024,0
8.7,0.7,0,0.301869,-0.0279901,0
8.7,0.8,0,0.302173,-0.0282459,0
8.7,0.9,0,0.302441,-0.0285509,0
8.7,1,0,0.302643,-0.0287793,0
8.7,1.1,0,0.302977,-0.02922,0
8.7,1.2,0,0.303153,-0.0295566,0
8.7,1.3,0,0.303407,-0.0299872,0
8.7,1.4,0,0.303629,-0.0304774,0
8.7,1.5,0,0.303737,-0.0308582,0
8.7,1.6,0,0.304046,-0.0315357,0
8.7,1.7,0,0.304131,-0.0320522,0
8.7,1.8,0,0.304316,-0.0327071,0
8.7,1.9,0,0.304461,-0.0334358,0
8.7,2,0,0.304445,-0.0339947,0
8.7,2.1,0,0.304688,-0.0350067,0
8.7,2.2,0,0.304639,-0.0357437,0
8.7,2.3,0,0.304697,-0.0367171,0
8.7,2.4,0,0.304696,-0.0377755,0
8.7,2.5,0,0.304515,-0.0385362,0
8.7,2.6,0,0.304546,-0.0401163,0
8.7,2.7,0,0.30429,-0.0411095,0
8.7,2.8,0,0.30406,-0.0426232,0
8.7,2.9,0,0.303707,-0.0442139,0
8.7,3,0,0.303369,-0.0451002,0
8.7,3.1,0,0.302652,-0.0479197,0
8.7,3.2,0,0.30208,-0.049138,0
8.7,3.3,0,0.30111,-0.0516996,0
8.7,3.4,0,0.299763,-0.0543467,0
8.7,3.5,0,0.299601,-0.0549259,0
8.7,3.6,0,0.296617,-0.0607972,0
8.7,3.7,0,0.295703,-0.0621348,0
8.7,3.8,0,0.293649,-0.0671251,0
8.7,3.9,0,0.290293,-0.0724656,0
8.7,4,0,0.292139,-0.0717399,0
8.7,4.1,0,0.286813,-0.086062,0
8.7,4.2,0,0.28646,-0.0875418,0
8.7,4.3,0,0.286593,-0.0983635,0
8.7,4.4,0,0.283679,-0.111603,0
8.7,4.5,0,0.284442,-0.105103,0
8.7,4.6,0,0.281415,-0.142316,0
8.7,4.7,0,0.273148,-0.141332,0
8.7,4.8,0,0.258805,-0.16073,0
8.7,4.9,0,0.242319,-0.181591,0
8.7,5,0,0.144163,-0.0792656,0
8.7,5.1,0,0.115639,-0.0629123,0
8.7,5.2,0,0.106731,-0.0473609,0
8.7,5.3,0,0.100437,-0.0319895,0
8.7,5.4,0,0.0966283,-0.0170482,0
8.7,5.5,0,0.0952155,-0.00229593,0
8.7,5.6,0,0.096156,0.0124398,0
8.7,5.7,0,0.0995018,0.0273302,0
8.7,5.8,0,0.105403,0.042712,0
8.7,5.9,0,0.11426,0.0588634,0
8.7,6,0,0.147147,0.0741123,0
8.7,6.1,0,0.238916,0.161605,0
8.7,6.2,0,0.261788,0.169068,0
8.7,6.3,0,0.27016,0.130664,0
8.7,6.4,0,0.273856,0.113871,0
8.7,6.5,0,0.276163,0.109583,0
8.7,6.6,0,0.279843,0.0957651,0
8.7,6.7,0,0.283318,0.0818452,0
8.7,6.8,0,0.283234,0.0835478,0
8.7,6.9,0,0.286389,0.0792476,0
8.7,7,0,0.291042,0.066748,0
8.7,7.1,0,0.290716,0.0657606,0
8.7,7.2,0,0.29257,0.0635302,0
8.7,7.3,0,0.295541,0.0574418,0
8.7,7.4,0,0.297046,0.0537521,0
8.7,7.5,0,0.297962,0.0522092,0
8.7,7.6,0,0.299555,0.0494495,0
8.7,7.7,0,0.301017,0.0460367,0
8.7,7.8,0,0.301682,0.0448619,0
8.7,7.9,0,0.302594,0.0433538,0
8.7,8,0,0.303316,0.0407117,0
8.7,8.1,0,0.303864,0.0394985,0
8.7,8.2,0,0.304399,0.0383078,0
8.7,8.3,0,0.304717,0.0366776,0
8.7,8.4,0,0.305014,0.0353394,0
8.7,8.5,0,0.305357,0.0343645,0
8.7,8.6,0,0.305562,0.0332374,0
8.7,8.7,0,0.305597,0.0320061,0
8.7,8.8,0,0.305826,0.031216,0
8.7,8.9,0,0.305987,0.0303648,0
8.7,9,0,0.305877,0.0293327,0
8.7,9.1,0,0.305971,0.028625,0
8.7,9.2,0,0.30605,0.0279367,0
8.7,9.3,0,0.305965,0.0271571,0
8.7,9.4,0,0.305902,0.0264742,0
8.7,9.5,0,0.305929,0.02592,0
8.7,9.6,0,0.305864,0.0253167,0
8.7,9.7,0,0.305684,0.0246815,0
8.7,9.8,0,0.305671,0.0242335,0
8.7,9.9,0,0.305605,0.0237548,0
8.7,10,0,0.305387,0.0232172,0
8.7,10.1,0,0.305293,0.0228124,0
8.7,10.2,0,0.305201,0.0224256,0
8.7,10.3,0,0.305016,0.0220044,0
8.7,10.4,0,0.304837,0.0216243,0
8.7,10.5,0,0.304726,0.0213135,0
8.7,10.6,0,0.304564,0.0209827,0
8.7,10.7,0,0.304324,0.0206356,0
8.7,10.8,0,0.304194,0.0203882,0
8.7,10.9,0,0.304034,0.0201267,0
8.7,11,0,0.303791,0.0198424,0
8.7,11.1,0,0.303609,0.0196232,0
8.7,11.2,0,0.303439,0.0194197,0
8.7,11.3,0,0.30322,0.0192019,0
8.7,11.4,0,0.302994,0.0190055,0
8.7,11.5,0,0.302812,0.0188531,0
8.7,11.6,0,0.30261,0.0186911,0
8.7,11.7,0,0.302356,0.018519,0
8.7,11.8,0,0.302158,0.0184114,0
8.7,11.9,0,0.301958,0.0182951,0
8.7,12,0,0.301717,0.0181668,0
8.7,12.1,0,0.301495,0.0180763,0
8.7,12.2,0,0.301296,0.0180002,0
8.7,12.3,0,0.301094,0.0179171,0
8.7,12.4,0,0.300889,0.017847,0
8.7,12.5,0,0.300723,0.0178131,0
8.7,12.6,0,0.300642,0.0177836,0
8.7,12.7,0,0.300636,0.0177561,0
8.8,0,0,0.300318,-0.0269951,0
8.8,0.1,0,0.300329,-0.0270779,0
8.8,0.2,0,0.30054,-0.0271245,0
8.8,0.3,0,0.300832,-0.0272395,0
8.8,0.4,0,0.30115,-0.0274144,0
8.8,0.5,0,0.301427,-0.0275116,0
8.8,0.6,0,0.30179,-0.0277872,0
8.8,0.7,0,0.302077,-0.0279729,0
8.8,0.8,0,0.302381,-0.0282287,0
8.8,0.9,0,0.302722,-0.0285557,0
8.8,1,0,0.302919,-0.0287742,0
8.8,1.1,0,0.303282,-0.0292311,0
8.8,1.2,0,0.303505,-0.0295673,0
8.8,1.3,0,0.303759,-0.0299979,0
8.8,1.4,0,0.304074,-0.0305228,0
8.8,1.5,0,0.304173,-0.0308898,0
8.8,1.6,0,0.304522,-0.0315928,0
8.8,1.7,0,0.304662,-0.0321124,0
8.8,1.8,0,0.304847,-0.0327673,0
8.8,1.9,0,0.305115,-0.0335577,0
8.8,2,0,0.305085,-0.0340957,0
8.8,2.1,0,0.30538,-0.0351523,0
8.8,2.2,0,0.305404,-0.0359067,0
8.8,2.3,0,0.305462,-0.0368801,0
8.8,2.4,0,0.305619,-0.038072,0
8.8,2.5,0,0.305425,-0.0387987,0
8.8,2.6,0,0.305512,-0.0404767,0
8.8,2.7,0,0.30537,-0.041537,0
8.8,2.8,0,0.30514,-0.0430507,0
8.8,2.9,0,0.304971,-0.0449925,0
8.8,3,0,0.304653,-0.0458017,0
8.8,3.1,0,0.303939,-0.0488882,0
8.8,3.2,0,0.303628,-0.0502852,0
8.8,3.3,0,0.302658,-0.0528468,0
8.8,3.4,0,0.301512,-0.0564387,0
8.8,3.5,0,0.301554,-0.0567833,0
8.8,3.6,0,0.298339,-0.0633983,0
8.8,3.7,0,0.298421,-0.0651128,0
8.8,3.8,0,0.296367,-0.0701032,0
8.8,3.9,0,0.29365,-0.0778743,0
8.8,4,0,0.296368,-0.0764286,0
8.8,4.1,0,0.290525,-0.0927695,0
8.8,4.2,0,0.292937,-0.09438,0
8.8,4.3,0,0.29307,-0.105202,0
8.8,4.4,0,0.290555,-0.122477,0
8.8,4.5,0,0.291931,-0.11327,0
8.8,4.6,0,0.28924,-0.155908,0
8.8,4.7,0,0.27583,-0.149122,0
8.8,4.8,0,0.261487,-0.168519,0
8.8,4.9,0,0.21028,-0.1757,0
8.8,5,0,0.0961089,-0.0528437,0
8.8,5.1,0,0.0770929,-0.0419415,0
8.8,5.2,0,0.071154,-0.0315739,0
8.8,5.3,0,0.0669578,-0.0213264,0
8.8,5.4,0,0.0644189,-0.0113655,0
8.8,5.5,0,0.063477,-0.00153062,0
8.8,5.6,0,0.064104,0.00829322,0
8.8,5.7,0,0.0663346,0.0182201,0
8.8,5.8,0,0.0702683,0.0284747,0
8.8,5.9,0,0.0761733,0.0392423,0
8.8,6,0,0.0980979,0.0494082,0
8.8,6.1,0,0.189867,0.136901,0
8.8,6.2,0,0.267204,0.188278,0
8.8,6.3,0,0.273933,0.139132,0
8.8,6.4,0,0.277629,0.122338,0
8.8,6.5,0,0.28014,0.120945,0
8.8,6.6,0,0.285344,0.101754,0
8.8,6.7,0,0.288819,0.0878345,0
8.8,6.8,0,0.288032,0.0907532,0
8.8,6.9,0,0.290231,0.0836349,0
8.8,7,0,0.294884,0.0711353,0
8.8,7.1,0,0.294558,0.0701479,0
8.8,7.2,0,0.294635,0.0673248,0
8.8,7.3,0,0.297855,0.0598573,0
8.8,7.4,0,0.29936,0.0561676,0
8.8,7.5,0,0.299747,0.0547481,0
8.8,7.6,0,0.301189,0.050774,0
8.8,7.7,0,0.302651,0.0473612,0
8.8,7.8,0,0.303277,0.0462347,0
8.8,7.9,0,0.303869,0.0440895,0
8.8,8,0,0.304591,0.0414473,0
8.8,8.1,0,0.305138,0.0402342,0
8.8,8.2,0,0.305532,0.0389252,0
8.8,8.3,0,0.305741,0.0370941,0
8.8,8.4,0,0.306039,0.0357559,0
8.8,8.5,0,0.306388,0.0348017,0
8.8,8.6,0,0.306394,0.0334874,0
8.8,8.7,0,0.306429,0.0322561,0
8.8,8.8,0,0.306664,0.0314716,0
8.8,8.9,0,0.306675,0.0305315,0
8.8,9,0,0.306556,0.0294933,0
8.8,9.1,0,0.30665,0.0287855,0
8.8,9.2,0,0.306696,0.0280909,0
8.8,9.3,0,0.306521,0.0272641,0
8.8,9.4,0,0.306458,0.0265812,0
8.8,9.5,0,0.306508,0.0260419,0
8.8,9.6,0,0.30632,0.0253885,0
8.8,9.7,0,0.30614,0.0247533,0
8.8,9.8,0,0.30613,0.0243063,0
8.8,9.9,0,0.305993,0.0238077,0
8.8,10,0,0.305762,0.0232648,0
8.8,10.1,0,0.305668,0.0228599,0
8.8,10.2,0,0.305565,0.0224749,0
8.8,10.3,0,0.305323,0.0220348,0
8.8,10.4,0,0.305144,0.0216548,0
8.8,10.5,0,0.305046,0.0213501,0
8.8,10.6,0,0.304813,0.0210009,0
8.8,10.7,0,0.304573,0.0206538,0
8.8,10.8,0,0.304443,0.0204063,0
8.8,10.9,0,0.304247,0.0201395,0
8.8,11,0,0.30399,0.0198517,0
8.8,11.1,0,0.303809,0.0196325,0
8.8,11.2,0,0.303631,0.0194309,0
8.8,11.3,0,0.303376,0.0192047,0
8.8,11.4,0,0.30315,0.0190083,0
8.8,11.5,0,0.302971,0.0188587,0
8.8,11.6,0,0.302726,0.0186891,0
8.8,11.7,0,0.302472,0.0185171,0
8.8,11.8,0,0.302274,0.0184094,0
8.8,11.9,0,0.302048,0.0182921,0
8.8,12,0,0.301797,0.0181611,0
8.8,12.1,0,0.301576,0.0180706,0
8.8,12.2,0,0.301362,0.0179953,0
8.8,12.3,0,0.301147,0.0179073,0
8.8,12.4,0,0.300942,0.0178372,0
8.8,12.5,0,0.300752,0.017802,0
8.8,12.6,0,0.300683,0.0177714,0
8.8,12.7,0,0.300677,0.0177439,0
8.9,0,0,0.300395,-0.0269529,0
8.9,0.1,0,0.300471,-0.0270267,0
8.9,0.2,0,0.300636,-0.0270876,0
8.9,0.3,0,0.300929,-0.0272027,0
8.9,0.4,0,0.301268,-0.0273612,0
8.9,0.5,0,0.301573,-0.0274846,0
8.9,0.6,0,0.301934,-0.0277368,0
8.9,0.7,0,0.302285,-0.0279558,0
8.9,0.8,0,0.302589,-0.0282116,0
8.9,0.9,0,0.302934,-0.0285145,0
8.9,1,0,0.303196,-0.028769,0
8.9,1.1,0,0.303542,-0.0291953,0
8.9,1.2,0,0.303857,-0.0295779,0
8.9,1.3,0,0.304111,-0.0300086,0
8.9,1.4,0,0.304419,-0.0305008,0
8.9,1.5,0,0.304609,-0.0309214,0
8.9,1.6,0,0.304927,-0.0315794,0
8.9,1.7,0,0.305194,-0.0321726,0
8.9,1.8,0,0.305378,-0.0328276,0
8.9,1.9,0,0.305631,-0.0335707,0
8.9,2,0,0.305725,-0.0341968,0
8.9,2.1,0,0.305981,-0.035184,0
8.9,2.2,0,0.306169,-0.0360697,0
8.9,2.3,0,0.306228,-0.0370431,0
8.9,2.4,0,0.306378,-0.0381642,0
8.9,2.5,0,0.306335,-0.0390611,0
8.9,2.6,0,0.30641,-0.0406099,0
8.9,2.7,0,0.30645,-0.0419645,0
8.9,2.8,0,0.30622,-0.0434782,0
8.9,2.9,0,0.306144,-0.0452691,0
8.9,3,0,0.305937,-0.0465032,0
8.9,3.1,0,0.305429,-0.0492344,0
8.9,3.2,0,0.305177,-0.0514325,0
8.9,3.3,0,0.304206,-0.053994,0
8.9,3.4,0,0.303685,-0.0571025,0
8.9,3.5,0,0.303507,-0.0586407,0
8.9,3.6,0,0.301518,-0.064169,0
8.9,3.7,0,0.301139,-0.0680909,0
8.9,3.8,0,0.299085,-0.0730812,0
8.9,3.9,0,0.298997,-0.0792745,0
8.9,4,0,0.300597,-0.0811173,0
8.9,4.1,0,0.297932,-0.0937942,0
8.9,4.2,0,0.299414,-0.101218,0
8.9,4.3,0,0.299546,-0.11204,0
8.9,4.4,0,0.298867,-0.122365,0
8.9,4.5,0,0.299419,-0.121438,0
8.9,4.6,0,0.291986,-0.149308,0
8.9,4.7,0,0.278513,-0.156912,0
8.9,4.8,0,0.26417,-0.176309,0
8.9,4.9,0,0.160106,-0.121899,0
8.9,5,0,0.0480545,-0.0264219,0
8.9,5.1,0,0.0385464,-0.0209708,0
8.9,5.2,0,0.035577,-0.015787,0
8.9,5.3,0,0.0334789,-0.0106632,0
8.9,5.4,0,0.0322094,-0.00568273,0
8.9,5.5,0,0.0317385,-0.00076531,0
8.9,5.6,0,0.032052,0.00414661,0
8.9,5.7,0,0.0331673,0.00911007,0
8.9,5.8,0,0.0351342,0.0142373,0
8.9,5.9,0,0.0380867,0.0196211,0
8.9,6,0,0.0490489,0.0247041,0
8.9,6.1,0,0.139019,0.100431,0
8.9,6.2,0,0.223745,0.141883,0
8.9,6.3,0,0.277706,0.147599,0
8.9,6.4,0,0.281402,0.130806,0
8.9,6.5,0,0.285982,0.120072,0
8.9,6.6,0,0.290845,0.107744,0
8.9,6.7,0,0.29432,0.0938239,0
8.9,6.8,0,0.294425,0.0918619,0
8.9,6.9,0,0.295245,0.0859954,0
8.9,7,0,0.298726,0.0755226,0
8.9,7.1,0,0.298581,0.0735347,0
8.9,7.2,0,0.29887,0.0682859,0
8.9,7.3,0,0.300169,0.0622728,0
8.9,7.4,0,0.301674,0.0585831,0
8.9,7.5,0,0.302235,0.0555,0
8.9,7.6,0,0.302829,0.0520942,0
8.9,7.7,0,0.304285,0.0486856,0
8.9,7.8,0,0.304814,0.0469761,0
8.9,7.9,0,0.305246,0.0446963,0
8.9,8,0,0.305866,0.042183,0
8.9,8.1,0,0.306362,0.0408761,0
8.9,8.2,0,0.306563,0.039219,0
8.9,8.3,0,0.306766,0.0375107,0
8.9,8.4,0,0.307063,0.0361725,0
8.9,8.5,0,0.307174,0.0349831,0
8.9,8.6,0,0.307222,0.0337323,0
8.9,8.7,0,0.307261,0.0325061,0
8.9,8.8,0,0.307369,0.0316365,0
8.9,8.9,0,0.307324,0.030665,0
8.9,9,0,0.307236,0.0296538,0
8.9,9.1,0,0.307305,0.0289328,0
8.9,9.2,0,0.307199,0.0281584,0
8.9,9.3,0,0.307077,0.0273711,0
8.9,9.4,0,0.307015,0.0266882,0
8.9,9.5,0,0.306916,0.0260828,0
8.9,9.6,0,0.30677,0.0254559,0
8.9,9.7,0,0.306596,0.0248251,0
8.9,9.8,0,0.306519,0.024352,0
8.9,9.9,0,0.306343,0.0238408,0
8.9,10,0,0.306136,0.0233123,0
8.9,10.1,0,0.306035,0.0229048,0
8.9,10.2,0,0.305837,0.0224874,0
8.9,10.3,0,0.30563,0.0220652,0
8.9,10.4,0,0.305451,0.0216852,0
8.9,10.5,0,0.305271,0.0213558,0
8.9,10.6,0,0.305057,0.0210162,0
8.9,10.7,0,0.304822,0.020672,0
8.9,10.8,0,0.304658,0.0204152,0
8.9,10.9,0,0.304431,0.0201416,0
8.9,11,0,0.30419,0.019861,0
8.9,11.1,0,0.304008,0.0196416,0
8.9,11.2,0,0.303771,0.0194254,0
8.9,11.3,0,0.303532,0.0192075,0
8.9,11.4,0,0.303305,0.0190112,0
8.9,11.5,0,0.303084,0.0188509,0
8.9,11.6,0,0.302839,0.0186852,0
8.9,11.7,0,0.302588,0.0185151,0
8.9,11.8,0,0.302375,0.0184031,0
8.9,11.9,0,0.302127,0.0182813,0
8.9,12,0,0.301877,0.0181554,0
8.9,12.1,0,0.301656,0.0180649,0
8.9,12.2,0,0.301427,0.0179817,0
8.9,12.3,0,0.301199,0.0178975,0
8.9,12.4,0,0.300994,0.0178275,0
8.9,12.5,0,0.300855,0.0177936,0
8.9,12.6,0,0.30075,0.0177606,0
8.9,12.7,0,0.300718,0.0177318,0
9,0,0,0.300471,-0.0269107,0
9,0.1,0,0.30063,-0.0269732,0
9,0.2,0,0.300789,-0.0270358,0
9,0.3,0,0.301038,-0.0271452,0
9,0.4,0,0.301379,-0.0273015,0
9,0.5,0,0.301719,-0.0274577,0
9,0.6,0,0.302077,-0.0276806,0
9,0.7,0,0.302435,-0.0279034,0
9,0.8,0,0.302786,-0.0281646,0
9,0.9,0,0.303129,-0.0284643,0
9,1,0,0.303473,-0.0287639,0
9,1.1,0,0.303797,-0.0291519,0
9,1.2,0,0.304122,-0.0295399,0
9,1.3,0,0.304437,-0.0299777,0
9,1.4,0,0.304741,-0.0304654,0
9,1.5,0,0.305045,-0.030953,0
9,1.6,0,0.305325,-0.0315548,0
9,1.7,0,0.305605,-0.0321565,0
9,1.8,0,0.305869,-0.0328255,0
9,1.9,0,0.306117,-0.0335617,0
9,2,0,0.306366,-0.0342979,0
9,2.1,0,0.306571,-0.0351984,0
9,2.2,0,0.306777,-0.0360989,0
9,2.3,0,0.306953,-0.037104,0
9,2.4,0,0.307099,-0.0382138,0
9,2.5,0,0.307245,-0.0393235,0
9,2.6,0,0.307304,-0.0407108,0
9,2.7,0,0.307364,-0.042098,0
9,2.8,0,0.307359,-0.0436743,0
9,2.9,0,0.30729,-0.0454395,0
9,3,0,0.307221,-0.0472047,0
9,3.1,0,0.30697,-0.0494918,0
9,3.2,0,0.306719,-0.0517788,0
9,3.3,0,0.306366,-0.0544375,0
9,3.4,0,0.305913,-0.0574678,0
9,3.5,0,0.305459,-0.0604982,0
9,3.6,0,0.305003,-0.064668,0
9,3.7,0,0.304547,-0.0688378,0
9,3.8,0,0.304421,-0.0738994,0
9,3.9,0,0.304623,-0.0798527,0
9,4,0,0.304826,-0.085806,0
9,4.1,0,0.306135,-0.0939029,0
9,4.2,0,0.307443,-0.102,0
9,4.3,0,0.30786,-0.11076,0
9,4.4,0,0.307384,-0.120183,0
9,4.5,0,0.306908,-0.129606,0
9,4.6,0,0.293547,-0.139017,0
9,4.7,0,0.280186,-0.148429,0
9,4.8,0,0.218804,-0.122507,0
9,4.9,0,0.109402,-0.0612537,0
9,5,0,0,0,0
9,5.1,0,0,0,0
9,5.2,0,0,0,0
9,5.3,0,0,0,0
9,5.4,0,0,0,0
9,5.5,0,0,0,0
9,5.6,0,0,0,0
9,5.7,0,0,0,0
9,5.8,0,0,0,0
9,5.9,0,0,0,0
9,6,0,0,0,0
9,6.1,0,0.0847266,0.0414521,0
9,6.2,0,0.169453,0.0829043,0
9,6.3,0,0.25418,0.124356,0
9,6.4,0,0.286982,0.131118,0
9,6.5,0,0.291825,0.119199,0
9,6.6,0,0.296667,0.107281,0
9,6.7,0,0.300303,0.0971776,0
9,6.8,0,0.301122,0.0913112,0
9,6.9,0,0.301941,0.0854447,0
9,7,0,0.30276,0.0795783,0
9,7.1,0,0.303076,0.0742986,0
9,7.2,0,0.303366,0.0690497,0
9,7.3,0,0.303655,0.0638009,0
9,7.4,0,0.304128,0.0596578,0
9,7.5,0,0.304722,0.056252,0
9,7.6,0,0.305317,0.0528461,0
9,7.7,0,0.305871,0.0497218,0
9,7.8,0,0.306304,0.047442,0
9,7.9,0,0.306737,0.0451622,0
9,8,0,0.307169,0.0428824,0
9,8.1,0,0.307393,0.041163,0
9,8.2,0,0.307593,0.039506,0
9,8.3,0,0.307794,0.037849,0
9,8.4,0,0.307911,0.0364153,0
9,8.5,0,0.307959,0.0351645,0
9,8.6,0,0.308007,0.0339137,0
9,8.7,0,0.308037,0.0327188,0
9,8.8,0,0.307993,0.0317473,0
9,8.9,0,0.307948,0.0307758,0
9,9,0,0.307904,0.0298043,0
9,9.1,0,0.307808,0.0290003,0
9,9.2,0,0.307702,0.0282259,0
9,9.3,0,0.307597,0.0274515,0
9,9.4,0,0.307472,0.0267508,0
9,9.5,0,0.307325,0.0261238,0
9,9.6,0,0.307179,0.0254968,0
9,9.7,0,0.307028,0.0248872,0
9,9.8,0,0.306852,0.024376,0
9,9.9,0,0.306676,0.0238647,0
9,10,0,0.3065,0.0233535,0
9,10.1,0,0.306306,0.0229172,0
9,10.2,0,0.306108,0.0224998,0
9,10.3,0,0.30591,0.0220823,0
9,10.4,0,0.305705,0.0216999,0
9,10.5,0,0.305491,0.0213602,0
9,10.6,0,0.305277,0.0210206,0
9,10.7,0,0.305062,0.0206875,0
9,10.8,0,0.304835,0.0204139,0
9,10.9,0,0.304608,0.0201403,0
9,11,0,0.304382,0.0198667,0
9,11.1,0,0.304148,0.0196361,0
9,11.2,0,0.303911,0.0194199,0
9,11.3,0,0.303675,0.0192036,0
9,11.4,0,0.303435,0.0190075,0
9,11.5,0,0.30319,0.0188418,0
9,11.6,0,0.302946,0.018676,0
9,11.7,0,0.302701,0.0185125,0
9,11.8,0,0.302453,0.0183906,0
9,11.9,0,0.302205,0.0182688,0
9,12,0,0.301957,0.0181469,0
9,12.1,0,0.301722,0.0180518,0
9,12.2,0,0.301492,0.0179681,0
9,12.3,0,0.301262,0.0178844,0
9,12.4,0,0.301076,0.0178185,0
9,12.5,0,0.300971,0.0177855,0
9,12.6,0,0.300865,0.0177526,0
9,12.7,0,0.300759,0.0177196,0
9.1,0,0,0.300671,-0.0266437,0
9.1,0.1,0,0.300846,-0.0267126,0
9.1,0.2,0,0.301021,-0.0267814,0
9.1,0.3,0,0.301301,-0.0268973,0
9.1,0.4,0,0.301685,-0.0270603,0
9.1,0.5,0,0.302069,-0.0272232,0
9.1,0.6,0,0.302485,-0.0274476,0
9.1,0.7,0,0.302901,-0.0276719,0
9.1,0.8,0,0.303313,-0.0279354,0
9.1,0.9,0,0.303722,-0.028238,0
9.1,1,0,0.304131,-0.0285407,0
9.1,1.1,0,0.304528,-0.0289326,0
9.1,1.2,0,0.304925,-0.0293245,0
9.1,1.3,0,0.305316,-0.0297667,0
9.1,1.4,0,0.305703,-0.0302592,0
9.1,1.5,0,0.30609,-0.0307517,0
9.1,1.6,0,0.306465,-0.0313603,0
9.1,1.7,0,0.30684,-0.0319688,0
9.1,1.8,0,0.30721,-0.0326463,0
9.1,1.9,0,0.307572,-0.0333926,0
9.1,2,0,0.307935,-0.034139,0
9.1,2.1,0,0.308282,-0.0350546,0
9.1,2.2,0,0.30863,-0.0359701,0
9.1,2.3,0,0.308969,-0.0369932,0
9.1,2.4,0,0.309299,-0.0381238,0
9.1,2.5,0,0.30963,-0.0392544,0
9.1,2.6,0,0.309947,-0.0406667,0
9.1,2.7,0,0.310264,-0.042079,0
9.1,2.8,0,0.310581,-0.0436793,0
9.1,2.9,0,0.310898,-0.0454677,0
9.1,3,0,0.311215,-0.0472561,0
9.1,3.1,0,0.311578,-0.0495516,0
9.1,3.2,0,0.31194,-0.051847,0
9.1,3.3,0,0.312398,-0.0544917,0
9.1,3.4,0,0.312952,-0.0574856,0
9.1,3.5,0,0.313505,-0.0604796,0
9.1,3.6,0,0.314669,-0.0644923,0
9.1,3.7,0,0.315832,-0.068505,0
9.1,3.8,0,0.317661,-0.0732605,0
9.1,3.9,0,0.320154,-0.0787588,0
9.1,4,0,0.322647,-0.0842571,0
9.1,4.1,0,0.326032,-0.0909172,0
9.1,4.2,0,0.329416,-0.0975773,0
9.1,4.3,0,0.330261,-0.102964,0
9.1,4.4,0,0.328564,-0.107077,0
9.1,4.5,0,0.326868,-0.11119,0
9.1,4.6,0,0.303145,-0.110159,0
9.1,4.7,0,0.279421,-0.109128,0
9.1,4.8,0,0.214047,-0.0868895,0
9.1,4.9,0,0.107024,-0.0434447,0
9.1,5,0,0,0,0
9.1,6,0,0,0,0
9.1,6.1,0,0.0865603,0.0328484,0
9.1,6.2,0,0.173121,0.0656968,0
9.1,6.3,0,0.259681,0.0985452,0
9.1,6.4,0,0.295755,0.106144,0
9.1,6.5,0,0.304643,0.100148,0
9.1,6.6,0,0.313532,0.0941513,0
9.1,6.7,0,0.319632,0.0889035,0
9.1,6.8,0,0.319225,0.0854024,0
9.1,6.9,0,0.318817,0.0819014,0
9.1,7,0,0.31841,0.0784004,0
9.1,7.1,0,0.316921,0.0734751,0
9.1,7.2,0,0.315375,0.0684748,0
9.1,7.3,0,0.31383,0.0634746,0
9.1,7.4,0,0.312928,0.0595273,0
9.1,7.5,0,0.312456,0.056282,0
9.1,7.6,0,0.311985,0.0530367,0
9.1,7.7,0,0.311591,0.0500306,0
9.1,7.8,0,0.311431,0.0477417,0
9.1,7.9,0,0.311271,0.0454529,0
9.1,8,0,0.311111,0.0431641,0
9.1,8.1,0,0.310979,0.0414118,0
9.1,8.2,0,0.31085,0.0397192,0
9.1,8.3,0,0.310721,0.0380266,0
9.1,8.4,0,0.310583,0.0365625,0
9.1,8.5,0,0.310436,0.0352855,0
9.1,8.6,0,0.310288,0.0340084,0
9.1,8.7,0,0.310135,0.0327888,0
9.1,8.8,0,0.309958,0.0317991,0
9.1,8.9,0,0.30978,0.0308093,0
9.1,9,0,0.309603,0.0298195,0
9.1,9.1,0,0.309403,0.0290029,0
9.1,9.2,0,0.309199,0.0282168,0
9.1,9.3,0,0.308996,0.0274307,0
9.1,9.4,0,0.308782,0.0267207,0
9.1,9.5,0,0.308559,0.0260868,0
9.1,9.6,0,0.308336,0.0254529,0
9.1,9.7,0,0.308111,0.0248368,0
9.1,9.8,0,0.307873,0.0243215,0
9.1,9.9,0,0.307636,0.0238061,0
9.1,10,0,0.307399,0.0232908,0
9.1,10.1,0,0.307153,0.0228518,0
9.1,10.2,0,0.306906,0.0224319,0
9.1,10.3,0,0.306658,0.022012,0
9.1,10.4,0,0.306407,0.0216276,0
9.1,10.5,0,0.306151,0.0212864,0
9.1,10.6,0,0.305896,0.0209453,0
9.1,10.7,0,0.30564,0.0206108,0
9.1,10.8,0,0.305378,0.0203361,0
9.1,10.9,0,0.305116,0.0200615,0
9.1,11,0,0.304854,0.0197869,0
9.1,11.1,0,0.304588,0.0195554,0
9.1,11.2,0,0.304321,0.0193382,0
9.1,11.3,0,0.304054,0.0191211,0
9.1,11.4,0,0.303785,0.0189242,0
9.1,11.5,0,0.303513,0.0187578,0
9.1,11.6,0,0.303241,0.0185914,0
9.1,11.7,0,0.302969,0.0184272,0
9.1,11.8,0,0.302696,0.0183055,0
9.1,11.9,0,0.302423,0.0181839,0
9.1,12,0,0.30215,0.0180623,0
9.1,12.1,0,0.301895,0.0179658,0
9.1,12.2,0,0.301647,0.01788,0
9.1,12.3,0,0.301399,0.0177943,0
9.1,12.4,0,0.301199,0.0177262,0
9.1,12.5,0,0.301087,0.0176908,0
9.1,12.6,0,0.300975,0.0176555,0
9.1,12.7,0,0.300864,0.0176201,0
9.2,0,0,0.300778,-0.0264594,0
9.2,0.1,0,0.300962,-0.026532,0
9.2,0.2,0,0.301147,-0.0266045,0
9.2,0.3,0,0.301443,-0.0267238,0
9.2,0.4,0,0.301851,-0.0268897,0
9.2,0.5,0,0.302259,-0.0270556,0
9.2,0.6,0,0.302706,-0.0272793,0
9.2,0.7,0,0.303154,-0.0275029,0
9.2,0.8,0,0.303599,-0.0277661,0
9.2,0.9,0,0.304042,-0.0280688,0
9.2,1,0,0.304485,-0.0283716,0
9.2,1.1,0,0.304921,-0.0287633,0
9.2,1.2,0,0.305357,-0.029155,0
9.2,1.3,0,0.30579,-0.0295968,0
9.2,1.4,0,0.306221,-0.0300887,0
9.2,1.5,0,0.306651,-0.0305805,0
9.2,1.6,0,0.307079,-0.0311883,0
9.2,1.7,0,0.307507,-0.031796,0
9.2,1.8,0,0.307933,-0.0324725,0
9.2,1.9,0,0.308359,-0.0332179,0
9.2,2,0,0.308784,-0.0339632,0
9.2,2.1,0,0.309211,-0.0348769,0
9.2,2.2,0,0.309637,-0.0357906,0
9.2,2.3,0,0.310067,-0.0368104,0
9.2,2.4,0,0.3105,-0.0379361,0
9.2,2.5,0,0.310934,-0.0390619,0
9.2,2.6,0,0.31139,-0.0404613,0
9.2,2.7,0,0.311846,-0.0418607,0
9.2,2.8,0,0.312331,-0.0434395,0
9.2,2.9,0,0.312844,-0.0451977,0
9.2,3,0,0.313356,-0.0469558,0
9.2,3.1,0,0.314003,-0.0491905,0
9.2,3.2,0,0.31465,-0.0514252,0
9.2,3.3,0,0.315461,-0.0539832,0
9.2,3.4,0,0.316435,-0.0568645,0
9.2,3.5,0,0.317409,-0.0597458,0
9.2,3.6,0,0.319157,-0.0635347,0
9.2,3.7,0,0.320905,-0.0673236,0
9.2,3.8,0,0.323328,-0.0717312,0
9.2,3.9,0,0.326427,-0.0767577,0
9.2,4,0,0.329525,-0.0817842,0
9.2,4.1,0,0.332883,-0.0874535,0
9.2,4.2,0,0.336241,-0.0931228,0
9.2,4.3,0,0.335812,-0.0968655,0
9.2,4.4,0,0.331597,-0.0986818,0
9.2,4.5,0,0.327381,-0.100498,0
9.2,4.6,0,0.294385,-0.0951729,0
9.2,4.7,0,0.261388,-0.0898478,0
9.2,4.8,0,0.195912,-0.0697482,0
9.2,4.9,0,0.097956,-0.0348741,0
9.2,5,0,0,0,0
9.2,6,0,0,0,0
9.2,6.1,0,0.0824583,0.0284813,0
9.2,6.2,0,0.164917,0.0569625,0
9.2,6.3,0,0.247375,0.0854438,0
9.2,6.4,0,0.285581,0.0933092,0
9.2,6.5,0,0.299959,0.0900737,0
9.2,6.6,0,0.314337,0.0868383,0
9.2,6.7,0,0.324378,0.0838302,0
9.2,6.8,0,0.324299,0.0813528,0
9.2,6.9,0,0.324219,0.0788753,0
9.2,7,0,0.324139,0.0763979,0
9.2,7.1,0,0.32227,0.0717994,0
9.2,7.2,0,0.320306,0.0670893,0
9.2,7.3,0,0.318342,0.0623791,0
9.2,7.4,0,0.31704,0.0586651,0
9.2,7.5,0,0.316179,0.055615,0
9.2,7.6,0,0.315318,0.052565,0
9.2,7.7,0,0.314563,0.0497183,0
9.2,7.8,0,0.314123,0.0474814,0
9.2,7.9,0,0.313683,0.0452446,0
9.2,8,0,0.313243,0.0430077,0
9.2,8.1,0,0.312929,0.0412763,0
9.2,8.2,0,0.312628,0.039601,0
9.2,8.3,0,0.312328,0.0379257,0
9.2,8.4,0,0.312052,0.0364724,0
9.2,8.5,0,0.311795,0.0352009,0
9.2,8.6,0,0.311539,0.0339293,0
9.2,8.7,0,0.311284,0.0327141,0
9.2,8.8,0,0.311031,0.0317246,0
9.2,8.9,0,0.310779,0.0307351,0
9.2,9,0,0.310526,0.0297456,0
9.2,9.1,0,0.310268,0.0289288,0
9.2,9.2,0,0.31001,0.0281424,0
9.2,9.3,0,0.309751,0.027356,0
9.2,9.4,0,0.309489,0.0266459,0
9.2,9.5,0,0.309225,0.0260122,0
9.2,9.6,0,0.30896,0.0253784,0
9.2,9.7,0,0.308694,0.0247626,0
9.2,9.8,0,0.308423,0.0242478,0
9.2,9.9,0,0.308153,0.023733,0
9.2,10,0,0.307883,0.0232183,0
9.2,10.1,0,0.30761,0.0227799,0
9.2,10.2,0,0.307335,0.0223607,0
9.2,10.3,0,0.307061,0.0219415,0
9.2,10.4,0,0.306785,0.0215577,0
9.2,10.5,0,0.306507,0.0212172,0
9.2,10.6,0,0.306229,0.0208767,0
9.2,10.7,0,0.305951,0.0205428,0
9.2,10.8,0,0.30567,0.0202687,0
9.2,10.9,0,0.30539,0.0199946,0
9.2,11,0,0.305109,0.0197205,0
9.2,11.1,0,0.304826,0.0194894,0
9.2,11.2,0,0.304542,0.0192726,0
9.2,11.3,0,0.304258,0.0190558,0
9.2,11.4,0,0.303974,0.0188592,0
9.2,11.5,0,0.303687,0.0186928,0
9.2,11.6,0,0.303401,0.0185265,0
9.2,11.7,0,0.303114,0.0183625,0
9.2,11.8,0,0.302828,0.0182415,0
9.2,11.9,0,0.302542,0.0181205,0
9.2,12,0,0.302256,0.0179995,0
9.2,12.1,0,0.301989,0.0179026,0
9.2,12.2,0,0.301731,0.017816,0
9.2,12.3,0,0.301473,0.0177294,0
9.2,12.4,0,0.301265,0.0176602,0
9.2,12.5,0,0.301149,0.0176234,0
9.2,12.6,0,0.301033,0.0175865,0
9.2,12.7,0,0.300918,0.0175497,0
9.3,0,0,0.300882,-0.0262474,0
9.3,0.1,0,0.301077,-0.0263232,0
9.3,0.2,0,0.301271,-0.0263989,0
9.3,0.3,0,0.301584,-0.0265208,0
9.3,0.4,0,0.302017,-0.0266888,0
9.3,0.5,0,0.302449,-0.0268568,0
9.3,0.6,0,0.302926,-0.027079,0
9.3,0.7,0,0.303403,-0.0273012,0
9.3,0.8,0,0.303879,-0.0275631,0
9.3,0.9,0,0.304356,-0.0278647,0
9.3,1,0,0.304832,-0.0281663,0
9.3,1.1,0,0.305306,-0.0285558,0
9.3,1.2,0,0.305779,-0.0289453,0
9.3,1.3,0,0.306253,-0.0293843,0
9.3,1.4,0,0.306727,-0.0298729,0
9.3,1.5,0,0.307201,-0.0303614,0
9.3,1.6,0,0.307679,-0.0309646,0
9.3,1.7,0,0.308157,-0.0315677,0
9.3,1.8,0,0.30864,-0.0322388,0
9.3,1.9,0,0.309127,-0.0329778,0
9.3,2,0,0.309614,-0.0337168,0
9.3,2.1,0,0.310117,-0.0346209,0
9.3,2.2,0,0.31062,-0.035525,0
9.3,2.3,0,0.311137,-0.0365319,0
9.3,2.4,0,0.311668,-0.0376417,0
9.3,2.5,0,0.312199,-0.0387515,0
9.3,2.6,0,0.312783,-0.0401225,0
9.3,2.7,0,0.313366,-0.0414934,0
9.3,2.8,0,0.313998,-0.0430324,0
9.3,2.9,0,0.314678,-0.0447394,0
9.3,3,0,0.315357,-0.0464463,0
9.3,3.1,0,0.316228,-0.0485935,0
9.3,3.2,0,0.317099,-0.0507406,0
9.3,3.3,0,0.318174,-0.0531824,0
9.3,3.4,0,0.319453,-0.0559188,0
9.3,3.5,0,0.320733,-0.0586552,0
9.3,3.6,0,0.32285,-0.0621781,0
9.3,3.7,0,0.324968,-0.0657009,0
9.3,3.8,0,0.327675,-0.0697021,0
9.3,3.9,0,0.330971,-0.0741815,0
9.3,4,0,0.334268,-0.078661,0
9.3,4.1,0,0.336936,-0.083285,0
9.3,4.2,0,0.339604,-0.087909,0
9.3,4.3,0,0.337326,-0.0902137,0
9.3,4.4,0,0.330104,-0.0901991,0
9.3,4.5,0,0.322881,-0.0901846,0
9.3,4.6,0,0.282846,-0.0817877,0
9.3,4.7,0,0.242811,-0.0733908,0
9.3,4.8,0,0.178235,-0.0553539,0
9.3,4.9,0,0.0891176,-0.0276769,0
9.3,5,0,0,0,0
9.3,6,0,0,0,0
9.3,6.1,0,0.0778551,0.0247006,0
9.3,6.2,0,0.15571,0.0494013,0
9.3,6.3,0,0.233565,0.0741019,0
9.3,6.4,0,0.273379,0.082124,0
9.3,6.5,0,0.29271,0.0811651,0
9.3,6.6,0,0.312041,0.0802063,0
9.3,6.7,0,0.325775,0.0790191,0
9.3,6.8,0,0.326452,0.077299,0
9.3,6.9,0,0.327128,0.0755788,0
9.3,7,0,0.327805,0.0738587,0
9.3,7.1,0,0.325928,0.0696322,0
9.3,7.2,0,0.323917,0.0652738,0
9.3,7.3,0,0.321907,0.0609154,0
9.3,7.4,0,0.320438,0.0574729,0
9.3,7.5,0,0.31933,0.054641,0
9.3,7.6,0,0.318222,0.051809,0
9.3,7.7,0,0.317226,0.049144,0
9.3,7.8,0,0.316566,0.0469795,0
9.3,7.9,0,0.315905,0.044815,0
9.3,8,0,0.315245,0.0426505,0
9.3,8.1,0,0.314775,0.0409596,0
9.3,8.2,0,0.314325,0.0393213,0
9.3,8.3,0,0.313876,0.037683,0
9.3,8.4,0,0.313477,0.0362562,0
9.3,8.5,0,0.313118,0.0350026,0
9.3,8.6,0,0.312758,0.033749,0
9.3,8.7,0,0.312406,0.0325498,0
9.3,8.8,0,0.31208,0.0315684,0
9.3,8.9,0,0.311754,0.0305869,0
9.3,9,0,0.311428,0.0296055,0
9.3,9.1,0,0.311114,0.0287938,0
9.3,9.2,0,0.310802,0.0280122,0
9.3,9.3,0,0.310489,0.0272305,0
9.3,9.4,0,0.31018,0.0265245,0
9.3,9.5,0,0.309875,0.0258943,0
9.3,9.6,0,0.309569,0.025264,0
9.3,9.7,0,0.309264,0.0246515,0
9.3,9.8,0,0.308961,0.0241395,0
9.3,9.9,0,0.308659,0.0236275,0
9.3,10,0,0.308357,0.0231156,0
9.3,10.1,0,0.308056,0.0226796,0
9.3,10.2,0,0.307756,0.0222627,0
9.3,10.3,0,0.307455,0.0218457,0
9.3,10.4,0,0.307155,0.021464,0
9.3,10.5,0,0.306856,0.0211253,0
9.3,10.6,0,0.306556,0.0207866,0
9.3,10.7,0,0.306257,0.0204546,0
9.3,10.8,0,0.305957,0.0201818,0
9.3,10.9,0,0.305658,0.0199091,0
9.3,11,0,0.305359,0.0196364,0
9.3,11.1,0,0.305059,0.0194063,0
9.3,11.2,0,0.304759,0.0191905,0
9.3,11.3,0,0.30446,0.0189747,0
9.3,11.4,0,0.30416,0.0187789,0
9.3,11.5,0,0.303859,0.0186131,0
9.3,11.6,0,0.303558,0.0184474,0
9.3,11.7,0,0.303258,0.0182839,0
9.3,11.8,0,0.302959,0.0181638,0
9.3,11.9,0,0.30266,0.0180436,0
9.3,12,0,0.302361,0.0179235,0
9.3,12.1,0,0.302083,0.0178264,0
9.3,12.2,0,0.301814,0.0177392,0
9.3,12.3,0,0.301545,0.017652,0
9.3,12.4,0,0.301329,0.017582,0
9.3,12.5,0,0.301208,0.0175439,0
9.3,12.6,0,0.301088,0.0175058,0
9.3,12.7,0,0.300968,0.0174677,0
9.4,0,0,0.300987,-0.0260089,0
9.4,0.1,0,0.301192,-0.026087,0
9.4,0.2,0,0.301396,-0.0261651,0
9.4,0.3,0,0.301726,-0.0262888,0
9.4,0.4,0,0.302182,-0.0264581,0
9.4,0.5,0,0.302638,-0.0266274,0
9.4,0.6,0,0.303144,-0.0268475,0
9.4,0.7,0,0.30365,-0.0270677,0
9.4,0.8,0,0.304157,-0.0273273,0
9.4,0.9,0,0.304666,-0.0276264,0
9.4,1,0,0.305175,-0.0279255,0
9.4,1.1,0,0.305686,-0.0283109,0
9.4,1.2,0,0.306196,-0.0286962,0
9.4,1.3,0,0.306709,-0.0291302,0
9.4,1.4,0,0.307226,-0.0296129,0
9.4,1.5,0,0.307742,-0.0300955,0
9.4,1.6,0,0.30827,-0.0306905,0
9.4,1.7,0,0.308798,-0.0312855,0
9.4,1.8,0,0.309335,-0.0319468,0
9.4,1.9,0,0.309882,-0.0326745,0
9.4,2,0,0.310428,-0.0334021,0
9.4,2.1,0,0.311004,-0.0342898,0
9.4,2.2,0,0.31158,-0.0351774,0
9.4,2.3,0,0.31218,-0.0361636,0
9.4,2.4,0,0.312803,-0.0372483,0
9.4,2.5,0,0.313426,-0.038333,0
9.4,2.6,0,0.314126,-0.039664,0
9.4,2.7,0,0.314825,-0.040995,0
9.4,2.8,0,0.315588,-0.0424815,0
9.4,2.9,0,0.316415,-0.0441236,0
9.4,3,0,0.317242,-0.0457657,0
9.4,3.1,0,0.318302,-0.0478092,0
9.4,3.2,0,0.319363,-0.0498528,0
9.4,3.3,0,0.320657,-0.0521608,0
9.4,3.4,0,0.322184,-0.0547334,0
9.4,3.5,0,0.323711,-0.057306,0
9.4,3.6,0,0.326096,-0.0605391,0
9.4,3.7,0,0.328481,-0.0637722,0
9.4,3.8,0,0.331323,-0.0673345,0
9.4,3.9,0,0.334622,-0.0712259,0
9.4,4,0,0.337921,-0.0751173,0
9.4,4.1,0,0.339598,-0.0786551,0
9.4,4.2,0,0.341274,-0.082193,0
9.4,4.3,0,0.337015,-0.0831566,0
9.4,4.4,0,0.32682,-0.081546,0
9.4,4.5,0,0.316625,-0.0799354,0
9.4,4.6,0,0.272072,-0.0695085,0
9.4,4.7,0,0.227519,-0.0590815,0
9.4,4.8,0,0.164194,-0.0430944,0
9.4,4.9,0,0.0820971,-0.0215472,0
9.4,5,0,0,0,0
9.4,6,0,0,0,0
9.4,6.1,0,0.0740821,0.0212852,0
9.4,6.2,0,0.148164,0.0425704,0
9.4,6.3,0,0.222246,0.0638556,0
9.4,6.4,0,0.263151,0.0719211,0
9.4,6.5,0,0.286191,0.0728682,0
9.4,6.6,0,0.30923,0.0738153,0
9.4,6.7,0,0.325827,0.0741562,0
9.4,6.8,0,0.327389,0.0730829,0
9.4,6.9,0,0.328951,0.0720095,0
9.4,7,0,0.330513,0.0709361,0
9.4,7.1,0,0.32878,0.067125,0
9.4,7.2,0,0.326874,0.0631698,0
9.4,7.3,0,0.324967,0.0592146,0
9.4,7.4,0,0.323429,0.0560666,0
9.4,7.5,0,0.322135,0.0534567,0
9.4,7.6,0,0.320842,0.0508468,0
9.4,7.7,0,0.319661,0.0483694,0
9.4,7.8,0,0.318818,0.0462895,0
9.4,7.9,0,0.317975,0.0442095,0
9.4,8,0,0.317132,0.0421296,0
9.4,8.1,0,0.316526,0.0404925,0
9.4,8.2,0,0.315946,0.0389047,0
9.4,8.3,0,0.315366,0.0373168,0
9.4,8.4,0,0.314855,0.0359278,0
9.4,8.5,0,0.314401,0.0347016,0
9.4,8.6,0,0.313946,0.0334753,0
9.4,8.7,0,0.313503,0.032301,0
9.4,8.8,0,0.313107,0.0313345,0
9.4,8.9,0,0.312711,0.030368,0
9.4,9,0,0.312314,0.0294015,0
9.4,9.1,0,0.311945,0.0286001,0
9.4,9.2,0,0.311581,0.0278278,0
9.4,9.3,0,0.311216,0.0270556,0
9.4,9.4,0,0.310861,0.0263577,0
9.4,9.5,0,0.310515,0.0257341,0
9.4,9.6,0,0.31017,0.0251105,0
9.4,9.7,0,0.309826,0.0245044,0
9.4,9.8,0,0.309492,0.0239974,0
9.4,9.9,0,0.309158,0.0234904,0
9.4,10,0,0.308824,0.0229834,0
9.4,10.1,0,0.308497,0.0225515,0
9.4,10.2,0,0.308171,0.0221384,0
9.4,10.3,0,0.307845,0.0217253,0
9.4,10.4,0,0.307521,0.021347,0
9.4,10.5,0,0.3072,0.0210113,0
9.4,10.6,0,0.306879,0.0206755,0
9.4,10.7,0,0.306558,0.0203463,0
9.4,10.8,0,0.306241,0.0200758,0
9.4,10.9,0,0.305923,0.0198053,0
9.4,11,0,0.305606,0.0195348,0
9.4,11.1,0,0.30529,0.0193066,0
9.4,11.2,0,0.304974,0.0190923,0
9.4,11.3,0,0.304659,0.0188781,0
9.4,11.4,0,0.304344,0.0186837,0
9.4,11.5,0,0.304029,0.0185189,0
9.4,11.6,0,0.303715,0.0183541,0
9.4,11.7,0,0.3034,0.0181916,0
9.4,11.8,0,0.303089,0.0180725,0
9.4,11.9,0,0.302777,0.0179534,0
9.4,12,0,0.302465,0.0178343,0
9.4,12.1,0,0.302176,0.0177373,0
9.4,12.2,0,0.301897,0.0176498,0
9.4,12.3,0,0.301618,0.0175623,0
9.4,12.4,0,0.301393,0.0174918,0
9.4,12.5,0,0.301268,0.0174526,0
9.4,12.6,0,0.301143,0.0174135,0
9.4,12.7,0,0.301018,0.0173743,0
9.5,0,0,0.301095,-0.0257437,0
9.5,0.1,0,0.301309,-0.0258237,0
9.5,0.2,0,0.301523,-0.0259037,0
9.5,0.3,0,0.301869,-0.0260285,0
9.5,0.4,0,0.302348,-0.0261982,0
9.5,0.5,0,0.302826,-0.026368,0
9.5,0.6,0,0.303361,-0.0265854,0
9.5,0.7,0,0.303895,-0.0268028,0
9.5,0.8,0,0.304433,-0.0270592,0
9.5,0.9,0,0.304974,-0.0273545,0
9.5,1,0,0.305515,-0.0276498,0
9.5,1.1,0,0.306062,-0.0280291,0
9.5,1.2,0,0.306608,-0.0284085,0
9.5,1.3,0,0.30716,-0.0288353,0
9.5,1.4,0,0.307718,-0.0293095,0
9.5,1.5,0,0.308276,-0.0297837,0
9.5,1.6,0,0.308852,-0.0303672,0
9.5,1.7,0,0.309429,-0.0309507,0
9.5,1.8,0,0.310019,-0.0315983,0
9.5,1.9,0,0.310623,-0.0323101,0
9.5,2,0,0.311227,-0.0330218,0
9.5,2.1,0,0.311874,-0.0338869,0
9.5,2.2,0,0.31252,-0.0347521,0
9.5,2.3,0,0.313198,-0.0357105,0
9.5,2.4,0,0.313907,-0.0367623,0
9.5,2.5,0,0.314617,-0.0378141,0
9.5,2.6,0,0.315423,-0.0390954,0
9.5,2.7,0,0.31623,-0.0403768,0
9.5,2.8,0,0.317113,-0.0418004,0
9.5,2.9,0,0.318075,-0.0433663,0
9.5,3,0,0.319036,-0.0449323,0
9.5,3.1,0,0.320269,-0.0468587,0
9.5,3.2,0,0.321501,-0.0487852,0
9.5,3.3,0,0.32299,-0.0509439,0
9.5,3.4,0,0.324735,-0.0533349,0
9.5,3.5,0,0.32648,-0.0557258,0
9.5,3.6,0,0.329072,-0.0586465,0
9.5,3.7,0,0.331664,-0.0615671,0
9.5,3.8,0,0.334552,-0.0646661,0
9.5,3.9,0,0.337737,-0.0679434,0
9.5,4,0,0.340921,-0.0712207,0
9.5,4.1,0,0.341448,-0.0736709,0
9.5,4.2,0,0.341976,-0.0761212,0
9.5,4.3,0,0.335701,-0.0758412,0
9.5,4.4,0,0.322623,-0.0728311,0
9.5,4.5,0,0.309546,-0.069821,0
9.5,4.6,0,0.261979,-0.058287,0
9.5,4.7,0,0.214412,-0.046753,0
9.5,4.8,0,0.152503,-0.0327888,0
9.5,4.9,0,0.0762515,-0.0163944,0
9.5,5,0,0,0,0
9.5,6,0,0,0,0
9.5,6.1,0,0.0708709,0.0181293,0
9.5,6.2,0,0.141742,0.0362586,0
9.5,6.3,0,0.212613,0.0543879,0
9.5,6.4,0,0.254304,0.0623787,0
9.5,6.5,0,0.280284,0.0649105,0
9.5,6.6,0,0.306263,0.0674422,0
9.5,6.7,0,0.325206,0.0690739,0
9.5,6.8,0,0.327729,0.0686055,0
9.5,6.9,0,0.330251,0.0681371,0
9.5,7,0,0.332774,0.0676686,0
9.5,7.1,0,0.331244,0.064312,0
9.5,7.2,0,0.329501,0.0608034,0
9.5,7.3,0,0.327758,0.0572948,0
9.5,7.4,0,0.32619,0.0544615,0
9.5,7.5,0,0.324738,0.0520785,0
9.5,7.6,0,0.323287,0.0496955,0
9.5,7.7,0,0.321947,0.0474125,0
9.5,7.8,0,0.320942,0.0454294,0
9.5,7.9,0,0.319937,0.0434463,0
9.5,8,0,0.318933,0.0414632,0
9.5,8.1,0,0.318204,0.0398911,0
9.5,8.2,0,0.317505,0.0383647,0
9.5,8.3,0,0.316807,0.0368384,0
9.5,8.4,0,0.316193,0.0354965,0
9.5,8.5,0,0.315649,0.0343055,0
9.5,8.6,0,0.315105,0.0331146,0
9.5,8.7,0,0.314577,0.0319727,0
9.5,8.8,0,0.314113,0.0310271,0
9.5,8.9,0,0.31365,0.0300816,0
9.5,9,0,0.313187,0.029136,0
9.5,9.1,0,0.312764,0.0283495,0
9.5,9.2,0,0.312349,0.0275911,0
9.5,9.3,0,0.311934,0.0268327,0
9.5,9.4,0,0.311534,0.0261465,0
9.5,9.5,0,0.311149,0.0255326,0
9.5,9.6,0,0.310764,0.0249186,0
9.5,9.7,0,0.310382,0.0243218,0
9.5,9.8,0,0.310017,0.0238219,0
9.5,9.9,0,0.309652,0.0233221,0
9.5,10,0,0.309287,0.0228222,0
9.5,10.1,0,0.308933,0.022396,0
9.5,10.2,0,0.308582,0.0219882,0
9.5,10.3,0,0.30823,0.0215805,0
9.5,10.4,0,0.307883,0.021207,0
9.5,10.5,0,0.307541,0.0208753,0
9.5,10.6,0,0.307199,0.0205436,0
9.5,10.7,0,0.306858,0.0202184,0
9.5,10.8,0,0.306522,0.0199509,0
9.5,10.9,0,0.306187,0.0196835,0
9.5,11,0,0.305851,0.019416,0
9.5,11.1,0,0.305519,0.0191902,0
9.5,11.2,0,0.305188,0.0189782,0
9.5,11.3,0,0.304857,0.0187662,0
9.5,11.4,0,0.304526,0.0185737,0
9.5,11.5,0,0.304198,0.0184103,0
9.5,11.6,0,0.30387,0.018247,0
9.5,11.7,0,0.303542,0.0180859,0
9.5,11.8,0,0.303218,0.017968,0
9.5,11.9,0,0.302894,0.0178501,0
9.5,12,0,0.30257,0.0177322,0
9.5,12.1,0,0.30227,0.0176356,0
9.5,12.2,0,0.30198,0.017548,0
9.5,12.3,0,0.301691,0.0174605,0
9.5,12.4,0,0.301457,0.0173896,0
9.5,12.5,0,0.301328,0.0173496,0
9.5,12.6,0,0.301198,0.0173097,0
9.5,12.7,0,0.301069,0.0172697,0
9.6,0,0,0.301206,-0.0254522,0
9.6,0.1,0,0.301428,-0.0255336,0
9.6,0.2,0,0.301651,-0.025615,0
9.6,0.3,0,0.302013,-0.0257404,0
9.6,0.4,0,0.302513,-0.0259098,0
9.6,0.5,0,0.303013,-0.0260793,0
9.6,0.6,0,0.303575,-0.0262932,0
9.6,0.7,0,0.304137,-0.0265072,0
9.6,0.8,0,0.304705,-0.0267592,0
9.6,0.9,0,0.305277,-0.0270494,0
9.6,1,0,0.30585,-0.0273396,0
9.6,1.1,0,0.306432,-0.0277112,0
9.6,1.2,0,0.307014,-0.0280828,0
9.6,1.3,0,0.307604,-0.0285004,0
9.6,1.4,0,0.308202,-0.0289638,0
9.6,1.5,0,0.3088,-0.0294272,0
9.6,1.6,0,0.309423,-0.0299961,0
9.6,1.7,0,0.310046,-0.0305649,0
9.6,1.8,0,0.310687,-0.0311951,0
9.6,1.9,0,0.311347,-0.0318867,0
9.6,2,0,0.312007,-0.0325784,0
9.6,2.1,0,0.312719,-0.0334156,0
9.6,2.2,0,0.313432,-0.0342528,0
9.6,2.3,0,0.314184,-0.0351773,0
9.6,2.4,0,0.314974,-0.0361892,0
9.6,2.5,0,0.315764,-0.0372012,0
9.6,2.6,0,0.316669,-0.0384243,0
9.6,2.7,0,0.317574,-0.0396475,0
9.6,2.8,0,0.318569,-0.040999,0
9.6,2.9,0,0.319653,-0.0424788,0
9.6,3,0,0.320738,-0.0439586,0
9.6,3.1,0,0.322125,-0.0457561,0
9.6,3.2,0,0.323512,-0.0475537,0
9.6,3.3,0,0.32517,-0.0495492,0
9.6,3.4,0,0.3271,-0.0517428,0
9.6,3.5,0,0.329031,-0.0539363,0
9.6,3.6,0,0.331761,-0.0565254,0
9.6,3.7,0,0.334492,-0.0591144,0
9.6,3.8,0,0.337331,-0.0617363,0
9.6,3.9,0,0.34028,-0.0643912,0
9.6,4,0,0.343228,-0.0670461,0
9.6,4.1,0,0.342482,-0.0684582,0
9.6,4.2,0,0.341735,-0.0698703,0
9.6,4.3,0,0.333436,-0.0684836,0
9.6,4.4,0,0.317587,-0.064298,0
9.6,4.5,0,0.301737,-0.0601124,0
9.6,4.6,0,0.252193,-0.0482355,0
9.6,4.7,0,0.20265,-0.0363586,0
9.6,4.8,0,0.142302,-0.0243361,0
9.6,4.9,0,0.0711512,-0.0121681,0
9.6,5,0,0,0,0
9.6,6,0,0,0,0
9.6,6.1,0,0.0679162,0.0152333,0
9.6,6.2,0,0.135832,0.0304666,0
9.6,6.3,0,0.203749,0.0457,0
9.6,6.4,0,0.246007,0.0535057,0
9.6,6.5,0,0.27445,0.0573121,0
9.6,6.6,0,0.302893,0.0611184,0
9.6,6.7,0,0.323874,0.0638131,0
9.6,6.8,0,0.327446,0.0639142,0
9.6,6.9,0,0.331017,0.0640153,0
9.6,7,0,0.334589,0.0641164,0
9.6,7.1,0,0.33332,0.0612379,0
9.6,7.2,0,0.331797,0.0582026,0
9.6,7.3,0,0.330273,0.0551673,0
9.6,7.4,0,0.328717,0.0526633,0
9.6,7.5,0,0.327139,0.0505135,0
9.6,7.6,0,0.325561,0.0483637,0
9.6,7.7,0,0.324091,0.046283,0
9.6,7.8,0,0.322944,0.0444095,0
9.6,7.9,0,0.321797,0.042536,0
9.6,8,0,0.32065,0.0406625,0
9.6,8.1,0,0.319809,0.0391656,0
9.6,8.2,0,0.319001,0.0377105,0
9.6,8.3,0,0.318193,0.0362554,0
9.6,8.4,0,0.317485,0.0349689,0
9.6,8.5,0,0.316857,0.0338202,0
9.6,8.6,0,0.316229,0.0326716,0
9.6,8.7,0,0.315621,0.0315689,0
9.6,8.8,0,0.315094,0.0306497,0
9.6,8.9,0,0.314567,0.0297306,0
9.6,9,0,0.31404,0.0288115,0
9.6,9.1,0,0.313567,0.0280442,0
9.6,9.2,0,0.313103,0.0273036,0
9.6,9.3,0,0.312639,0.026563,0
9.6,9.4,0,0.312195,0.025892,0
9.6,9.5,0,0.311772,0.0252906,0
9.6,9.6,0,0.311349,0.0246892,0
9.6,9.7,0,0.31093,0.0241044,0
9.6,9.8,0,0.310534,0.0236137,0
9.6,9.9,0,0.310139,0.0231229,0
9.6,10,0,0.309744,0.0226322,0
9.6,10.1,0,0.309364,0.0222134,0
9.6,10.2,0,0.308987,0.0218124,0
9.6,10.3,0,0.308611,0.0214115,0
9.6,10.4,0,0.308241,0.0210441,0
9.6,10.5,0,0.307878,0.0207176,0
9.6,10.6,0,0.307516,0.0203911,0
9.6,10.7,0,0.307154,0.0200709,0
9.6,10.8,0,0.306801,0.0198073,0
9.6,10.9,0,0.306448,0.0195437,0
9.6,11,0,0.306094,0.0192801,0
9.6,11.1,0,0.305746,0.0190574,0
9.6,11.2,0,0.305399,0.0188483,0
9.6,11.3,0,0.305052,0.0186392,0
9.6,11.4,0,0.304707,0.0184491,0
9.6,11.5,0,0.304365,0.0182876,0
9.6,11.6,0,0.304023,0.0181261,0
9.6,11.7,0,0.303681,0.0179668,0
9.6,11.8,0,0.303345,0.0178504,0
9.6,11.9,0,0.30301,0.0177339,0
9.6,12,0,0.302674,0.0176175,0
9.6,12.1,0,0.302363,0.0175214,0
9.6,12.2,0,0.302063,0.017434,0
9.6,12.3,0,0.301764,0.0173466,0
9.6,12.4,0,0.301522,0.0172756,0
9.6,12.5,0,0.301389,0.017235,0
9.6,12.6,0,0.301255,0.0171944,0
9.6,12.7,0,0.301122,0.0171538,0
9.7,0,0,0.301317,-0.0251352,0
9.7,0.1,0,0.301548,-0.0252175,0
9.7,0.2,0,0.30178,-0.0252998,0
9.7,0.3,0,0.302156,-0.0254253,0
9.7,0.4,0,0.302678,-0.0255938,0
9.7,0.5,0,0.303199,-0.0257623,0
9.7,0.6,0,0.303787,-0.025972,0
9.7,0.7,0,0.304376,-0.0261817,0
9.7,0.8,0,0.304971,-0.0264285,0
9.7,0.9,0,0.305574,-0.0267124,0
9.7,1,0,0.306177,-0.0269963,0
9.7,1.1,0,0.306793,-0.0273584,0
9.7,1.2,0,0.30741,-0.0277206,0
9.7,1.3,0,0.308036,-0.0281269,0
9.7,1.4,0,0.308673,-0.0285774,0
9.7,1.5,0,0.30931,-0.029028,0
9.7,1.6,0,0.309978,-0.0295792,0
9.7,1.7,0,0.310645,-0.0301305,0
9.7,1.8,0,0.311335,-0.0307401,0
9.7,1.9,0,0.312048,-0.031408,0
9.7,2,0,0.31276,-0.0320759,0
9.7,2.1,0,0.313535,-0.0328805,0
9.7,2.2,0,0.31431,-0.0336851,0
9.7,2.3,0,0.31513,-0.0345706,0
9.7,2.4,0,0.315994,-0.0355369,0
9.7,2.5,0,0.316859,-0.0365032,0
9.7,2.6,0,0.317854,-0.0376614,0
9.7,2.7,0,0.318849,-0.0388196,0
9.7,2.8,0,0.319943,-0.0400918,0
9.7,2.9,0,0.321137,-0.0414779,0
9.7,3,0,0.32233,-0.042864,0
9.7,3.1,0,0.32385,-0.0445243,0
9.7,3.2,0,0.32537,-0.0461847,0
9.7,3.3,0,0.327168,-0.0480078,0
9.7,3.4,0,0.329243,-0.0499936,0
9.7,3.5,0,0.331318,-0.0519794,0
9.7,3.6,0,0.334105,-0.0542259,0
9.7,3.7,0,0.336892,-0.0564725,0
9.7,3.8,0,0.339579,-0.058616,0
9.7,3.9,0,0.342164,-0.0606565,0
9.7,4,0,0.34475,-0.062697,0
9.7,4.1,0,0.342632,-0.0631507,0
9.7,4.2,0,0.340514,-0.0636044,0
9.7,4.3,0,0.330241,-0.0612637,0
9.7,4.4,0,0.311811,-0.0561287,0
9.7,4.5,0,0.293382,-0.0509936,0
9.7,4.6,0,0.242764,-0.0393322,0
9.7,4.7,0,0.192147,-0.0276708,0
9.7,4.8,0,0.13347,-0.0174721,0
9.7,4.9,0,0.0667351,-0.00873605,0
9.7,5,0,0,0,0
9.7,6,0,0,0,0
9.7,6.1,0,0.0651675,0.012603,0
9.7,6.2,0,0.130335,0.0252059,0
9.7,6.3,0,0.195503,0.0378089,0
9.7,6.4,0,0.238111,0.045335,0
9.7,6.5,0,0.268572,0.0501275,0
9.7,6.6,0,0.299033,0.0549199,0
9.7,6.7,0,0.321765,0.0584653,0
9.7,6.8,0,0.326461,0.0591009,0
9.7,6.9,0,0.331158,0.0597365,0
9.7,7,0,0.335854,0.0603721,0
9.7,7.1,0,0.334915,0.0579787,0
9.7,7.2,0,0.33368,0.0554258,0
9.7,7.3,0,0.332445,0.052873,0
9.7,7.4,0,0.330954,0.0507042,0
9.7,7.5,0,0.329293,0.0487914,0
9.7,7.6,0,0.327632,0.0468786,0
9.7,7.7,0,0.32607,0.0450056,0
9.7,7.8,0,0.324804,0.0432521,0
9.7,7.9,0,0.323538,0.0414986,0
9.7,8,0,0.322272,0.0397451,0
9.7,8.1,0,0.32133,0.0383312,0
9.7,8.2,0,0.320424,0.0369551,0
9.7,8.3,0,0.319517,0.0355789,0
9.7,8.4,0,0.318722,0.0343544,0
9.7,8.5,0,0.318016,0.0332539,0
9.7,8.6,0,0.317311,0.0321534,0
9.7,8.7,0,0.316629,0.0310954,0
9.7,8.8,0,0.316043,0.0302076,0
9.7,8.9,0,0.315456,0.0293197,0
9.7,9,0,0.314869,0.0284318,0
9.7,9.1,0,0.314347,0.0276873,0
9.7,9.2,0,0.313837,0.0269681,0
9.7,9.3,0,0.313326,0.0262488,0
9.7,9.4,0,0.312841,0.0255961,0
9.7,9.5,0,0.312381,0.0250098,0
9.7,9.6,0,0.311921,0.0244236,0
9.7,9.7,0,0.311466,0.0238533,0
9.7,9.8,0,0.311041,0.0233737,0
9.7,9.9,0,0.310616,0.0228941,0
9.7,10,0,0.310191,0.0224144,0
9.7,10.1,0,0.309786,0.0220044,0
9.7,10.2,0,0.309386,0.0216118,0
9.7,10.3,0,0.308985,0.0212191,0
9.7,10.4,0,0.308593,0.020859,0
9.7,10.5,0,0.30821,0.0205388,0
9.7,10.6,0,0.307827,0.0202185,0
9.7,10.7,0,0.307445,0.0199043,0
9.7,10.8,0,0.307074,0.0196454,0
9.7,10.9,0,0.306704,0.0193865,0
9.7,11,0,0.306333,0.0191276,0
9.7,11.1,0,0.305969,0.0189085,0
9.7,11.2,0,0.305607,0.0187028,0
9.7,11.3,0,0.305245,0.0184971,0
9.7,11.4,0,0.304886,0.01831,0
9.7,11.5,0,0.30453,0.0181508,0
9.7,11.6,0,0.304175,0.0179916,0
9.7,11.7,0,0.30382,0.0178346,0
9.7,11.8,0,0.303472,0.0177198,0
9.7,11.9,0,0.303124,0.0176051,0
9.7,12,0,0.302776,0.0174903,0
9.7,12.1,0,0.302456,0.017395,0
9.7,12.2,0,0.302146,0.017308,0
9.7,12.3,0,0.301837,0.017221,0
9.7,12.4,0,0.301588,0.01715,0
9.7,12.5,0,0.30145,0.017109,0
9.7,12.6,0,0.301312,0.0170679,0
9.7,12.7,0,0.301175,0.0170269,0
9.8,0,0,0.30143,-0.0247931,0
9.8,0.1,0,0.301669,-0.0248759,0
9.8,0.2,0,0.301909,-0.0249587,0
9.8,0.3,0,0.302299,-0.0250836,0
9.8,0.4,0,0.30284,-0.0252505,0
9.8,0.5,0,0.303381,-0.0254175,0
9.8,0.6,0,0.303995,-0.0256222,0
9.8,0.7,0,0.304609,-0.0258269,0
9.8,0.8,0,0.305232,-0.0260674,0
9.8,0.9,0,0.305864,-0.0263437,0
9.8,1,0,0.306496,-0.02662,0
9.8,1.1,0,0.307145,-0.0269711,0
9.8,1.2,0,0.307794,-0.0273221,0
9.8,1.3,0,0.308456,-0.0277153,0
9.8,1.4,0,0.30913,-0.0281507,0
9.8,1.5,0,0.309804,-0.028586,0
9.8,1.6,0,0.310514,-0.0291169,0
9.8,1.7,0,0.311224,-0.0296478,0
9.8,1.8,0,0.31196,-0.0302335,0
9.8,1.9,0,0.312721,-0.0308739,0
9.8,2,0,0.313482,-0.0315144,0
9.8,2.1,0,0.314315,-0.0322819,0
9.8,2.2,0,0.315148,-0.0330494,0
9.8,2.3,0,0.316031,-0.0338908,0
9.8,2.4,0,0.316963,-0.034806,0
9.8,2.5,0,0.317896,-0.0357213,0
9.8,2.6,0,0.318971,-0.0368083,0
9.8,2.7,0,0.320046,-0.0378954,0
9.8,2.8,0,0.321228,-0.0390819,0
9.8,2.9,0,0.322516,-0.040368,0
9.8,3,0,0.323804,-0.0416541,0
9.8,3.1,0,0.325434,-0.0431715,0
9.8,3.2,0,0.327064,-0.0446888,0
9.8,3.3,0,0.328967,-0.046334,0
9.8,3.4,0,0.331143,-0.0481068,0
9.8,3.5,0,0.333319,-0.0498797,0
9.8,3.6,0,0.33608,-0.0517838,0
9.8,3.7,0,0.338841,-0.0536879,0
9.8,3.8,0,0.341275,-0.0553669,0
9.8,3.9,0,0.343382,-0.0568208,0
9.8,4,0,0.34549,-0.0582748,0
9.8,4.1,0,0.341956,-0.0578694,0
9.8,4.2,0,0.338423,-0.0574639,0
9.8,4.3,0,0.326291,-0.0543175,0
9.8,4.4,0,0.305561,-0.0484301,0
9.8,4.5,0,0.28483,-0.0425427,0
9.8,4.6,0,0.233876,-0.0314575,0
9.8,4.7,0,0.182922,-0.0203722,0
9.8,4.8,0,0.125956,-0.0118637,0
9.8,4.9,0,0.0629778,-0.00593186,0
9.8,5,0,0,0,0
9.8,6,0,0,0,0
9.8,6.1,0,0.0626464,0.0102257,0
9.8,6.2,0,0.125293,0.0204515,0
9.8,6.3,0,0.187939,0.0306772,0
9.8,6.4,0,0.2307,0.0378452,0
9.8,6.5,0,0.262753,0.0433668,0
9.8,6.6,0,0.294806,0.0488884,0
9.8,6.7,0,0.318999,0.0530946,0
9.8,6.8,0,0.324854,0.0542313,0
9.8,6.9,0,0.330708,0.055368,0
9.8,7,0,0.336563,0.0565048,0
9.8,7.1,0,0.336015,0.0545882,0
9.8,7.2,0,0.335131,0.052511,0
9.8,7.3,0,0.334246,0.0504337,0
9.8,7.4,0,0.332875,0.0485979,0
9.8,7.5,0,0.331178,0.046923,0
9.8,7.6,0,0.329481,0.0452481,0
9.8,7.7,0,0.327868,0.0435858,0
9.8,7.8,0,0.326507,0.0419617,0
9.8,7.9,0,0.325147,0.0403376,0
9.8,8,0,0.323786,0.0387134,0
9.8,8.1,0,0.322757,0.0373898,0
9.8,8.2,0,0.321764,0.0360995,0
9.8,8.3,0,0.320771,0.0348092,0
9.8,8.4,0,0.319898,0.033653,0
9.8,8.5,0,0.319122,0.0326065,0
9.8,8.6,0,0.318346,0.03156,0
9.8,8.7,0,0.317596,0.0305524,0
9.8,8.8,0,0.316954,0.0297006,0
9.8,8.9,0,0.316312,0.0288487,0
9.8,9,0,0.31567,0.0279969,0
9.8,9.1,0,0.315102,0.0272789,0
9.8,9.2,0,0.314547,0.0265846,0
9.8,9.3,0,0.313993,0.0258903,0
9.8,9.4,0,0.313468,0.0252589,0
9.8,9.5,0,0.312973,0.0246904,0
9.8,9.6,0,0.312478,0.0241219,0
9.8,9.7,0,0.311989,0.0235687,0
9.8,9.8,0,0.311536,0.0231021,0
9.8,9.9,0,0.311082,0.0226355,0
9.8,10,0,0.310629,0.0221689,0
9.8,10.1,0,0.310199,0.0217692,0
9.8,10.2,0,0.309775,0.0213863,0
9.8,10.3,0,0.309351,0.0210034,0
9.8,10.4,0,0.308937,0.0206519,0
9.8,10.5,0,0.308534,0.0203389,0
9.8,10.6,0,0.308131,0.0200259,0
9.8,10.7,0,0.30773,0.0197188,0
9.8,10.8,0,0.307343,0.0194653,0
9.8,10.9,0,0.306955,0.0192118,0
9.8,11,0,0.306568,0.0189583,0
9.8,11.1,0,0.306188,0.0187437,0
9.8,11.2,0,0.305812,0.018542,0
9.8,11.3,0,0.305435,0.0183403,0
9.8,11.4,0,0.305062,0.0181567,0
9.8,11.5,0,0.304693,0.0180002,0
9.8,11.6,0,0.304324,0.0178437,0
9.8,11.7,0,0.303956,0.0176893,0
9.8,11.8,0,0.303597,0.0175765,0
9.8,11.9,0,0.303237,0.0174636,0
9.8,12,0,0.302878,0.0173507,0
9.8,12.1,0,0.302547,0.0172564,0
9.8,12.2,0,0.302229,0.01717,0
9.8,12.3,0,0.30191,0.0170836,0
9.8,12.4,0,0.301653,0.017013,0
9.8,12.5,0,0.301511,0.0169717,0
9.8,12.6,0,0.301369,0.0169303,0
9.8,12.7,0,0.301227,0.016889,0
9.9,0,0,0.301541,-0.0244287,0
9.9,0.1,0,0.301788,-0.0245118,0
9.9,0.2,0,0.302036,-0.0245948,0
9.9,0.3,0,0.30244,-0.0247187,0
9.9,0.4,0,0.302999,-0.0248836,0
9.9,0.5,0,0.303559,-0.0250484,0
9.9,0.6,0,0.304197,-0.0252476,0
9.9,0.7,0,0.304835,-0.0254469,0
9.9,0.8,0,0.305484,-0.0256804,0
9.9,0.9,0,0.306144,-0.0259484,0
9.9,1,0,0.306804,-0.0262164,0
9.9,1.1,0,0.307484,-0.0265554,0
9.9,1.2,0,0.308164,-0.0268944,0
9.9,1.3,0,0.308859,-0.0272735,0
9.9,1.4,0,0.309568,-0.0276926,0
9.9,1.5,0,0.310277,-0.0281116,0
9.9,1.6,0,0.311027,-0.0286209,0
9.9,1.7,0,0.311777,-0.0291301,0
9.9,1.8,0,0.312556,-0.0296906,0
9.9,1.9,0,0.313363,-0.0303025,0
9.9,2,0,0.31417,-0.0309143,0
9.9,2.1,0,0.315055,-0.0316433,0
9.9,2.2,0,0.315941,-0.0323724,0
9.9,2.3,0,0.31688,-0.0331685,0
9.9,2.4,0,0.317874,-0.0340317,0
9.9,2.5,0,0.318867,-0.0348948,0
9.9,2.6,0,0.320012,-0.0359103,0
9.9,2.7,0,0.321157,-0.0369258,0
9.9,2.8,0,0.322413,-0.0380269,0
9.9,2.9,0,0.323781,-0.0392138,0
9.9,3,0,0.325148,-0.0404007,0
9.9,3.1,0,0.326864,-0.0417778,0
9.9,3.2,0,0.32858,-0.0431549,0
9.9,3.3,0,0.330556,-0.0446256,0
9.9,3.4,0,0.332793,-0.0461899,0
9.9,3.5,0,0.335029,-0.0477543,0
9.9,3.6,0,0.337695,-0.0493221,0
9.9,3.7,0,0.340361,-0.0508899,0
9.9,3.8,0,0.342464,-0.0521154,0
9.9,3.9,0,0.344003,-0.0529986,0
9.9,4,0,0.345543,-0.0538818,0
9.9,4.1,0,0.340562,-0.0526724,0
9.9,4.2,0,0.335581,-0.051463,0
9.9,4.3,0,0.321701,-0.0476171,0
9.9,4.4,0,0.298924,-0.0411349,0
9.9,4.5,0,0.276146,-0.0346526,0
9.9,4.6,0,0.225434,-0.0244176,0
9.9,4.7,0,0.174723,-0.0141825,0
9.9,4.8,0,0.119494,-0.00725198,0
9.9,4.9,0,0.0597468,-0.00362599,0
9.9,5,0,0,0,0
9.9,6,0,0,0,0
9.9,6.1,0,0.0602809,0.0080915,0
9.9,6.2,0,0.120562,0.016183,0
9.9,6.3,0,0.180843,0.0242745,0
9.9,6.4,0,0.223578,0.0310183,0
9.9,6.5,0,0.256865,0.0370364,0
9.9,6.6,0,0.290152,0.0430545,0
9.9,6.7,0,0.315569,0.0477579,0
9.9,6.8,0,0.32262,0.0493934,0
9.9,6.9,0,0.329671,0.0510289,0
9.9,7,0,0.336722,0.0526644,0
9.9,7.1,0,0.336624,0.0512143,0
9.9,7.2,0,0.33615,0.0496017,0
9.9,7.3,0,0.335676,0.0479891,0
9.9,7.4,0,0.334472,0.0464773,0
9.9,7.5,0,0.332783,0.0450327,0
9.9,7.6,0,0.331093,0.0435881,0
9.9,7.7,0,0.329468,0.0421306,0
9.9,7.8,0,0.328039,0.0406341,0
9.9,7.9,0,0.32661,0.0391375,0
9.9,8,0,0.32518,0.0376411,0
9.9,8.1,0,0.324077,0.0364067,0
9.9,8.2,0,0.32301,0.0352015,0
9.9,8.3,0,0.321943,0.0339963,0
9.9,8.4,0,0.321001,0.0329084,0
9.9,8.5,0,0.320162,0.0319165,0
9.9,8.6,0,0.319323,0.0309245,0
9.9,8.7,0,0.318513,0.0299681,0
9.9,8.8,0,0.31782,0.0291536,0
9.9,8.9,0,0.317127,0.0283392,0
9.9,9,0,0.316434,0.0275248,0
9.9,9.1,0,0.315824,0.0268349,0
9.9,9.2,0,0.315229,0.0261671,0
9.9,9.3,0,0.314633,0.0254992,0
9.9,9.4,0,0.314072,0.0248907,0
9.9,9.5,0,0.313544,0.0243414,0
9.9,9.6,0,0.313015,0.0237921,0
9.9,9.7,0,0.312494,0.0232574,0
9.9,9.8,0,0.312014,0.022805,0
9.9,9.9,0,0.311533,0.0223527,0
9.9,10,0,0.311053,0.0219003,0
9.9,10.1,0,0.3106,0.0215121,0
9.9,10.2,0,0.310153,0.0211398,0
9.9,10.3,0,0.309707,0.0207676,0
9.9,10.4,0,0.309272,0.0204257,0
9.9,10.5,0,0.30885,0.0201208,0
9.9,10.6,0,0.308428,0.0198158,0
9.9,10.7,0,0.308008,0.0195167,0
9.9,10.8,0,0.307605,0.0192692,0
9.9,10.9,0,0.307201,0.0190218,0
9.9,11,0,0.306797,0.0187744,0
9.9,11.1,0,0.306403,0.0185646,0
9.9,11.2,0,0.306012,0.0183674,0
9.9,11.3,0,0.305621,0.0181702,0
9.9,11.4,0,0.305233,0.0179905,0
9.9,11.5,0,0.304852,0.0178371,0
9.9,11.6,0,0.30447,0.0176836,0
9.9,11.7,0,0.304089,0.0175323,0
9.9,11.8,0,0.303719,0.0174216,0
9.9,11.9,0,0.303349,0.0173108,0
9.9,12,0,0.302978,0.0172,0
9.9,12.1,0,0.302638,0.0171069,0
9.9,12.2,0,0.30231,0.0170213,0
9.9,12.3,0,0.301982,0.0169357,0
9.9,12.4,0,0.301718,0.0168656,0
9.9,12.5,0,0.301572,0.0168241,0
9.9,12.6,0,0.301426,0.0167826,0
9.9,12.7,0,0.30128,0.0167411,0
10,0,0,0.301818,-0.0234377,0
10,0.1,0,0.302084,-0.0235144,0
10,0.2,0,0.30235,-0.0235911,0
10,0.3,0,0.302783,-0.023707,0
10,0.4,0,0.303385,-0.023862,0
10,0.5,0,0.303987,-0.0240171,0
10,0.6,0,0.30468,-0.0241987,0
10,0.7,0,0.305373,-0.0243803,0
10,0.8,0,0.306081,-0.02459,0
10,0.9,0,0.306805,-0.0248278,0
10,1,0,0.307529,-0.0250656,0
10,1.1,0,0.30828,-0.0253617,0
10,1.2,0,0.309032,-0.0256577,0
10,1.3,0,0.309802,-0.0259859,0
10,1.4,0,0.31059,-0.0263461,0
10,1.5,0,0.311379,-0.0267063,0
10,1.6,0,0.312218,-0.0271364,0
10,1.7,0,0.313058,-0.0275664,0
10,1.8,0,0.313932,-0.0280346,0
10,1.9,0,0.31484,-0.028541,0
10,2,0,0.315749,-0.0290473,0
10,2.1,0,0.316748,-0.0296369,0
10,2.2,0,0.317748,-0.0302264,0
10,2.3,0,0.318809,-0.0308611,0
10,2.4,0,0.319931,-0.0315408,0
10,2.5,0,0.321052,-0.0322205,0
10,2.6,0,0.322342,-0.0329968,0
10,2.7,0,0.323631,-0.0337731,0
10,2.8,0,0.32504,-0.0346,0
10,2.9,0,0.32657,-0.0354774,0
10,3,0,0.328099,-0.0363548,0
10,3.1,0,0.329971,-0.0373302,0
10,3.2,0,0.331844,-0.0383057,0
10,3.3,0,0.333912,-0.0393071,0
10,3.4,0,0.336176,-0.0403345,0
10,3.5,0,0.338439,-0.041362,0
10,3.6,0,0.340632,-0.0421858,0
10,3.7,0,0.342824,-0.0430096,0
10,3.8,0,0.343879,-0.0433627,0
10,3.9,0,0.343796,-0.0432451,0
10,4,0,0.343714,-0.0431275,0
10,4.1,0,0.335584,-0.0408936,0
10,4.2,0,0.327454,-0.0386597,0
10,4.3,0,0.310549,-0.0343166,0
10,4.4,0,0.284869,-0.0278643,0
10,4.5,0,0.259189,-0.0214119,0
10,4.6,0,0.211919,-0.0135877,0
10,4.7,0,0.164649,-0.00576358,0
10,4.8,0,0.112811,-0.0014812,0
10,4.9,0,0.0564057,-0.000740602,0
10,5,0,0,0,0
10,5.1,0,2.30483e-18,5.09261e-20,0
10,5.2,0,5.07912e-19,-9.49835e-20,0
10,5.3,0,-7.3454e-19,-1.26096e-19,0
10,5.4,0,-1.44418e-18,-9.0646e-20,0
10,5.5,0,-1.63411e-18,-2.3981e-20,0
10,5.6,0,-1.30343e-18,4.03338e-20,0
10,5.7,0,-4.35905e-19,7.00368e-20,0
10,5.8,0,9.9704e-19,3.2977e-20,0
10,5.9,0,0,0,0
10,6,0,7.36789e-18,-5.9019e-19,0
10,6.1,0,0.0573862,0.00416341,0
10,6.2,0,0.114772,0.00832681,0
10,6.3,0,0.172158,0.0124902,0
10,6.4,0,0.214094,0.0179251,0
10,6.5,0,0.247711,0.0240446,0
10,6.6,0,0.281327,0.0301641,0
10,6.7,0,0.30769,0.035153,0
10,6.8,0,0.317129,0.0375039,0
10,6.9,0,0.326568,0.0398548,0
10,7,0,0.336007,0.0422057,0
10,7.1,0,0.337044,0.0417376,0
10,7.2,0,0.337638,0.0411211,0
10,7.3,0,0.338233,0.0405045,0
10,7.4,0,0.337545,0.0397552,0
10,7.5,0,0.336001,0.0389174,0
10,7.6,0,0.334458,0.0380796,0
10,7.7,0,0.332917,0.0371835,0
10,7.8,0,0.331382,0.0361129,0
10,7.9,0,0.329847,0.0350422,0
10,8,0,0.328312,0.0339715,0
10,8.1,0,0.32706,0.0330422,0
10,8.2,0,0.325839,0.0321287,0
10,8.3,0,0.324619,0.0312151,0
10,8.4,0,0.323533,0.0303699,0
10,8.5,0,0.322558,0.0295806,0
10,8.6,0,0.321583,0.0287913,0
10,8.7,0,0.320642,0.028025,0
10,8.8,0,0.319835,0.0273508,0
10,8.9,0,0.319029,0.0266767,0
10,9,0,0.318222,0.0260025,0
10,9.1,0,0.317516,0.0254163,0
10,9.2,0,0.316827,0.0248455,0
10,9.3,0,0.316138,0.0242748,0
10,9.4,0,0.315491,0.0237488,0
10,9.5,0,0.314886,0.0232674,0
10,9.6,0,0.314281,0.0227861,0
10,9.7,0,0.313686,0.0223163,0
10,9.8,0,0.313142,0.0219122,0
10,9.9,0,0.312598,0.0215082,0
10,10,0,0.312055,0.0211041,0
10,10.1,0,0.311547,0.0207535,0
10,10.2,0,0.311048,0.0204162,0
10,10.3,0,0.310548,0.0200789,0
10,10.4,0,0.310064,0.0197677,0
10,10.5,0,0.309598,0.0194884,0
10,10.6,0,0.309132,0.0192091,0
10,10.7,0,0.308668,0.0189349,0
10,10.8,0,0.308226,0.0187063,0
10,10.9,0,0.307783,0.0184777,0
10,11,0,0.307341,0.0182492,0
10,11.1,0,0.306912,0.0180544,0
10,11.2,0,0.306487,0.017871,0
10,11.3,0,0.306062,0.0176875,0
10,11.4,0,0.305643,0.0175199,0
10,11.5,0,0.305231,0.0173762,0
10,11.6,0,0.304819,0.0172325,0
10,11.7,0,0.304408,0.0170907,0
10,11.8,0,0.304012,0.0169857,0
10,11.9,0,0.303615,0.0168806,0
10,12,0,0.303219,0.0167756,0
10,12.1,0,0.302855,0.0166863,0
10,12.2,0,0.302506,0.0166038,0
10,12.3,0,0.302157,0.0165212,0
10,12.4,0,0.301875,0.0164539,0
10,12.5,0,0.301719,0.0164147,0
10,12.6,0,0.301563,0.0163756,0
10,12.7,0,0.301406,0.0163364,0
10.1,0,0,0.301909,-0.0230323,0
10.1,0.1,0,0.30207,-0.0232284,0
10.1,0.2,0,0.302336,-0.0233051,0
10.1,0.3,0,0.302854,-0.0234405,0
10.1,0.4,0,0.303456,-0.0235956,0
10.1,0.5,0,0.304102,-0.023596,0
10.1,0.6,0,0.304799,-0.0239156,0
10.1,0.7,0,0.305491,-0.0240972,0
10.1,0.8,0,0.30624,-0.0242902,0
10.1,0.9,0,0.306965,-0.024528,0
10.1,1,0,0.307706,-0.0245983,0
10.1,1.1,0,0.308481,-0.0250361,0
10.1,1.2,0,0.309233,-0.0253322,0
10.1,1.3,0,0.310048,-0.0256249,0
10.1,1.4,0,0.310837,-0.0259851,0
10.1,1.5,0,0.311628,-0.0261504,0
10.1,1.6,0,0.312515,-0.0267274,0
10.1,1.7,0,0.313355,-0.0271575,0
10.1,1.8,0,0.314286,-0.0275615,0
10.1,1.9,0,0.315194,-0.0280678,0
10.1,2,0,0.316075,-0.0283468,0
10.1,2.1,0,0.317165,-0.0290787,0
10.1,2.2,0,0.318165,-0.0296683,0
10.1,2.3,0,0.319296,-0.0301913,0
10.1,2.4,0,0.320417,-0.030871,0
10.1,2.5,0,0.321454,-0.0312954,0
10.1,2.6,0,0.322905,-0.0321821,0
10.1,2.7,0,0.324194,-0.0329584,0
10.1,2.8,0,0.325685,-0.0335997,0
10.1,2.9,0,0.327214,-0.0344771,0
10.1,3,0,0.328546,-0.0350911,0
10.1,3.1,0,0.330703,-0.0360957,0
10.1,3.2,0,0.332575,-0.0370711,0
10.1,3.3,0,0.334734,-0.0377843,0
10.1,3.4,0,0.336998,-0.0388118,0
10.1,3.5,0,0.338625,-0.0395717,0
10.1,3.6,0,0.341522,-0.0403336,0
10.1,3.7,0,0.343714,-0.0411574,0
10.1,3.8,0,0.344749,-0.04115,0
10.1,3.9,0,0.344666,-0.0410324,0
10.1,4,0,0.341975,-0.0405755,0
10.1,4.1,0,0.336218,-0.0382751,0
10.1,4.2,0,0.328087,-0.0360412,0
10.1,4.3,0,0.310608,-0.0317825,0
10.1,4.4,0,0.284928,-0.0253301,0
10.1,4.5,0,0.254732,-0.0191766,0
10.1,4.6,0,0.210759,-0.0105208,0
10.1,4.7,0,0.163489,-0.0026967,0
10.1,4.8,0,0.113975,0.000701822,0
10.1,4.9,0,0.0575692,0.00144242,0
10.1,5,0,0.00656948,0.000534429,0
10.1,5.1,0,0.00267871,5.91873e-05,0
10.1,5.2,0,0.000590305,-0.000110392,0
10.1,5.3,0,-0.000853697,-0.000146551,0
10.1,5.4,0,-0.00167846,-0.000105351,0
10.1,5.5,0,-0.0018992,-2.78712e-05,0
10.1,5.6,0,-0.00151487,4.68768e-05,0
10.1,5.7,0,-0.000506617,8.13981e-05,0
10.1,5.8,0,0.00115878,3.83265e-05,0
10.1,5.9,0,0.00351871,-0.000158701,0
10.1,6,0,0.0085631,-0.00068593,0
10.1,6.1,0,0.0596969,-3.82706e-05,0
10.1,6.2,0,0.117083,0.00412513,0
10.1,6.3,0,0.173456,0.00871972,0
10.1,6.4,0,0.218359,0.0150407,0
10.1,6.5,0,0.251976,0.0211602,0
10.1,6.6,0,0.285592,0.0272797,0
10.1,6.7,0,0.308051,0.0330247,0
10.1,6.8,0,0.319173,0.0355825,0
10.1,6.9,0,0.328612,0.0379334,0
10.1,7,0,0.335001,0.039874,0
10.1,7.1,0,0.338465,0.0394862,0
10.1,7.2,0,0.339059,0.0388697,0
10.1,7.3,0,0.339539,0.0382842,0
10.1,7.4,0,0.338499,0.0382816,0
10.1,7.5,0,0.336956,0.0374438,0
10.1,7.6,0,0.335413,0.0366059,0
10.1,7.7,0,0.333525,0.035889,0
10.1,7.8,0,0.332159,0.0349249,0
10.1,7.9,0,0.330623,0.0338543,0
10.1,8,0,0.32887,0.0328315,0
10.1,8.1,0,0.327716,0.0321807,0
10.1,8.2,0,0.326495,0.0312672,0
10.1,8.3,0,0.325275,0.0303536,0
10.1,8.4,0,0.324085,0.0297333,0
10.1,8.5,0,0.32311,0.028944,0
10.1,8.6,0,0.322135,0.0281547,0
10.1,8.7,0,0.321092,0.0274183,0
10.1,8.8,0,0.320296,0.0268707,0
10.1,8.9,0,0.31949,0.0261966,0
10.1,9,0,0.318638,0.0254585,0
10.1,9.1,0,0.317899,0.0250458,0
10.1,9.2,0,0.31721,0.0244751,0
10.1,9.3,0,0.316521,0.0239043,0
10.1,9.4,0,0.315808,0.0234544,0
10.1,9.5,0,0.315204,0.0229731,0
10.1,9.6,0,0.314599,0.0224917,0
10.1,9.7,0,0.31397,0.0219767,0
10.1,9.8,0,0.313405,0.0216715,0
10.1,9.9,0,0.312861,0.0212675,0
10.1,10,0,0.312312,0.0208151,0
10.1,10.1,0,0.311764,0.0205513,0
10.1,10.2,0,0.311265,0.020214,0
10.1,10.3,0,0.310766,0.0198768,0
10.1,10.4,0,0.310243,0.0195937,0
10.1,10.5,0,0.309777,0.0193144,0
10.1,10.6,0,0.309311,0.0190351,0
10.1,10.7,0,0.308839,0.0187088,0
10.1,10.8,0,0.308371,0.0185531,0
10.1,10.9,0,0.307929,0.0183245,0
10.1,11,0,0.307487,0.0180674,0
10.1,11.1,0,0.307029,0.0179164,0
10.1,11.2,0,0.306604,0.017733,0
10.1,11.3,0,0.306179,0.0175495,0
10.1,11.4,0,0.305735,0.0173878,0
10.1,11.5,0,0.305321,0.0172497,0
10.1,11.6,0,0.30491,0.0171059,0
10.1,11.7,0,0.304496,0.016912,0
10.1,11.8,0,0.304077,0.0168655,0
10.1,11.9,0,0.30368,0.0167604,0
10.1,12,0,0.303285,0.0166379,0
10.1,12.1,0,0.302888,0.0165767,0
10.1,12.2,0,0.302539,0.0164941,0
10.1,12.3,0,0.302189,0.0164116,0
10.1,12.4,0,0.301856,0.0163209,0
10.1,12.5,0,0.301684,0.016291,0
10.1,12.6,0,0.301528,0.0162519,0
10.1,12.7,0,0.301451,0.0161659,0
10.2,0,0,0.302001,-0.0226269,0
10.2,0.1,0,0.302057,-0.0229425,0
10.2,0.2,0,0.302372,-0.0229634,0
10.2,0.3,0,0.302937,-0.0231095,0
10.2,0.4,0,0.303527,-0.0233291,0
10.2,0.5,0,0.304217,-0.0231749,0
10.2,0.6,0,0.304917,-0.0236325,0
10.2,0.7,0,0.305621,-0.0237439,0
10.2,0.8,0,0.306393,-0.0239278,0
10.2,0.9,0,0.307124,-0.0242283,0
10.2,1,0,0.307882,-0.024131,0
10.2,1.1,0,0.308682,-0.0247106,0
10.2,1.2,0,0.309439,-0.0249256,0
10.2,1.3,0,0.310279,-0.0251988,0
10.2,1.4,0,0.311083,-0.0256241,0
10.2,1.5,0,0.311878,-0.0255946,0
10.2,1.6,0,0.312812,-0.0263184,0
10.2,1.7,0,0.313648,-0.0266536,0
10.2,1.8,0,0.31461,-0.0270223,0
10.2,1.9,0,0.315548,-0.0275947,0
10.2,2,0,0.316402,-0.0276462,0
10.2,2.1,0,0.317582,-0.0285206,0
10.2,2.2,0,0.318559,-0.0290008,0
10.2,2.3,0,0.319728,-0.0294625,0
10.2,2.4,0,0.320904,-0.0302013,0
10.2,2.5,0,0.321856,-0.0303703,0
10.2,2.6,0,0.323467,-0.0313674,0
10.2,2.7,0,0.324698,-0.0320256,0
10.2,2.8,0,0.326234,-0.0325648,0
10.2,2.9,0,0.327858,-0.0334768,0
10.2,3,0,0.328994,-0.0338273,0
10.2,3.1,0,0.331434,-0.0348612,0
10.2,3.2,0,0.33316,-0.0357192,0
10.2,3.3,0,0.335368,-0.0362739,0
10.2,3.4,0,0.337819,-0.037289,0
10.2,3.5,0,0.338811,-0.0377814,0
10.2,3.6,0,0.342412,-0.0384815,0
10.2,3.7,0,0.344004,-0.0391671,0
10.2,3.8,0,0.345027,-0.0389614,0
10.2,3.9,0,0.345536,-0.0388197,0
10.2,4,0,0.340236,-0.0380235,0
10.2,4.1,0,0.336851,-0.0356565,0
10.2,4.2,0,0.326839,-0.0333554,0
10.2,4.3,0,0.309045,-0.029143,0
10.2,4.4,0,0.284988,-0.0227959,0
10.2,4.5,0,0.250275,-0.0169413,0
10.2,4.6,0,0.209599,-0.00745396,0
10.2,4.7,0,0.16194,-0.000609879,0
10.2,4.8,0,0.113704,0.00230252,0
10.2,4.9,0,0.0587326,0.00362545,0
10.2,5,0,0.013139,0.00106886,0
10.2,5.1,0,0.00535743,0.000118375,0
10.2,5.2,0,0.00118061,-0.000220783,0
10.2,5.3,0,-0.00170739,-0.000293103,0
10.2,5.4,0,-0.00335692,-0.000210701,0
10.2,5.5,0,-0.00379839,-5.57424e-05,0
10.2,5.6,0,-0.00302974,9.37535e-05,0
10.2,5.7,0,-0.00101323,0.000162796,0
10.2,5.8,0,0.00231756,7.66529e-05,0
10.2,5.9,0,0.00703743,-0.000317402,0
10.2,6,0,0.0171262,-0.00137186,0
10.2,6.1,0,0.0620077,-0.00423995,0
10.2,6.2,0,0.119394,-7.65412e-05,0
10.2,6.3,0,0.170443,0.00678385,0
10.2,6.4,0,0.219013,0.012627,0
10.2,6.5,0,0.256241,0.0182758,0
10.2,6.6,0,0.286919,0.0245044,0
10.2,6.7,0,0.304596,0.0304269,0
10.2,6.8,0,0.321216,0.0336611,0
10.2,6.9,0,0.330655,0.036012,0
10.2,7,0,0.333597,0.0374887,0
10.2,7.1,0,0.339885,0.0372349,0
10.2,7.2,0,0.34048,0.0366183,0
10.2,7.3,0,0.339428,0.036448,0
10.2,7.4,0,0.338802,0.0365861,0
10.2,7.5,0,0.337911,0.0359701,0
10.2,7.6,0,0.336214,0.035141,0
10.2,7.7,0,0.333901,0.0344484,0
10.2,7.8,0,0.332935,0.033737,0
10.2,7.9,0,0.3314,0.0326663,0
10.2,8,0,0.329364,0.0317058,0
10.2,8.1,0,0.328371,0.0313192,0
10.2,8.2,0,0.327151,0.0304057,0
10.2,8.3,0,0.325765,0.0294605,0
10.2,8.4,0,0.324587,0.0289091,0
10.2,8.5,0,0.323661,0.0283074,0
10.2,8.6,0,0.32267,0.0275063,0
10.2,8.7,0,0.321533,0.0267028,0
10.2,8.8,0,0.320757,0.0263906,0
10.2,8.9,0,0.31995,0.0257165,0
10.2,9,0,0.31903,0.0248805,0
10.2,9.1,0,0.318282,0.0246683,0
10.2,9.2,0,0.317593,0.0241046,0
10.2,9.3,0,0.31687,0.0234477,0
10.2,9.4,0,0.316147,0.0230097,0
10.2,9.5,0,0.315521,0.0226787,0
10.2,9.6,0,0.314915,0.022194,0
10.2,9.7,0,0.314266,0.0215846,0
10.2,9.8,0,0.313668,0.0214308,0
10.2,9.9,0,0.313124,0.0210268,0
10.2,10,0,0.312565,0.0204844,0
10.2,10.1,0,0.311986,0.02033,0
10.2,10.2,0,0.311482,0.0200119,0
10.2,10.3,0,0.31098,0.0196153,0
10.2,10.4,0,0.310455,0.0193146,0
10.2,10.5,0,0.309956,0.0191405,0
10.2,10.6,0,0.309489,0.0188611,0
10.2,10.7,0,0.309017,0.0184609,0
10.2,10.8,0,0.308517,0.0183998,0
10.2,10.9,0,0.308075,0.0181713,0
10.2,11,0,0.307634,0.0178464,0
10.2,11.1,0,0.307153,0.0177565,0
10.2,11.2,0,0.30672,0.017595,0
10.2,11.3,0,0.306296,0.017373,0
10.2,11.4,0,0.305852,0.017187,0
10.2,11.5,0,0.305412,0.0171231,0
10.2,11.6,0,0.305,0.0169794,0
10.2,11.7,0,0.304587,0.0167256,0
10.2,11.8,0,0.304141,0.0167452,0
10.2,11.9,0,0.303745,0.0166402,0
10.2,12,0,0.303353,0.0164604,0
10.2,12.1,0,0.302934,0.0164412,0
10.2,12.2,0,0.302571,0.0163845,0
10.2,12.3,0,0.302231,0.0162708,0
10.2,12.4,0,0.301907,0.0161486,0
10.2,12.5,0,0.30165,0.0161673,0
10.2,12.6,0,0.301493,0.0161282,0
10.2,12.7,0,0.301495,0.0159953,0
10.3,0,0,0.302092,-0.0222214,0
10.3,0.1,0,0.302043,-0.0226565,0
10.3,0.2,0,0.302469,-0.0225534,0
10.3,0.3,0,0.303034,-0.0226995,0
10.3,0.4,0,0.303598,-0.0230626,0
10.3,0.5,0,0.304332,-0.0227538,0
10.3,0.6,0,0.305036,-0.0233493,0
10.3,0.7,0,0.305764,-0.0233049,0
10.3,0.8,0,0.306536,-0.0234888,0
10.3,0.9,0,0.307283,-0.0239285,0
10.3,1,0,0.308059,-0.0236636,0
10.3,1.1,0,0.308883,-0.024385,0
10.3,1.2,0,0.309651,-0.0244199,0
10.3,1.3,0,0.310492,-0.0246931,0
10.3,1.4,0,0.311329,-0.0252631,0
10.3,1.5,0,0.312128,-0.0250387,0
10.3,1.6,0,0.313109,-0.0259094,0
10.3,1.7,0,0.313936,-0.0260336,0
10.3,1.8,0,0.314898,-0.0264024,0
10.3,1.9,0,0.315902,-0.0271215,0
10.3,2,0,0.316729,-0.0269456,0
10.3,2.1,0,0.317999,-0.0279624,0
10.3,2.2,0,0.318924,-0.0281998,0
10.3,2.3,0,0.320093,-0.0286615,0
10.3,2.4,0,0.321391,-0.0295316,0
10.3,2.5,0,0.322257,-0.0294452,0
10.3,2.6,0,0.32403,-0.0305528,0
10.3,2.7,0,0.325131,-0.0309484,0
10.3,2.8,0,0.326667,-0.0314875,0
10.3,2.9,0,0.328502,-0.0324765,0
10.3,3,0,0.329442,-0.0325635,0
10.3,3.1,0,0.332166,-0.0336267,0
10.3,3.2,0,0.333565,-0.0342239,0
10.3,3.3,0,0.335773,-0.0347785,0
10.3,3.4,0,0.338641,-0.0357662,0
10.3,3.5,0,0.338997,-0.0359911,0
10.3,3.6,0,0.343303,-0.0366294,0
10.3,3.7,0,0.34356,-0.0370079,0
10.3,3.8,0,0.344584,-0.0368022,0
10.3,3.9,0,0.346406,-0.0366071,0
10.3,4,0,0.338496,-0.0354715,0
10.3,4.1,0,0.337485,-0.033038,0
10.3,4.2,0,0.323291,-0.0305873,0
10.3,4.3,0,0.305496,-0.0263749,0
10.3,4.4,0,0.285048,-0.0202618,0
10.3,4.5,0,0.245818,-0.0147061,0
10.3,4.6,0,0.208439,-0.00438708,0
10.3,4.7,0,0.159916,0.000279081,0
10.3,4.8,0,0.111679,0.00319148,0
10.3,4.9,0,0.0598961,0.00580847,0
10.3,5,0,0.0197085,0.00160329,0
10.3,5.1,0,0.00803614,0.000177562,0
10.3,5.2,0,0.00177092,-0.000331175,0
10.3,5.3,0,-0.00256109,-0.000439654,0
10.3,5.4,0,-0.00503537,-0.000316052,0
10.3,5.5,0,-0.00569759,-8.36136e-05,0
10.3,5.6,0,-0.00454462,0.00014063,0
10.3,5.7,0,-0.00151985,0.000244194,0
10.3,5.8,0,0.00347634,0.000114979,0
10.3,5.9,0,0.0105561,-0.000476103,0
10.3,6,0,0.0256893,-0.00205779,0
10.3,6.1,0,0.0686111,-0.00602783,0
10.3,6.2,0,0.121705,-0.00427822,0
10.3,6.3,0,0.167431,0.00484798,0
10.3,6.4,0,0.216,0.0106912,0
10.3,6.5,0,0.260506,0.0153914,0
10.3,6.6,0,0.283463,0.0219067,0
10.3,6.7,0,0.30114,0.0278291,0
10.3,6.8,0,0.323259,0.0317397,0
10.3,6.9,0,0.33073,0.0338257,0
10.3,7,0,0.332192,0.0351033,0
10.3,7.1,0,0.339039,0.034876,0
10.3,7.2,0,0.3419,0.034367,0
10.3,7.3,0,0.339317,0.0346119,0
10.3,7.4,0,0.33869,0.03475,0
10.3,7.5,0,0.338865,0.0344965,0
10.3,7.6,0,0.33659,0.0337004,0
10.3,7.7,0,0.334277,0.0330077,0
10.3,7.8,0,0.333669,0.0325217,0
10.3,7.9,0,0.332048,0.0315068,0
10.3,8,0,0.329857,0.0305802,0
10.3,8.1,0,0.328878,0.0302153,0
10.3,8.2,0,0.327807,0.0295442,0
10.3,8.3,0,0.326248,0.028566,0
10.3,8.4,0,0.32507,0.0280146,0
10.3,8.5,0,0.324213,0.0276709,0
10.3,8.6,0,0.323111,0.0267907,0
10.3,8.7,0,0.321975,0.0259872,0
10.3,8.8,0,0.321213,0.0258578,0
10.3,8.9,0,0.320388,0.0252031,0
10.3,9,0,0.319423,0.0243025,0
10.3,9.1,0,0.318674,0.0240903,0
10.3,9.2,0,0.317975,0.0237341,0
10.3,9.3,0,0.317213,0.022975,0
10.3,9.4,0,0.31649,0.022537,0
10.3,9.5,0,0.315838,0.0223843,0
10.3,9.6,0,0.315211,0.0218019,0
10.3,9.7,0,0.314562,0.0211924,0
10.3,9.8,0,0.313942,0.0211387,0
10.3,9.9,0,0.313384,0.0207659,0
10.3,10,0,0.312817,0.0201538,0
10.3,10.1,0,0.312239,0.0199993,0
10.3,10.2,0,0.311699,0.0198097,0
10.3,10.3,0,0.311194,0.0193316,0
10.3,10.4,0,0.310669,0.0190309,0
10.3,10.5,0,0.310134,0.0189665,0
10.3,10.6,0,0.309668,0.0186193,0
10.3,10.7,0,0.309195,0.0182129,0
10.3,10.8,0,0.308678,0.0182035,0
10.3,10.9,0,0.308221,0.0180107,0
10.3,11,0,0.30778,0.0176255,0
10.3,11.1,0,0.3073,0.0175355,0
10.3,11.2,0,0.306837,0.017457,0
10.3,11.3,0,0.306413,0.0171722,0
10.3,11.4,0,0.30597,0.0169861,0
10.3,11.5,0,0.305502,0.0169966,0
10.3,11.6,0,0.305091,0.0168048,0
10.3,11.7,0,0.304678,0.0165392,0
10.3,11.8,0,0.304221,0.0165873,0
10.3,11.9,0,0.30381,0.01652,0
10.3,12,0,0.30342,0.0162829,0
10.3,12.1,0,0.303002,0.0162637,0
10.3,12.2,0,0.302604,0.0162749,0
10.3,12.3,0,0.302282,0.0160985,0
10.3,12.4,0,0.301958,0.0159762,0
10.3,12.5,0,0.301615,0.0160437,0
10.3,12.6,0,0.301513,0.0159723,0
10.3,12.7,0,0.301539,0.0158248,0
10.4,0,0,0.302183,-0.021816,0
10.4,0.1,0,0.302124,-0.0222631,0
10.4,0.2,0,0.302566,-0.0221435,0
10.4,0.3,0,0.303131,-0.0222896,0
10.4,0.4,0,0.303708,-0.022657,0
10.4,0.5,0,0.304448,-0.0223327,0
10.4,0.6,0,0.305151,-0.022942,0
10.4,0.7,0,0.305908,-0.0228659,0
10.4,0.8,0,0.306679,-0.0230498,0
10.4,0.9,0,0.307458,-0.0234779,0
10.4,1,0,0.308236,-0.0231963,0
10.4,1.1,0,0.309062,-0.0239319,0
10.4,1.2,0,0.309864,-0.0239141,0
10.4,1.3,0,0.310704,-0.0241873,0
10.4,1.4,0,0.311579,-0.0247267,0
10.4,1.5,0,0.312377,-0.0244828,0
10.4,1.6,0,0.313364,-0.0253683,0
10.4,1.7,0,0.314224,-0.0254137,0
10.4,1.8,0,0.315186,-0.0257825,0
10.4,1.9,0,0.316231,-0.0264437,0
10.4,2,0,0.317056,-0.0262451,0
10.4,2.1,0,0.318335,-0.0272761,0
10.4,2.2,0,0.319289,-0.0273987,0
10.4,2.3,0,0.320458,-0.0278604,0
10.4,2.4,0,0.321802,-0.028632,0
10.4,2.5,0,0.322659,-0.0285201,0
10.4,2.6,0,0.324448,-0.0296387,0
10.4,2.7,0,0.325564,-0.0298711,0
10.4,2.8,0,0.3271,-0.0304103,0
10.4,2.9,0,0.32897,-0.0312391,0
10.4,3,0,0.329889,-0.0312998,0
10.4,3.1,0,0.332642,-0.0323658,0
10.4,3.2,0,0.333969,-0.0327286,0
10.4,3.3,0,0.336177,-0.0332832,0
10.4,3.4,0,0.33889,-0.0340027,0
10.4,3.5,0,0.339182,-0.0342008,0
10.4,3.6,0,0.343559,-0.0348329,0
10.4,3.7,0,0.343117,-0.0348488,0
10.4,3.8,0,0.34414,-0.034643,0
10.4,3.9,0,0.344928,-0.034089,0
10.4,4,0,0.336757,-0.0329195,0
10.4,4.1,0,0.335983,-0.0304793,0
10.4,4.2,0,0.319743,-0.0278192,0
10.4,4.3,0,0.301948,-0.0236068,0
10.4,4.4,0,0.281043,-0.0179966,0
10.4,4.5,0,0.241362,-0.0124708,0
10.4,4.6,0,0.204312,-0.00206865,0
10.4,4.7,0,0.157891,0.00116804,0
10.4,4.8,0,0.109655,0.00408044,0
10.4,4.9,0,0.065925,0.00650776,0
10.4,5,0,0.0262779,0.00213771,0
10.4,5.1,0,0.0107149,0.000236749,0
10.4,5.2,0,0.00236122,-0.000441566,0
10.4,5.3,0,-0.00341479,-0.000586205,0
10.4,5.4,0,-0.00671383,-0.000421402,0
10.4,5.5,0,-0.00759679,-0.000111485,0
10.4,5.6,0,-0.00605949,0.000187507,0
10.4,5.7,0,-0.00202647,0.000325592,0
10.4,5.8,0,0.00463511,0.000153306,0
10.4,5.9,0,0.0140749,-0.000634804,0
10.4,6,0,0.0342524,-0.00274372,0
10.4,6.1,0,0.0771742,-0.00671376,0
10.4,6.2,0,0.119347,-0.00649308,0
10.4,6.3,0,0.164418,0.00291211,0
10.4,6.4,0,0.212987,0.0087553,0
10.4,6.5,0,0.262922,0.0126997,0
10.4,6.6,0,0.280008,0.0193089,0
10.4,6.7,0,0.297685,0.0252314,0
10.4,6.8,0,0.319845,0.0291469,0
10.4,6.9,0,0.329325,0.0314404,0
10.4,7,0,0.330787,0.032718,0
10.4,7.1,0,0.337634,0.0324907,0
10.4,7.2,0,0.342155,0.0324317,0
10.4,7.3,0,0.339205,0.0327758,0
10.4,7.4,0,0.338579,0.0329139,0
10.4,7.5,0,0.339502,0.0329146,0
10.4,7.6,0,0.336967,0.0322597,0
10.4,7.7,0,0.334653,0.0315671,0
10.4,7.8,0,0.334045,0.0310811,0
10.4,7.9,0,0.332541,0.0303811,0
10.4,8,0,0.33035,0.0294546,0
10.4,8.1,0,0.329371,0.0290897,0
10.4,8.2,0,0.328351,0.0286614,0
10.4,8.3,0,0.326731,0.0276716,0
10.4,8.4,0,0.325553,0.0271202,0
10.4,8.5,0,0.324736,0.0269275,0
10.4,8.6,0,0.323552,0.0260752,0
10.4,8.7,0,0.322416,0.0252716,0
10.4,8.8,0,0.321655,0.0251422,0
10.4,8.9,0,0.32078,0.0246251,0
10.4,9,0,0.319815,0.0237245,0
10.4,9.1,0,0.319066,0.0235123,0
10.4,9.2,0,0.318337,0.0233095,0
10.4,9.3,0,0.317555,0.0225023,0
10.4,9.4,0,0.316833,0.0220643,0
10.4,9.5,0,0.316169,0.0219955,0
10.4,9.6,0,0.315507,0.0214097,0
10.4,9.7,0,0.314858,0.0208002,0
10.4,9.8,0,0.314238,0.0207466,0
10.4,9.9,0,0.313637,0.0204353,0
10.4,10,0,0.31307,0.0198232,0
10.4,10.1,0,0.312492,0.0196687,0
10.4,10.2,0,0.311915,0.0195738,0
10.4,10.3,0,0.311407,0.0190479,0
10.4,10.4,0,0.310882,0.0187472,0
10.4,10.5,0,0.310336,0.0187217,0
10.4,10.6,0,0.309846,0.0183713,0
10.4,10.7,0,0.309373,0.017965,0
10.4,10.8,0,0.308856,0.0179555,0
10.4,10.9,0,0.308367,0.0177898,0
10.4,11,0,0.307926,0.0174046,0
10.4,11.1,0,0.307446,0.0173146,0
10.4,11.2,0,0.306954,0.0173002,0
10.4,11.3,0,0.306531,0.0169713,0
10.4,11.4,0,0.306087,0.0167852,0
10.4,11.5,0,0.305613,0.0168134,0
10.4,11.6,0,0.305182,0.0166185,0
10.4,11.7,0,0.304769,0.0163529,0
10.4,11.8,0,0.304312,0.0164009,0
10.4,11.9,0,0.303878,0.0163429,0
10.4,12,0,0.303488,0.0161054,0
10.4,12.1,0,0.30307,0.0160863,0
10.4,12.2,0,0.302642,0.0161492,0
10.4,12.3,0,0.302332,0.0159261,0
10.4,12.4,0,0.302009,0.0158039,0
10.4,12.5,0,0.301655,0.0158773,0
10.4,12.6,0,0.301557,0.0158018,0
10.4,12.7,0,0.301583,0.0156543,0
10.5,0,0,0.302275,-0.0214105,0
10.5,0.1,0,0.302254,-0.0218142,0
10.5,0.2,0,0.302663,-0.0217336,0
10.5,0.3,0,0.303228,-0.0218797,0
10.5,0.4,0,0.303833,-0.0221857,0
10.5,0.5,0,0.304563,-0.0219116,0
10.5,0.6,0,0.305275,-0.0224664,0
10.5,0.7,0,0.306051,-0.0224269,0
10.5,0.8,0,0.306823,-0.0226108,0
10.5,0.9,0,0.307629,-0.0229618,0
10.5,1,0,0.308412,-0.022729,0
10.5,1.1,0,0.309243,-0.0234015,0
10.5,1.2,0,0.310076,-0.0234084,0
10.5,1.3,0,0.310916,-0.0236816,0
10.5,1.4,0,0.311816,-0.0241202,0
10.5,1.5,0,0.312627,-0.023927,0
10.5,1.6,0,0.31361,-0.0247386,0
10.5,1.7,0,0.314512,-0.0247938,0
10.5,1.8,0,0.315474,-0.0251625,0
10.5,1.9,0,0.316535,-0.0256917,0
10.5,2,0,0.317383,-0.0255445,0
10.5,2.1,0,0.318644,-0.0264905,0
10.5,2.2,0,0.319655,-0.0265977,0
10.5,2.3,0,0.320824,-0.0270594,0
10.5,2.4,0,0.322161,-0.0276609,0
10.5,2.5,0,0.323061,-0.027595,0
10.5,2.6,0,0.324804,-0.0286217,0
10.5,2.7,0,0.325997,-0.0287939,0
10.5,2.8,0,0.327533,-0.029333,0
10.5,2.9,0,0.329343,-0.0299484,0
10.5,3,0,0.330337,-0.030036,0
10.5,3.1,0,0.332975,-0.0310108,0
10.5,3.2,0,0.334374,-0.0312332,0
10.5,3.3,0,0.336582,-0.0317879,0
10.5,3.4,0,0.33893,-0.032222,0
10.5,3.5,0,0.339368,-0.0324105,0
10.5,3.6,0,0.343278,-0.0329351,0
10.5,3.7,0,0.342673,-0.0326896,0
10.5,3.8,0,0.343696,-0.0324839,0
10.5,3.9,0,0.342729,-0.0315558,0
10.5,4,0,0.335018,-0.0303675,0
10.5,4.1,0,0.33278,-0.027875,0
10.5,4.2,0,0.316195,-0.0250511,0
10.5,4.3,0,0.2984,-0.0208387,0
10.5,4.4,0,0.275323,-0.0156795,0
10.5,4.5,0,0.236905,-0.0102355,0
10.5,4.6,0,0.199553,-0.000595647,0
10.5,4.7,0,0.155867,0.002057,0
10.5,4.8,0,0.10763,0.0049694,0
10.5,4.9,0,0.0713787,0.00658927,0
10.5,5,0,0.0328474,0.00267214,0
10.5,5.1,0,0.0133936,0.000295936,0
10.5,5.2,0,0.00295153,-0.000551958,0
10.5,5.3,0,-0.00426848,-0.000732756,0
10.5,5.4,0,-0.00839229,-0.000526753,0
10.5,5.5,0,-0.00949598,-0.000139356,0
10.5,5.6,0,-0.00757436,0.000234384,0
10.5,5.7,0,-0.00253309,0.00040699,0
10.5,5.8,0,0.00579389,0.000191632,0
10.5,5.9,0,0.0175936,-0.000793505,0
10.5,6,0,0.0428155,-0.00342965,0
10.5,6.1,0,0.0857373,-0.00739969,0
10.5,6.2,0,0.118667,-0.00711711,0
10.5,6.3,0,0.161405,0.000976246,0
10.5,6.4,0,0.209974,0.00681943,0
10.5,6.5,0,0.252188,0.0110505,0
10.5,6.6,0,0.276552,0.0167111,0
10.5,6.7,0,0.29423,0.0226336,0
10.5,6.8,0,0.315502,0.0264297,0
10.5,6.9,0,0.32792,0.029055,0
10.5,7,0,0.329382,0.0303327,0
10.5,7.1,0,0.33623,0.0301053,0
10.5,7.2,0,0.340663,0.0305301,0
10.5,7.3,0,0.339094,0.0309396,0
10.5,7.4,0,0.338468,0.0310777,0
10.5,7.5,0,0.33884,0.0311099,0
10.5,7.6,0,0.337343,0.0308191,0
10.5,7.7,0,0.335029,0.0301264,0
10.5,7.8,0,0.334381,0.0296492,0
10.5,7.9,0,0.333034,0.0292555,0
10.5,8,0,0.330843,0.028329,0
10.5,8.1,0,0.329864,0.027964,0
10.5,8.2,0,0.328736,0.0276073,0
10.5,8.3,0,0.327214,0.0267771,0
10.5,8.4,0,0.326036,0.0262257,0
10.5,8.5,0,0.325127,0.025967,0
10.5,8.6,0,0.323994,0.0253596,0
10.5,8.7,0,0.322857,0.024556,0
10.5,8.8,0,0.322094,0.0244241,0
10.5,8.9,0,0.321172,0.0240471,0
10.5,9,0,0.320207,0.0231465,0
10.5,9.1,0,0.319458,0.0229343,0
10.5,9.2,0,0.318686,0.0226873,0
10.5,9.3,0,0.317898,0.0220296,0
10.5,9.4,0,0.317175,0.0215916,0
10.5,9.5,0,0.316496,0.0214523,0
10.5,9.6,0,0.315803,0.0210176,0
10.5,9.7,0,0.315153,0.0204081,0
10.5,9.8,0,0.314533,0.0203544,0
10.5,9.9,0,0.313891,0.0201007,0
10.5,10,0,0.313323,0.0194926,0
10.5,10.1,0,0.312744,0.0193381,0
10.5,10.2,0,0.312158,0.0191828,0
10.5,10.3,0,0.311621,0.0187643,0
10.5,10.4,0,0.311096,0.0184635,0
10.5,10.5,0,0.310549,0.0183933,0
10.5,10.6,0,0.310024,0.0181234,0
10.5,10.7,0,0.309552,0.0177171,0
10.5,10.8,0,0.309034,0.0177076,0
10.5,10.9,0,0.308518,0.0175554,0
10.5,11,0,0.308073,0.0171836,0
10.5,11.1,0,0.307592,0.0170936,0
10.5,11.2,0,0.307099,0.0170204,0
10.5,11.3,0,0.306648,0.0167704,0
10.5,11.4,0,0.306204,0.0165843,0
10.5,11.5,0,0.305731,0.0165833,0
10.5,11.6,0,0.305273,0.0164321,0
10.5,11.7,0,0.30486,0.0161665,0
10.5,11.8,0,0.304403,0.0162145,0
10.5,11.9,0,0.303952,0.0161484,0
10.5,12,0,0.303556,0.0159279,0
10.5,12.1,0,0.303138,0.0159088,0
10.5,12.2,0,0.302728,0.015909,0
10.5,12.3,0,0.302383,0.0157538,0
10.5,12.4,0,0.302059,0.0156315,0
10.5,12.5,0,0.301735,0.0156875,0
10.5,12.6,0,0.301601,0.0156313,0
10.5,12.7,0,0.301627,0.0154837,0
10.6,0,0,0.302366,-0.0210051,0
10.6,0.1,0,0.302456,-0.0212848,0
10.6,0.2,0,0.30276,-0.0213236,0
10.6,0.3,0,0.303324,-0.0214697,0
10.6,0.4,0,0.303974,-0.0216211,0
10.6,0.5,0,0.304678,-0.0214905,0
10.6,0.6,0,0.305415,-0.0218894,0
10.6,0.7,0,0.306194,-0.0219879,0
10.6,0.8,0,0.306966,-0.0221718,0
10.6,0.9,0,0.30779,-0.0223553,0
10.6,1,0,0.308589,-0.0222616,0
10.6,1.1,0,0.309431,-0.022754,0
10.6,1.2,0,0.310288,-0.0229027,0
10.6,1.3,0,0.311129,-0.0231759,0
10.6,1.4,0,0.312032,-0.0234196,0
10.6,1.5,0,0.312876,-0.0233711,0
10.6,1.6,0,0.313851,-0.0239718,0
10.6,1.7,0,0.3148,-0.0241739,0
10.6,1.8,0,0.315762,-0.0245426,0
10.6,1.9,0,0.316796,-0.0248444,0
10.6,2,0,0.31771,-0.0248439,0
10.6,2.1,0,0.318919,-0.025547,0
10.6,2.2,0,0.32002,-0.0257966,0
10.6,2.3,0,0.321189,-0.0262583,0
10.6,2.4,0,0.322441,-0.0266045,0
10.6,2.5,0,0.323462,-0.0266699,0
10.6,2.6,0,0.325076,-0.027434,0
10.6,2.7,0,0.32643,-0.0277166,0
10.6,2.8,0,0.327965,-0.0282558,0
10.6,2.9,0,0.32958,-0.0286077,0
10.6,3,0,0.330785,-0.0287722,0
10.6,3.1,0,0.333096,-0.0294862,0
10.6,3.2,0,0.334779,-0.0297379,0
10.6,3.3,0,0.336987,-0.0302925,0
10.6,3.4,0,0.338699,-0.0304591,0
10.6,3.5,0,0.339554,-0.0306202,0
10.6,3.6,0,0.342129,-0.0308378,0
10.6,3.7,0,0.342229,-0.0305304,0
10.6,3.8,0,0.343252,-0.0303247,0
10.6,3.9,0,0.339676,-0.0290572,0
10.6,4,0,0.333279,-0.0278155,0
10.6,4.1,0,0.326859,-0.0251735,0
10.6,4.2,0,0.312647,-0.022283,0
10.6,4.3,0,0.294852,-0.0180706,0
10.6,4.4,0,0.267259,-0.0132103,0
10.6,4.5,0,0.232448,-0.00800024,0
10.6,4.6,0,0.194232,-0.000538298,0
10.6,4.7,0,0.153843,0.00294596,0
10.6,4.8,0,0.105606,0.00585836,0
10.6,4.9,0,0.0747603,0.00582963,0
10.6,5,0,0.0394169,0.00320657,0
10.6,5.1,0,0.0160723,0.000355124,0
10.6,5.2,0,0.00354183,-0.00066235,0
10.6,5.3,0,-0.00512218,-0.000879308,0
10.6,5.4,0,-0.0100707,-0.000632103,0
10.6,5.5,0,-0.0113952,-0.000167227,0
10.6,5.6,0,-0.00908923,0.000281261,0
10.6,5.7,0,-0.0030397,0.000488388,0
10.6,5.8,0,0.00695267,0.000229959,0
10.6,5.9,0,0.0211123,-0.000952206,0
10.6,6,0,0.0513786,-0.00411558,0
10.6,6.1,0,0.0913009,-0.00680899,0
10.6,6.2,0,0.121907,-0.00553723,0
10.6,6.3,0,0.158392,-0.000959623,0
10.6,6.4,0,0.206961,0.00488357,0
10.6,6.5,0,0.241455,0.00940123,0
10.6,6.6,0,0.273097,0.0141134,0
10.6,6.7,0,0.290774,0.0200358,0
10.6,6.8,0,0.308598,0.023368,0
10.6,6.9,0,0.322781,0.0262104,0
10.6,7,0,0.327977,0.0279473,0
10.6,7.1,0,0.334139,0.0279059,0
10.6,7.2,0,0.337726,0.0285599,0
10.6,7.3,0,0.338983,0.0291035,0
10.6,7.4,0,0.338356,0.0292416,0
10.6,7.5,0,0.33815,0.0293067,0
10.6,7.6,0,0.337719,0.0293784,0
10.6,7.7,0,0.335406,0.0286858,0
10.6,7.8,0,0.334473,0.0282709,0
10.6,7.9,0,0.333209,0.027929,0
10.6,8,0,0.331336,0.0272033,0
10.6,8.1,0,0.3303,0.0268275,0
10.6,8.2,0,0.329056,0.0264487,0
10.6,8.3,0,0.327698,0.0258826,0
10.6,8.4,0,0.32652,0.0253312,0
10.6,8.5,0,0.3255,0.0249935,0
10.6,8.6,0,0.324428,0.024618,0
10.6,8.7,0,0.323298,0.0238404,0
10.6,8.8,0,0.322467,0.0236106,0
10.6,8.9,0,0.321547,0.0232547,0
10.6,9,0,0.320599,0.0225685,0
10.6,9.1,0,0.319842,0.0223342,0
10.6,9.2,0,0.319038,0.0220071,0
10.6,9.3,0,0.318241,0.0215569,0
10.6,9.4,0,0.317518,0.0211189,0
10.6,9.5,0,0.316817,0.0208819,0
10.6,9.6,0,0.316104,0.0205868,0
10.6,9.7,0,0.315449,0.0200159,0
10.6,9.8,0,0.31482,0.0198804,0
10.6,9.9,0,0.314176,0.0196186,0
10.6,10,0,0.313575,0.0191619,0
10.6,10.1,0,0.312997,0.0189993,0
10.6,10.2,0,0.312407,0.0187706,0
10.6,10.3,0,0.311835,0.0184806,0
10.6,10.4,0,0.311309,0.0181799,0
10.6,10.5,0,0.310762,0.0180357,0
10.6,10.6,0,0.310214,0.017839,0
10.6,10.7,0,0.30973,0.0174691,0
10.6,10.8,0,0.309213,0.0174058,0
10.6,10.9,0,0.308697,0.0172397,0
10.6,11,0,0.308219,0.0169627,0
10.6,11.1,0,0.307738,0.0168727,0
10.6,11.2,0,0.307246,0.0167366,0
10.6,11.3,0,0.306765,0.0165695,0
10.6,11.4,0,0.306322,0.0163835,0
10.6,11.5,0,0.305848,0.0163226,0
10.6,11.6,0,0.305375,0.0162124,0
10.6,11.7,0,0.30495,0.0159801,0
10.6,11.8,0,0.304496,0.0159892,0
10.6,11.9,0,0.304046,0.0159048,0
10.6,12,0,0.303624,0.0157505,0
10.6,12.1,0,0.303205,0.0157313,0
10.6,12.2,0,0.302814,0.0156688,0
10.6,12.3,0,0.302434,0.0155814,0
10.6,12.4,0,0.30211,0.0154592,0
10.6,12.5,0,0.301865,0.0154683,0
10.6,12.6,0,0.301693,0.0154333,0
10.6,12.7,0,0.301671,0.0153132,0
10.7,0,0,0.302457,-0.0205997,0
10.7,0.1,0,0.302658,-0.0207554,0
10.7,0.2,0,0.302941,-0.0208181,0
10.7,0.3,0,0.303457,-0.0209361,0
10.7,0.4,0,0.304115,-0.0210565,0
10.7,0.5,0,0.304793,-0.0210694,0
10.7,0.6,0,0.305555,-0.0213124,0
10.7,0.7,0,0.306335,-0.0214385,0
10.7,0.8,0,0.307123,-0.0215988,0
10.7,0.9,0,0.30795,-0.0217487,0
10.7,1,0,0.308766,-0.0217943,0
10.7,1.1,0,0.309619,-0.0221065,0
10.7,1.2,0,0.310481,-0.0222835,0
10.7,1.3,0,0.311344,-0.0225143,0
10.7,1.4,0,0.312248,-0.022719,0
10.7,1.5,0,0.313126,-0.0228153,0
10.7,1.6,0,0.314091,-0.023205,0
10.7,1.7,0,0.31505,-0.0234365,0
10.7,1.8,0,0.316029,-0.0237408,0
10.7,1.9,0,0.317057,-0.0239971,0
10.7,2,0,0.318037,-0.0241434,0
10.7,2.1,0,0.319194,-0.0246036,0
10.7,2.2,0,0.320313,-0.0248817,0
10.7,2.3,0,0.321486,-0.025253,0
10.7,2.4,0,0.322721,-0.0255481,0
10.7,2.5,0,0.323864,-0.0257448,0
10.7,2.6,0,0.325348,-0.0262464,0
10.7,2.7,0,0.326734,-0.026551,0
10.7,2.8,0,0.328241,-0.0269677,0
10.7,2.9,0,0.329816,-0.027267,0
10.7,3,0,0.331232,-0.0275085,0
10.7,3.1,0,0.333217,-0.0279616,0
10.7,3.2,0,0.334956,-0.0282192,0
10.7,3.3,0,0.336882,-0.0285832,0
10.7,3.4,0,0.338467,-0.0286963,0
10.7,3.5,0,0.339739,-0.0288299,0
10.7,3.6,0,0.340981,-0.0287405,0
10.7,3.7,0,0.341221,-0.0284207,0
10.7,3.8,0,0.340721,-0.027894,0
10.7,3.9,0,0.336623,-0.0265587,0
10.7,4,0,0.331539,-0.0252635,0
10.7,4.1,0,0.320938,-0.0224719,0
10.7,4.2,0,0.3072,-0.0195681,0
10.7,4.3,0,0.287691,-0.0155416,0
10.7,4.4,0,0.259194,-0.010741,0
10.7,4.5,0,0.227991,-0.00576497,0
10.7,4.6,0,0.18891,-0.000480949,0
10.7,4.7,0,0.149181,0.00316963,0
10.7,4.8,0,0.107906,0.00542844,0
10.7,4.9,0,0.0781418,0.00506999,0
10.7,5,0,0.0459864,0.003741,0
10.7,5.1,0,0.018751,0.000414311,0
10.7,5.2,0,0.00413214,-0.000772741,0
10.7,5.3,0,-0.00597588,-0.00102586,0
10.7,5.4,0,-0.0117492,-0.000737454,0
10.7,5.5,0,-0.0132944,-0.000195098,0
10.7,5.6,0,-0.0106041,0.000328137,0
10.7,5.7,0,-0.00354632,0.000569786,0
10.7,5.8,0,0.00811145,0.000268285,0
10.7,5.9,0,0.024631,-0.00111091,0
10.7,6,0,0.0599417,-0.00480151,0
10.7,6.1,0,0.0945405,-0.00522911,0
10.7,6.2,0,0.125147,-0.00395735,0
10.7,6.3,0,0.155753,-0.0026856,0
10.7,6.4,0,0.198129,0.00316373,0
10.7,6.5,0,0.230722,0.00775198,0
10.7,6.6,0,0.263314,0.0123402,0
10.7,6.7,0,0.287319,0.0174381,0
10.7,6.8,0,0.301695,0.0203064,0
10.7,6.9,0,0.315878,0.0231487,0
10.7,7,0,0.326573,0.025562,0
10.7,7.1,0,0.331202,0.0259358,0
10.7,7.2,0,0.334789,0.0265898,0
10.7,7.3,0,0.338376,0.0272439,0
10.7,7.4,0,0.337876,0.0274265,0
10.7,7.5,0,0.337461,0.0275036,0
10.7,7.6,0,0.337045,0.0275807,0
10.7,7.7,0,0.335782,0.0272451,0
10.7,7.8,0,0.334566,0.0268925,0
10.7,7.9,0,0.333301,0.0265507,0
10.7,8,0,0.331829,0.0260777,0
10.7,8.1,0,0.33062,0.0256689,0
10.7,8.2,0,0.329377,0.0252901,0
10.7,8.3,0,0.328134,0.0249113,0
10.7,8.4,0,0.326945,0.0243955,0
10.7,8.5,0,0.325873,0.02402,0
10.7,8.6,0,0.324801,0.0236445,0
10.7,8.7,0,0.32374,0.0231248,0
10.7,8.8,0,0.322839,0.0227971,0
10.7,8.9,0,0.321919,0.0224412,0
10.7,9,0,0.320991,0.0219905,0
10.7,9.1,0,0.320194,0.021654,0
10.7,9.2,0,0.31939,0.0213269,0
10.7,9.3,0,0.318587,0.0209998,0
10.7,9.4,0,0.317852,0.0206064,0
10.7,9.5,0,0.317139,0.0203114,0
10.7,9.6,0,0.316425,0.0200164,0
10.7,9.7,0,0.315745,0.0196238,0
10.7,9.8,0,0.315106,0.0193983,0
10.7,9.9,0,0.314462,0.0191366,0
10.7,10,0,0.313828,0.0188313,0
10.7,10.1,0,0.313246,0.0185871,0
10.7,10.2,0,0.312656,0.0183585,0
10.7,10.3,0,0.312067,0.0181298,0
10.7,10.4,0,0.311523,0.0178747,0
10.7,10.5,0,0.310975,0.017678,0
10.7,10.6,0,0.310427,0.0174814,0
10.7,10.7,0,0.309908,0.0172212,0
10.7,10.8,0,0.309392,0.0170902,0
10.7,10.9,0,0.308876,0.0169241,0
10.7,11,0,0.308365,0.0167417,0
10.7,11.1,0,0.307885,0.0165898,0
10.7,11.2,0,0.307393,0.0164528,0
10.7,11.3,0,0.306901,0.0163157,0
10.7,11.4,0,0.306439,0.0161721,0
10.7,11.5,0,0.305966,0.0160619,0
10.7,11.6,0,0.305493,0.0159517,0
10.7,11.7,0,0.305041,0.0157937,0
10.7,11.8,0,0.30459,0.0157456,0
10.7,11.9,0,0.30414,0.0156611,0
10.7,12,0,0.303692,0.015573,0
10.7,12.1,0,0.303289,0.0154993,0
10.7,12.2,0,0.3029,0.0154286,0
10.7,12.3,0,0.302511,0.015358,0
10.7,12.4,0,0.302166,0.015284,0
10.7,12.5,0,0.301994,0.0152491,0
10.7,12.6,0,0.301823,0.0152141,0
10.7,12.7,0,0.301715,0.0151427,0
10.8,0,0,0.30255,-0.0201531,0
10.8,0.1,0,0.302814,-0.0202159,0
10.8,0.2,0,0.303097,-0.0202786,0
10.8,0.3,0,0.303583,-0.0203723,0
10.8,0.4,0,0.304242,-0.0204928,0
10.8,0.5,0,0.304902,-0.020606,0
10.8,0.6,0,0.305689,-0.0207337,0
10.8,0.7,0,0.30647,-0.0208598,0
10.8,0.8,0,0.307281,-0.0209901,0
10.8,0.9,0,0.308108,-0.0211401,0
10.8,1,0,0.308925,-0.0212829,0
10.8,1.1,0,0.309804,-0.0214567,0
10.8,1.2,0,0.310666,-0.0216338,0
10.8,1.3,0,0.311555,-0.0218115,0
10.8,1.4,0,0.312459,-0.0220162,0
10.8,1.5,0,0.313344,-0.0222141,0
10.8,1.6,0,0.314327,-0.0224361,0
10.8,1.7,0,0.315286,-0.0226676,0
10.8,1.8,0,0.316283,-0.0228915,0
10.8,1.9,0,0.317312,-0.0231479,0
10.8,2,0,0.318312,-0.0233986,0
10.8,2.1,0,0.319462,-0.0236585,0
10.8,2.2,0,0.32058,-0.0239366,0
10.8,2.3,0,0.321755,-0.0241954,0
10.8,2.4,0,0.32299,-0.0244906,0
10.8,2.5,0,0.324184,-0.0247822,0
10.8,2.6,0,0.325606,-0.0250583,0
10.8,2.7,0,0.326992,-0.025363,0
10.8,2.8,0,0.328461,-0.0256283,0
10.8,2.9,0,0.330036,-0.0259275,0
10.8,3,0,0.331549,-0.026223,0
10.8,3.1,0,0.333328,-0.0264425,0
10.8,3.2,0,0.335067,-0.0267001,0
10.8,3.3,0,0.336686,-0.0268382,0
10.8,3.4,0,0.338271,-0.0269513,0
10.8,3.5,0,0.339704,-0.0270493,0
10.8,3.6,0,0.340014,-0.0266951,0
10.8,3.7,0,0.340255,-0.0263753,0
10.8,3.8,0,0.338186,-0.0255074,0
10.8,3.9,0,0.334088,-0.0241721,0
10.8,4,0,0.329603,-0.022807,0
10.8,4.1,0,0.316054,-0.0199115,0
10.8,4.2,0,0.302316,-0.0170077,0
10.8,4.3,0,0.28097,-0.0132372,0
10.8,4.4,0,0.252473,-0.0084366,0
10.8,4.5,0,0.223908,-0.00370809,0
10.8,4.6,0,0.184057,-7.33328e-05,0
10.8,4.7,0,0.144327,0.00357725,0
10.8,4.8,0,0.109212,0.00496515,0
10.8,4.9,0,0.079448,0.00460671,0
10.8,5,0,0.0511459,0.00432169,0
10.8,5.1,0,0.0210014,0.000685393,0
10.8,5.2,0,0.0048006,-0.000636533,0
10.8,5.3,0,-0.00641452,-0.000959013,0
10.8,5.4,0,-0.012829,-0.000702444,0
10.8,5.5,0,-0.0145544,-0.000174111,0
10.8,5.6,0,-0.0115822,0.000333932,0
10.8,5.7,0,-0.00377134,0.000541366,0
10.8,5.8,0,0.00912536,0.000169888,0
10.8,5.9,0,0.0273849,-0.00135227,0
10.8,6,0,0.0663735,-0.0053899,0
10.8,6.1,0,0.0949666,-0.00431188,0
10.8,6.2,0,0.125573,-0.00304012,0
10.8,6.3,0,0.156179,-0.00176836,0
10.8,6.4,0,0.18978,0.00146033,0
10.8,6.5,0,0.222373,0.00604858,0
10.8,6.6,0,0.254965,0.0106368,0
10.8,6.7,0,0.282203,0.0148338,0
10.8,6.8,0,0.296386,0.0176762,0
10.8,6.9,0,0.310569,0.0205185,0
10.8,7,0,0.324523,0.0232921,0
10.8,7.1,0,0.328961,0.0240071,0
10.8,7.2,0,0.332548,0.0246612,0
10.8,7.3,0,0.336134,0.0253152,0
10.8,7.4,0,0.337356,0.0257066,0
10.8,7.5,0,0.33694,0.0257836,0
10.8,7.6,0,0.336525,0.0258607,0
10.8,7.7,0,0.335937,0.0258634,0
10.8,7.8,0,0.334672,0.0255215,0
10.8,7.9,0,0.333408,0.0251796,0
10.8,8,0,0.332141,0.0248412,0
10.8,8.1,0,0.330922,0.024511,0
10.8,8.2,0,0.329679,0.0241322,0
10.8,8.3,0,0.328436,0.0237534,0
10.8,8.4,0,0.3273,0.0234206,0
10.8,8.5,0,0.326227,0.0230451,0
10.8,8.6,0,0.325155,0.0226696,0
10.8,8.7,0,0.324118,0.0223366,0
10.8,8.8,0,0.323198,0.0219807,0
10.8,8.9,0,0.322278,0.0216249,0
10.8,9,0,0.321357,0.021269,0
10.8,9.1,0,0.320535,0.0209704,0
10.8,9.2,0,0.319731,0.0206433,0
10.8,9.3,0,0.318928,0.0203162,0
10.8,9.4,0,0.318165,0.0200324,0
10.8,9.5,0,0.317451,0.0197373,0
10.8,9.6,0,0.316738,0.0194423,0
10.8,9.7,0,0.316028,0.0191743,0
10.8,9.8,0,0.315385,0.0189126,0
10.8,9.9,0,0.314741,0.0186509,0
10.8,10,0,0.314098,0.0183891,0
10.8,10.1,0,0.313489,0.0181714,0
10.8,10.2,0,0.3129,0.0179428,0
10.8,10.3,0,0.31231,0.0177141,0
10.8,10.4,0,0.311732,0.0175136,0
10.8,10.5,0,0.311184,0.017317,0
10.8,10.6,0,0.310636,0.0171203,0
10.8,10.7,0,0.310083,0.0169366,0
10.8,10.8,0,0.309568,0.0167713,0
10.8,10.9,0,0.309052,0.0166052,0
10.8,11,0,0.308535,0.0164391,0
10.8,11.1,0,0.30803,0.0163029,0
10.8,11.2,0,0.307538,0.0161659,0
10.8,11.3,0,0.307046,0.0160289,0
10.8,11.4,0,0.306555,0.0159087,0
10.8,11.5,0,0.306082,0.0157985,0
10.8,11.6,0,0.305609,0.0156883,0
10.8,11.7,0,0.30513,0.0155795,0
10.8,11.8,0,0.304681,0.0154991,0
10.8,11.9,0,0.304231,0.0154147,0
10.8,12,0,0.303781,0.0153302,0
10.8,12.1,0,0.303365,0.0152589,0
10.8,12.2,0,0.302976,0.0151883,0
10.8,12.3,0,0.302587,0.0151176,0
10.8,12.4,0,0.302258,0.0150573,0
10.8,12.5,0,0.302087,0.0150223,0
10.8,12.6,0,0.301915,0.0149874,0
10.8,12.7,0,0.301762,0.0149497,0
10.9,0,0,0.302647,-0.0195833,0
10.9,0.1,0,0.302832,-0.019646,0
10.9,0.2,0,0.303116,-0.0197087,0
10.9,0.3,0,0.303666,-0.019811,0
10.9,0.4,0,0.304324,-0.0199314,0
10.9,0.5,0,0.304992,-0.0200161,0
10.9,0.6,0,0.30581,-0.0201498,0
10.9,0.7,0,0.30659,-0.0202759,0
10.9,0.8,0,0.307431,-0.0203751,0
10.9,0.9,0,0.308258,-0.0205251,0
10.9,1,0,0.309032,-0.0206395,0
10.9,1.1,0,0.309981,-0.0208002,0
10.9,1.2,0,0.310843,-0.0209773,0
10.9,1.3,0,0.311755,-0.021102,0
10.9,1.4,0,0.312659,-0.0213068,0
10.9,1.5,0,0.313468,-0.0214771,0
10.9,1.6,0,0.314548,-0.0216609,0
10.9,1.7,0,0.315507,-0.0218924,0
10.9,1.8,0,0.316519,-0.0220366,0
10.9,1.9,0,0.317548,-0.0222929,0
10.9,2,0,0.318431,-0.0225214,0
10.9,2.1,0,0.319704,-0.0227087,0
10.9,2.2,0,0.320823,-0.0229868,0
10.9,2.3,0,0.321993,-0.0231345,0
10.9,2.4,0,0.323228,-0.0234296,0
10.9,2.5,0,0.324257,-0.023707,0
10.9,2.6,0,0.325822,-0.0238691,0
10.9,2.7,0,0.327208,-0.0241738,0
10.9,2.8,0,0.328631,-0.0242926,0
10.9,2.9,0,0.330206,-0.0245918,0
10.9,3,0,0.331472,-0.0248727,0
10.9,3.1,0,0.333409,-0.0249397,0
10.9,3.2,0,0.335148,-0.0251973,0
10.9,3.3,0,0.336594,-0.0251468,0
10.9,3.4,0,0.338179,-0.0252598,0
10.9,3.5,0,0.339008,-0.0252975,0
10.9,3.6,0,0.339593,-0.0248056,0
10.9,3.7,0,0.339834,-0.0244858,0
10.9,3.8,0,0.337205,-0.0234562,0
10.9,3.9,0,0.333107,-0.0221209,0
10.9,4,0,0.327075,-0.0206366,0
10.9,4.1,0,0.31428,-0.0177746,0
10.9,4.2,0,0.300542,-0.0148708,0
10.9,4.3,0,0.27828,-0.0114271,0
10.9,4.4,0,0.249783,-0.0066265,0
10.9,4.5,0,0.220947,-0.00218638,0
10.9,4.6,0,0.180608,0.00138509,0
10.9,4.7,0,0.140878,0.00503567,0
10.9,4.8,0,0.104292,0.00539091,0
10.9,4.9,0,0.074528,0.00503247,0
10.9,5,0,0.0520756,0.00504116,0
10.9,5.1,0,0.0219667,0.00159216,0
10.9,5.2,0,0.00570353,0.000239475,0
10.9,5.3,0,-0.005608,-0.000251974,0
10.9,5.4,0,-0.0121126,-0.000246353,0
10.9,5.5,0,-0.0138971,-6.54647e-06,0
10.9,5.6,0,-0.0109501,0.000216482,0
10.9,5.7,0,-0.00315156,0.000183492,0
10.9,5.8,0,0.00970466,-0.000338682,0
10.9,5.9,0,0.0278444,-0.00184164,0
10.9,6,0,0.0664114,-0.00568567,0
10.9,6.1,0,0.0869526,-0.00538258,0
10.9,6.2,0,0.117559,-0.00411082,0
10.9,6.3,0,0.150768,-0.00273037,0
10.9,6.4,0,0.188583,-0.000405503,0
10.9,6.5,0,0.221176,0.00418275,0
10.9,6.6,0,0.253768,0.00877099,0
10.9,6.7,0,0.28006,0.0132794,0
10.9,6.8,0,0.295861,0.0163404,0
10.9,6.9,0,0.310044,0.0191828,0
10.9,7,0,0.322295,0.0214445,0
10.9,7.1,0,0.328806,0.0222029,0
10.9,7.2,0,0.332393,0.0228569,0
10.9,7.3,0,0.335708,0.0235752,0
10.9,7.4,0,0.337344,0.0242363,0
10.9,7.5,0,0.336929,0.0243134,0
10.9,7.6,0,0.336513,0.0243905,0
10.9,7.7,0,0.335793,0.0244971,0
10.9,7.8,0,0.334821,0.0241724,0
10.9,7.9,0,0.333556,0.0238306,0
10.9,8,0,0.332157,0.0236742,0
10.9,8.1,0,0.331169,0.023355,0
10.9,8.2,0,0.329926,0.0229762,0
10.9,8.3,0,0.328659,0.0226301,0
10.9,8.4,0,0.327598,0.0224417,0
10.9,8.5,0,0.326526,0.0220662,0
10.9,8.6,0,0.325454,0.0216907,0
10.9,8.7,0,0.324331,0.0214863,0
10.9,8.8,0,0.323513,0.0211558,0
10.9,8.9,0,0.322593,0.0207999,0
10.9,9,0,0.321571,0.0205248,0
10.9,9.1,0,0.320843,0.0202768,0
10.9,9.2,0,0.32004,0.0199497,0
10.9,9.3,0,0.319227,0.0196283,0
10.9,9.4,0,0.318444,0.0194431,0
10.9,9.5,0,0.317739,0.0191525,0
10.9,9.6,0,0.317025,0.0188575,0
10.9,9.7,0,0.316229,0.0186324,0
10.9,9.8,0,0.315644,0.018416,0
10.9,9.9,0,0.315,0.0181543,0
10.9,10,0,0.314294,0.0179089,0
10.9,10.1,0,0.313718,0.0177452,0
10.9,10.2,0,0.313128,0.0175165,0
10.9,10.3,0,0.312539,0.0172878,0
10.9,10.4,0,0.311922,0.0171327,0
10.9,10.5,0,0.311381,0.0169458,0
10.9,10.6,0,0.310833,0.0167492,0
10.9,10.7,0,0.310225,0.016565,0
10.9,10.8,0,0.309735,0.0164428,0
10.9,10.9,0,0.309218,0.0162767,0
10.9,11,0,0.308672,0.0161063,0
10.9,11.1,0,0.308168,0.0160069,0
10.9,11.2,0,0.307676,0.0158698,0
10.9,11.3,0,0.307184,0.0157328,0
10.9,11.4,0,0.306662,0.0156256,0
10.9,11.5,0,0.306192,0.0155268,0
10.9,11.6,0,0.305719,0.0154166,0
10.9,11.7,0,0.305211,0.0152938,0
10.9,11.8,0,0.304762,0.0152442,0
10.9,11.9,0,0.304312,0.0151598,0
10.9,12,0,0.303853,0.0150659,0
10.9,12.1,0,0.303411,0.0150181,0
10.9,12.2,0,0.303022,0.0149474,0
10.9,12.3,0,0.302633,0.0148767,0
10.9,12.4,0,0.302272,0.0148017,0
10.9,12.5,0,0.302068,0.0147729,0
10.9,12.6,0,0.301896,0.014738,0
10.9,12.7,0,0.301814,0.0146896,0
11,0,0,0.302745,-0.0190135,0
11,0.1,0,0.302851,-0.0190761,0
11,0.2,0,0.303186,-0.0191347,0
11,0.3,0,0.303755,-0.0192395,0
11,0.4,0,0.304406,-0.0193701,0
11,0.5,0,0.305082,-0.0194262,0
11,0.6,0,0.30593,-0.0195659,0
11,0.7,0,0.306694,-0.0196726,0
11,0.8,0,0.307543,-0.0197624,0
11,0.9,0,0.308408,-0.0199101,0
11,1,0,0.309139,-0.0199961,0
11,1.1,0,0.310157,-0.0201437,0
11,1.2,0,0.310978,-0.0203008,0
11,1.3,0,0.311898,-0.0204097,0
11,1.4,0,0.31286,-0.0205973,0
11,1.5,0,0.313592,-0.0207401,0
11,1.6,0,0.314769,-0.0208857,0
11,1.7,0,0.31566,-0.0210993,0
11,1.8,0,0.316678,-0.0212196,0
11,1.9,0,0.317784,-0.021438,0
11,2,0,0.31855,-0.0216441,0
11,2.1,0,0.319947,-0.0217588,0
11,2.2,0,0.320968,-0.0220241,0
11,2.3,0,0.322137,-0.0221385,0
11,2.4,0,0.323465,-0.0223686,0
11,2.5,0,0.324331,-0.0226319,0
11,2.6,0,0.326038,-0.0226799,0
11,2.7,0,0.327288,-0.0229763,0
11,2.8,0,0.328697,-0.0230513,0
11,2.9,0,0.330376,-0.0232562,0
11,3,0,0.331395,-0.0235224,0
11,3.1,0,0.33349,-0.023437,0
11,3.2,0,0.334976,-0.0236746,0
11,3.3,0,0.336371,-0.0235675,0
11,3.4,0,0.338087,-0.0235684,0
11,3.5,0,0.338312,-0.0235456,0
11,3.6,0,0.339172,-0.0229161,0
11,3.7,0,0.33869,-0.0225223,0
11,3.8,0,0.335893,-0.0214441,0
11,3.9,0,0.332126,-0.0200697,0
11,4,0,0.324546,-0.0184662,0
11,4.1,0,0.312506,-0.0156377,0
11,4.2,0,0.297618,-0.0127538,0
11,4.3,0,0.27508,-0.00940816,0
11,4.4,0,0.247093,-0.00481639,0
11,4.5,0,0.217986,-0.000664662,0
11,4.6,0,0.177159,0.0028435,0
11,4.7,0,0.139376,0.00603541,0
11,4.8,0,0.102349,0.00608086,0
11,4.9,0,0.069608,0.00545823,0
11,5,0,0.0530052,0.00576063,0
11,5.1,0,0.022932,0.00249892,0
11,5.2,0,0.00660646,0.00111548,0
11,5.3,0,-0.00480148,0.000455065,0
11,5.4,0,-0.0113962,0.000209737,0
11,5.5,0,-0.0132398,0.000161018,0
11,5.6,0,-0.010318,9.90313e-05,0
11,5.7,0,-0.00253177,-0.000174382,0
11,5.8,0,0.010284,-0.000847251,0
11,5.9,0,0.0283039,-0.002331,0
11,6,0,0.0664492,-0.00598144,0
11,6.1,0,0.0789385,-0.00645328,0
11,6.2,0,0.109545,-0.00518153,0
11,6.3,0,0.148668,-0.00355422,0
11,6.4,0,0.186712,-0.00149373,0
11,6.5,0,0.219979,0.00231691,0
11,6.6,0,0.25116,0.00699145,0
11,6.7,0,0.276625,0.0115504,0
11,6.8,0,0.295336,0.0150047,0
11,6.9,0,0.309519,0.017847,0
11,7,0,0.320068,0.0195969,0
11,7.1,0,0.328542,0.0203964,0
11,7.2,0,0.332237,0.0210527,0
11,7.3,0,0.334716,0.0219688,0
11,7.4,0,0.336488,0.0226488,0
11,7.5,0,0.336918,0.0228432,0
11,7.6,0,0.33636,0.0229694,0
11,7.7,0,0.335506,0.0231223,0
11,7.8,0,0.334969,0.0228233,0
11,7.9,0,0.333704,0.0224815,0
11,8,0,0.332173,0.0225072,0
11,8.1,0,0.331377,0.0221972,0
11,8.2,0,0.330172,0.0218203,0
11,8.3,0,0.328796,0.0216303,0
11,8.4,0,0.327739,0.0214424,0
11,8.5,0,0.326825,0.0210872,0
11,8.6,0,0.325707,0.0207604,0
11,8.7,0,0.324516,0.0206292,0
11,8.8,0,0.323829,0.0203308,0
11,8.9,0,0.322908,0.0199749,0
11,9,0,0.321773,0.0197892,0
11,9.1,0,0.321121,0.0195713,0
11,9.2,0,0.320348,0.0192562,0
11,9.3,0,0.31943,0.0189955,0
11,9.4,0,0.318648,0.0188103,0
11,9.5,0,0.318026,0.0185677,0
11,9.6,0,0.317286,0.0182835,0
11,9.7,0,0.316424,0.0180855,0
11,9.8,0,0.315903,0.0179195,0
11,9.9,0,0.31526,0.0176578,0
11,10,0,0.314474,0.017433,0
11,10.1,0,0.313927,0.0172991,0
11,10.2,0,0.313357,0.0170902,0
11,10.3,0,0.312702,0.0168696,0
11,10.4,0,0.312083,0.0167147,0
11,10.5,0,0.311579,0.0165746,0
11,10.6,0,0.311021,0.0163779,0
11,10.7,0,0.310366,0.0161935,0
11,10.8,0,0.309901,0.0161143,0
11,10.9,0,0.309385,0.0159482,0
11,11,0,0.308793,0.0157714,0
11,11.1,0,0.308298,0.0156908,0
11,11.2,0,0.307815,0.0155737,0
11,11.3,0,0.30729,0.0154276,0
11,11.4,0,0.306763,0.015319,0
11,11.5,0,0.306302,0.0152552,0
11,11.6,0,0.305828,0.0151442,0
11,11.7,0,0.305293,0.0150082,0
11,11.8,0,0.304844,0.0149893,0
11,11.9,0,0.304394,0.0149049,0
11,12,0,0.303918,0.0147942,0
11,12.1,0,0.303469,0.0147577,0
11,12.2,0,0.303068,0.0147065,0
11,12.3,0,0.302686,0.014619,0
11,12.4,0,0.302327,0.0145382,0
11,12.5,0,0.302049,0.0145235,0
11,12.6,0,0.301878,0.0144886,0
11,12.7,0,0.301867,0.0144294,0
11.1,0,0,0.302843,-0.0184436,0
11.1,0.1,0,0.302882,-0.0185062,0
11.1,0.2,0,0.303279,-0.0185589,0
11.1,0.3,0,0.303848,-0.0186638,0
11.1,0.4,0,0.304489,-0.0188045,0
11.1,0.5,0,0.305171,-0.0188363,0
11.1,0.6,0,0.306045,-0.0189811,0
11.1,0.7,0,0.30679,-0.0190609,0
11.1,0.8,0,0.30764,-0.0191508,0
11.1,0.9,0,0.308551,-0.0192908,0
11.1,1,0,0.309247,-0.0193526,0
11.1,1.1,0,0.310323,-0.0194891,0
11.1,1.2,0,0.311095,-0.0196159,0
11.1,1.3,0,0.312015,-0.0197248,0
11.1,1.4,0,0.313048,-0.0198838,0
11.1,1.5,0,0.313715,-0.0200031,0
11.1,1.6,0,0.314975,-0.0201162,0
11.1,1.7,0,0.315785,-0.0202987,0
11.1,1.8,0,0.316802,-0.0204189,0
11.1,1.9,0,0.318002,-0.0205797,0
11.1,2,0,0.318669,-0.0207668,0
11.1,2.1,0,0.320171,-0.0208198,0
11.1,2.2,0,0.321071,-0.021056,0
11.1,2.3,0,0.32224,-0.0211703,0
11.1,2.4,0,0.323678,-0.0213055,0
11.1,2.5,0,0.324404,-0.0215568,0
11.1,2.6,0,0.326233,-0.0215078,0
11.1,2.7,0,0.327309,-0.0217754,0
11.1,2.8,0,0.328718,-0.0218503,0
11.1,2.9,0,0.330508,-0.0219183,0
11.1,3,0,0.331318,-0.0221721,0
11.1,3.1,0,0.333547,-0.0219571,0
11.1,3.2,0,0.334697,-0.0221434,0
11.1,3.3,0,0.336091,-0.0220362,0
11.1,3.4,0,0.337905,-0.0218679,0
11.1,3.5,0,0.337615,-0.0217938,0
11.1,3.6,0,0.33871,-0.0210473,0
11.1,3.7,0,0.337237,-0.0205269,0
11.1,3.8,0,0.33444,-0.0194487,0
11.1,3.9,0,0.330913,-0.0180006,0
11.1,4,0,0.322018,-0.0162958,0
11.1,4.1,0,0.310619,-0.0134957,0
11.1,4.2,0,0.2942,-0.0106453,0
11.1,4.3,0,0.271663,-0.0072997,0
11.1,4.4,0,0.244362,-0.00304955,0
11.1,4.5,0,0.215024,0.000857052,0
11.1,4.6,0,0.173783,0.00431142,0
11.1,4.7,0,0.138708,0.00683857,0
11.1,4.8,0,0.101681,0.00688402,0
11.1,4.9,0,0.0655655,0.00592805,0
11.1,5,0,0.0539349,0.0064801,0
11.1,5.1,0,0.0238974,0.00340569,0
11.1,5.2,0,0.00750939,0.00199149,0
11.1,5.3,0,-0.00399496,0.0011621,0
11.1,5.4,0,-0.0106799,0.000665828,0
11.1,5.5,0,-0.0125825,0.000328582,0
11.1,5.6,0,-0.00968595,-1.84192e-05,0
11.1,5.7,0,-0.00191199,-0.000532256,0
11.1,5.8,0,0.0108633,-0.00135582,0
11.1,5.9,0,0.0287634,-0.00282036,0
11.1,6,0,0.0664871,-0.00627721,0
11.1,6.1,0,0.0784656,-0.00679821,0
11.1,6.2,0,0.102281,-0.00622091,0
11.1,6.3,0,0.146567,-0.00437806,0
11.1,6.4,0,0.184611,-0.00231758,0
11.1,6.5,0,0.218782,0.000451078,0
11.1,6.6,0,0.247725,0.00526245,0
11.1,6.7,0,0.27319,0.00982145,0
11.1,6.8,0,0.294106,0.0135736,0
11.1,6.9,0,0.307596,0.0160911,0
11.1,7,0,0.31784,0.0177493,0
11.1,7.1,0,0.326315,0.0185488,0
11.1,7.2,0,0.332073,0.0192506,0
11.1,7.3,0,0.333725,0.0203625,0
11.1,7.4,0,0.335497,0.0210424,0
11.1,7.5,0,0.336906,0.0213729,0
11.1,7.6,0,0.336073,0.0215947,0
11.1,7.7,0,0.335219,0.0217476,0
11.1,7.8,0,0.334961,0.0214651,0
11.1,7.9,0,0.333759,0.0212608,0
11.1,8,0,0.332189,0.0213401,0
11.1,8.1,0,0.331393,0.0210302,0
11.1,8.2,0,0.330419,0.0206643,0
11.1,8.3,0,0.328933,0.0206306,0
11.1,8.4,0,0.327875,0.0204427,0
11.1,8.5,0,0.327123,0.0201082,0
11.1,8.6,0,0.325892,0.0199033,0
11.1,8.7,0,0.324701,0.0197721,0
11.1,8.8,0,0.324082,0.0194906,0
11.1,8.9,0,0.323157,0.0192027,0
11.1,9,0,0.321976,0.0190536,0
11.1,9.1,0,0.321324,0.0188358,0
11.1,9.2,0,0.320656,0.0185626,0
11.1,9.3,0,0.319634,0.0183627,0
11.1,9.4,0,0.318851,0.0181774,0
11.1,9.5,0,0.318313,0.0179829,0
11.1,9.6,0,0.317481,0.0177366,0
11.1,9.7,0,0.316619,0.0175387,0
11.1,9.8,0,0.316125,0.0173933,0
11.1,9.9,0,0.315482,0.017171,0
11.1,10,0,0.314654,0.0169572,0
11.1,10.1,0,0.314107,0.0168232,0
11.1,10.2,0,0.313585,0.0166639,0
11.1,10.3,0,0.312863,0.0164516,0
11.1,10.4,0,0.312245,0.0162966,0
11.1,10.5,0,0.311776,0.0162034,0
11.1,10.6,0,0.311163,0.0160063,0
11.1,10.7,0,0.310508,0.0158219,0
11.1,10.8,0,0.31005,0.0157554,0
11.1,10.9,0,0.309536,0.0156174,0
11.1,11,0,0.308914,0.0154365,0
11.1,11.1,0,0.308419,0.0153559,0
11.1,11.2,0,0.307953,0.0152777,0
11.1,11.3,0,0.307391,0.0151209,0
11.1,11.4,0,0.306863,0.0150123,0
11.1,11.5,0,0.306412,0.0149831,0
11.1,11.6,0,0.305909,0.0148586,0
11.1,11.7,0,0.305374,0.0147225,0
11.1,11.8,0,0.304925,0.0147092,0
11.1,11.9,0,0.304471,0.0146459,0
11.1,12,0,0.303983,0.0145224,0
11.1,12.1,0,0.303534,0.0144859,0
11.1,12.2,0,0.303114,0.0144657,0
11.1,12.3,0,0.302741,0.0143555,0
11.1,12.4,0,0.302382,0.0142747,0
11.1,12.5,0,0.30204,0.0142723,0
11.1,12.6,0,0.301926,0.0142291,0
11.1,12.7,0,0.30192,0.0141692,0
11.2,0,0,0.30294,-0.0178738,0
11.2,0.1,0,0.30298,-0.0179364,0
11.2,0.2,0,0.303372,-0.0179831,0
11.2,0.3,0,0.303941,-0.018088,0
11.2,0.4,0,0.304579,-0.0182145,0
11.2,0.5,0,0.305261,-0.0182463,0
11.2,0.6,0,0.306135,-0.0183912,0
11.2,0.7,0,0.306887,-0.0184492,0
11.2,0.8,0,0.307737,-0.0185391,0
11.2,0.9,0,0.308658,-0.0186474,0
11.2,1,0,0.309354,-0.0187092,0
11.2,1.1,0,0.31043,-0.0188457,0
11.2,1.2,0,0.311212,-0.018931,0
11.2,1.3,0,0.312132,-0.0190398,0
11.2,1.4,0,0.313172,-0.0191468,0
11.2,1.5,0,0.313839,-0.0192661,0
11.2,1.6,0,0.315099,-0.0193792,0
11.2,1.7,0,0.31591,-0.019498,0
11.2,1.8,0,0.316928,-0.0196182,0
11.2,1.9,0,0.318121,-0.0197024,0
11.2,2,0,0.318788,-0.0198896,0
11.2,2.1,0,0.32029,-0.0199426,0
11.2,2.2,0,0.321174,-0.0200878,0
11.2,2.3,0,0.322343,-0.0202022,0
11.2,2.4,0,0.323752,-0.0202303,0
11.2,2.5,0,0.324478,-0.0204816,0
11.2,2.6,0,0.326306,-0.0204327,0
11.2,2.7,0,0.327331,-0.0205744,0
11.2,2.8,0,0.32874,-0.0206494,0
11.2,2.9,0,0.330432,-0.020568,0
11.2,3,0,0.331241,-0.0208218,0
11.2,3.1,0,0.33347,-0.0206068,0
11.2,3.2,0,0.334417,-0.0206122,0
11.2,3.3,0,0.335811,-0.020505,0
11.2,3.4,0,0.337208,-0.0201161,0
11.2,3.5,0,0.336919,-0.020042,0
11.2,3.6,0,0.338013,-0.0192955,0
11.2,3.7,0,0.335783,-0.0185316,0
11.2,3.8,0,0.332986,-0.0174534,0
11.2,3.9,0,0.328384,-0.0158302,0
11.2,4,0,0.319489,-0.0141255,0
11.2,4.1,0,0.308091,-0.0113253,0
11.2,4.2,0,0.290782,-0.00853688,0
11.2,4.3,0,0.268245,-0.00519125,0
11.2,4.4,0,0.241401,-0.00152784,0
11.2,4.5,0,0.212063,0.00237877,0
11.2,4.6,0,0.170822,0.00583313,0
11.2,4.7,0,0.13804,0.00764174,0
11.2,4.8,0,0.101013,0.00768719,0
11.2,4.9,0,0.0664952,0.00664752,0
11.2,5,0,0.0548646,0.00719958,0
11.2,5.1,0,0.0248627,0.00431246,0
11.2,5.2,0,0.00841233,0.0028675,0
11.2,5.3,0,-0.00318845,0.00186914,0
11.2,5.4,0,-0.00996351,0.00112192,0
11.2,5.5,0,-0.0119252,0.000496146,0
11.2,5.6,0,-0.00905385,-0.00013587,0
11.2,5.7,0,-0.00129221,-0.00089013,0
11.2,5.8,0,0.0114426,-0.00186439,0
11.2,5.9,0,0.0292229,-0.00330973,0
11.2,6,0,0.0665249,-0.00657298,0
11.2,6.1,0,0.0785035,-0.00709398,0
11.2,6.2,0,0.10018,-0.00704476,0
11.2,6.3,0,0.144466,-0.00520191,0
11.2,6.4,0,0.182511,-0.00314142,0
11.2,6.5,0,0.216484,-0.000920347,0
11.2,6.6,0,0.24429,0.00353345,0
11.2,6.7,0,0.269755,0.00809245,0
11.2,6.8,0,0.290671,0.0118446,0
11.2,6.9,0,0.305369,0.0142435,0
11.2,7,0,0.315612,0.0159017,0
11.2,7.1,0,0.324087,0.0167012,0
11.2,7.2,0,0.331081,0.0176443,0
11.2,7.3,0,0.332733,0.0187561,0
11.2,7.4,0,0.334505,0.019436,0
11.2,7.5,0,0.336302,0.0198473,0
11.2,7.6,0,0.335786,0.02022,0
11.2,7.7,0,0.334932,0.0203729,0
11.2,7.8,0,0.334674,0.0200903,0
11.2,7.9,0,0.333775,0.0200938,0
11.2,8,0,0.332206,0.0201731,0
11.2,8.1,0,0.33141,0.0198632,0
11.2,8.2,0,0.330567,0.0196483,0
11.2,8.3,0,0.32907,0.0196309,0
11.2,8.4,0,0.328012,0.0194429,0
11.2,8.5,0,0.327305,0.0191259,0
11.2,8.6,0,0.326077,0.0190462,0
11.2,8.7,0,0.324886,0.0189151,0
11.2,8.8,0,0.324267,0.0186335,0
11.2,8.9,0,0.32336,0.0184671,0
11.2,9,0,0.322178,0.0183181,0
11.2,9.1,0,0.321526,0.0181002,0
11.2,9.2,0,0.320882,0.0179163,0
11.2,9.3,0,0.319837,0.0177298,0
11.2,9.4,0,0.319055,0.0175446,0
11.2,9.5,0,0.318535,0.0173607,0
11.2,9.6,0,0.317676,0.0171898,0
11.2,9.7,0,0.316814,0.0169918,0
11.2,9.8,0,0.31632,0.0168465,0
11.2,9.9,0,0.315661,0.0166952,0
11.2,10,0,0.314834,0.0164814,0
11.2,10.1,0,0.314287,0.0163474,0
11.2,10.2,0,0.313765,0.0162389,0
11.2,10.3,0,0.313025,0.0160336,0
11.2,10.4,0,0.312406,0.0158786,0
11.2,10.5,0,0.311941,0.0157903,0
11.2,10.6,0,0.311304,0.0156348,0
11.2,10.7,0,0.310649,0.0154503,0
11.2,10.8,0,0.310192,0.0153838,0
11.2,10.9,0,0.309657,0.0152824,0
11.2,11,0,0.309035,0.0151016,0
11.2,11.1,0,0.30854,0.015021,0
11.2,11.2,0,0.308067,0.014968,0
11.2,11.3,0,0.307492,0.0148143,0
11.2,11.4,0,0.306964,0.0147057,0
11.2,11.5,0,0.306513,0.0146764,0
11.2,11.6,0,0.30599,0.014573,0
11.2,11.7,0,0.305455,0.0144369,0
11.2,11.8,0,0.305006,0.0144235,0
11.2,11.9,0,0.304536,0.0143741,0
11.2,12,0,0.304047,0.0142506,0
11.2,12.1,0,0.303598,0.0142142,0
11.2,12.2,0,0.30317,0.0142052,0
11.2,12.3,0,0.302796,0.014092,0
11.2,12.4,0,0.302437,0.0140113,0
11.2,12.5,0,0.302095,0.0140089,0
11.2,12.6,0,0.301979,0.0139689,0
11.2,12.7,0,0.301973,0.013909,0
11.3,0,0,0.303038,-0.0173039,0
11.3,0.1,0,0.303122,-0.017363,0
11.3,0.2,0,0.303465,-0.0174074,0
11.3,0.3,0,0.304034,-0.0175122,0
11.3,0.4,0,0.304676,-0.0176159,0
11.3,0.5,0,0.305351,-0.0176564,0
11.3,0.6,0,0.306211,-0.0177846,0
11.3,0.7,0,0.306984,-0.0178376,0
11.3,0.8,0,0.307833,-0.0179274,0
11.3,0.9,0,0.308734,-0.0180059,0
11.3,1,0,0.309461,-0.0180657,0
11.3,1.1,0,0.310502,-0.0181852,0
11.3,1.2,0,0.311329,-0.018246,0
11.3,1.3,0,0.312249,-0.0183549,0
11.3,1.4,0,0.313246,-0.0184245,0
11.3,1.5,0,0.313963,-0.0185291,0
11.3,1.6,0,0.315165,-0.0186269,0
11.3,1.7,0,0.316035,-0.0186973,0
11.3,1.8,0,0.317053,-0.0188175,0
11.3,1.9,0,0.318174,-0.0188577,0
11.3,2,0,0.318907,-0.0190123,0
11.3,2.1,0,0.320325,-0.0190544,0
11.3,2.2,0,0.321277,-0.0191197,0
11.3,2.3,0,0.322446,-0.019234,0
11.3,2.4,0,0.323745,-0.0192109,0
11.3,2.5,0,0.324552,-0.0194065,0
11.3,2.6,0,0.326263,-0.0193505,0
11.3,2.7,0,0.327352,-0.0193735,0
11.3,2.8,0,0.328761,-0.0194484,0
11.3,2.9,0,0.330265,-0.0192985,0
11.3,3,0,0.331164,-0.0194715,0
11.3,3.1,0,0.333177,-0.0192394,0
11.3,3.2,0,0.334137,-0.019081,0
11.3,3.3,0,0.335531,-0.0189738,0
11.3,3.4,0,0.336399,-0.0184604,0
11.3,3.5,0,0.336222,-0.0182902,0
11.3,3.6,0,0.336697,-0.0174802,0
11.3,3.7,0,0.334329,-0.0165363,0
11.3,3.8,0,0.331533,-0.0154581,0
11.3,3.9,0,0.325572,-0.0136934,0
11.3,4,0,0.316961,-0.0119551,0
11.3,4.1,0,0.304576,-0.00917205,0
11.3,4.2,0,0.287364,-0.00642843,0
11.3,4.3,0,0.264827,-0.0030828,0
11.3,4.4,0,0.238003,0.000172886,0
11.3,4.5,0,0.209102,0.00390048,0
11.3,4.6,0,0.169529,0.00696169,0
11.3,4.7,0,0.137372,0.00844491,0
11.3,4.8,0,0.100345,0.00849035,0
11.3,4.9,0,0.069976,0.00759343,0
11.3,5,0,0.0557942,0.00791905,0
11.3,5.1,0,0.025828,0.00521922,0
11.3,5.2,0,0.00931526,0.00374351,0
11.3,5.3,0,-0.00238193,0.00257618,0
11.3,5.4,0,-0.00924714,0.00157801,0
11.3,5.5,0,-0.0112679,0.00066371,0
11.3,5.6,0,-0.00842176,-0.00025332,0
11.3,5.7,0,-0.000672425,-0.001248,0
11.3,5.8,0,0.0120219,-0.00237296,0
11.3,5.9,0,0.0296824,-0.00379909,0
11.3,6,0,0.0665628,-0.00686875,0
11.3,6.1,0,0.0785413,-0.00738975,0
11.3,6.2,0,0.103097,-0.00738571,0
11.3,6.3,0,0.142366,-0.00602575,0
11.3,6.4,0,0.18041,-0.00396526,0
11.3,6.5,0,0.212146,-0.00160736,0
11.3,6.6,0,0.240855,0.00180444,0
11.3,6.7,0,0.26632,0.00636345,0
11.3,6.8,0,0.286372,0.00985583,0
11.3,6.9,0,0.303141,0.0123959,0
11.3,7,0,0.313385,0.0140541,0
11.3,7.1,0,0.321859,0.0148536,0
11.3,7.2,0,0.328559,0.0160059,0
11.3,7.3,0,0.331742,0.0171497,0
11.3,7.4,0,0.333514,0.0178297,0
11.3,7.5,0,0.335035,0.0183364,0
11.3,7.6,0,0.335499,0.0188452,0
11.3,7.7,0,0.334645,0.0189981,0
11.3,7.8,0,0.334335,0.0187869,0
11.3,7.9,0,0.333772,0.0189256,0
11.3,8,0,0.332222,0.0190061,0
11.3,8.1,0,0.331426,0.0186962,0
11.3,8.2,0,0.330507,0.0186391,0
11.3,8.3,0,0.329206,0.0186312,0
11.3,8.4,0,0.328149,0.0184432,0
11.3,8.5,0,0.327328,0.0182481,0
11.3,8.6,0,0.326262,0.0181891,0
11.3,8.7,0,0.325071,0.018058,0
11.3,8.8,0,0.324421,0.0178011,0
11.3,8.9,0,0.323541,0.0177264,0
11.3,9,0,0.322381,0.0175825,0
11.3,9.1,0,0.321728,0.0173646,0
11.3,9.2,0,0.320984,0.0172428,0
11.3,9.3,0,0.320041,0.017097,0
11.3,9.4,0,0.319259,0.0169118,0
11.3,9.5,0,0.318649,0.0167647,0
11.3,9.6,0,0.317871,0.0166429,0
11.3,9.7,0,0.317009,0.016445,0
11.3,9.8,0,0.316502,0.0163029,0
11.3,9.9,0,0.315824,0.0162055,0
11.3,10,0,0.315014,0.0160055,0
11.3,10.1,0,0.314467,0.0158715,0
11.3,10.2,0,0.313878,0.0157713,0
11.3,10.3,0,0.313187,0.0156156,0
11.3,10.4,0,0.312568,0.0154606,0
11.3,10.5,0,0.312055,0.015372,0
11.3,10.6,0,0.311446,0.0152632,0
11.3,10.7,0,0.310791,0.0150788,0
11.3,10.8,0,0.310332,0.015012,0
11.3,10.9,0,0.309768,0.0149307,0
11.3,11,0,0.309156,0.0147667,0
11.3,11.1,0,0.308661,0.0146861,0
11.3,11.2,0,0.30815,0.0146225,0
11.3,11.3,0,0.307592,0.0145076,0
11.3,11.4,0,0.307064,0.014399,0
11.3,11.5,0,0.306592,0.0143595,0
11.3,11.6,0,0.306071,0.0142873,0
11.3,11.7,0,0.305536,0.0141513,0
11.3,11.8,0,0.305087,0.0141379,0
11.3,11.9,0,0.3046,0.0140867,0
11.3,12,0,0.304112,0.0139788,0
11.3,12.1,0,0.303663,0.0139424,0
11.3,12.2,0,0.303244,0.0139108,0
11.3,12.3,0,0.302851,0.0138286,0
11.3,12.4,0,0.302492,0.0137478,0
11.3,12.5,0,0.302194,0.0137387,0
11.3,12.6,0,0.302032,0.0137087,0
11.3,12.7,0,0.302026,0.0136487,0
11.4,0,0,0.303135,-0.0167341,0
11.4,0.1,0,0.303293,-0.0167873,0
11.4,0.2,0,0.303562,-0.0168316,0
11.4,0.3,0,0.304127,-0.016935,0
11.4,0.4,0,0.304776,-0.0170116,0
11.4,0.5,0,0.305441,-0.0170665,0
11.4,0.6,0,0.306278,-0.0171669,0
11.4,0.7,0,0.307079,-0.0172256,0
11.4,0.8,0,0.307928,-0.0173143,0
11.4,0.9,0,0.308788,-0.0173658,0
11.4,1,0,0.309568,-0.0174223,0
11.4,1.1,0,0.31055,-0.0175133,0
11.4,1.2,0,0.311443,-0.0175617,0
11.4,1.3,0,0.312362,-0.0176686,0
11.4,1.4,0,0.313287,-0.0177119,0
11.4,1.5,0,0.314086,-0.0177921,0
11.4,1.6,0,0.315193,-0.0178644,0
11.4,1.7,0,0.316155,-0.0178985,0
11.4,1.8,0,0.317172,-0.0180157,0
11.4,1.9,0,0.318182,-0.0180347,0
11.4,2,0,0.319026,-0.0181351,0
11.4,2.1,0,0.320305,-0.0181588,0
11.4,2.2,0,0.321374,-0.0181552,0
11.4,2.3,0,0.322541,-0.0182652,0
11.4,2.4,0,0.323684,-0.0182286,0
11.4,2.5,0,0.324625,-0.0183313,0
11.4,2.6,0,0.326142,-0.0182636,0
11.4,2.7,0,0.327367,-0.0181782,0
11.4,2.8,0,0.32877,-0.0182467,0
11.4,2.9,0,0.33004,-0.0180829,0
11.4,3,0,0.331087,-0.0181212,0
11.4,3.1,0,0.332739,-0.0178606,0
11.4,3.2,0,0.333849,-0.0175574,0
11.4,3.3,0,0.335221,-0.0174396,0
11.4,3.4,0,0.335515,-0.0168688,0
11.4,3.5,0,0.335526,-0.0165384,0
11.4,3.6,0,0.334969,-0.0156225,0
11.4,3.7,0,0.332862,-0.0145478,0
11.4,3.8,0,0.330002,-0.0134568,0
11.4,3.9,0,0.322572,-0.0115789,0
11.4,4,0,0.314433,-0.00978472,0
11.4,4.1,0,0.300404,-0.00703016,0
11.4,4.2,0,0.283909,-0.00431831,0
11.4,4.3,0,0.261396,-0.00098877,0
11.4,4.4,0,0.234314,0.00199295,0
11.4,4.5,0,0.20614,0.00542219,0
11.4,4.6,0,0.169349,0.00782815,0
11.4,4.7,0,0.136728,0.00925124,0
11.4,4.8,0,0.0999694,0.00930821,0
11.4,4.9,0,0.0751576,0.00869031,0
11.4,5,0,0.0567239,0.00863852,0
11.4,5.1,0,0.0267934,0.00612599,0
11.4,5.2,0,0.0102182,0.00461951,0
11.4,5.3,0,-0.00157541,0.00328322,0
11.4,5.4,0,-0.00853078,0.0020341,0
11.4,5.5,0,-0.0106106,0.000831275,0
11.4,5.6,0,-0.00778966,-0.000370771,0
11.4,5.7,0,-5.2642e-05,-0.00160588,0
11.4,5.8,0,0.0126012,-0.00288153,0
11.4,5.9,0,0.0301419,-0.00428845,0
11.4,6,0,0.0666007,-0.00716452,0
11.4,6.1,0,0.0833893,-0.00748471,0
11.4,6.2,0,0.109048,-0.00743462,0
11.4,6.3,0,0.140265,-0.00684959,0
11.4,6.4,0,0.178301,-0.0047886,0
11.4,6.5,0,0.207807,-0.00229437,0
11.4,6.6,0,0.237313,0.000199861,0
11.4,6.7,0,0.262885,0.00463444,0
11.4,6.8,0,0.281234,0.00761498,0
11.4,6.9,0,0.29821,0.010183,0
11.4,7,0,0.311157,0.0122066,0
11.4,7.1,0,0.319048,0.0131441,0
11.4,7.2,0,0.325495,0.0143562,0
11.4,7.3,0,0.33075,0.0155434,0
11.4,7.4,0,0.332522,0.0162233,0
11.4,7.5,0,0.333767,0.0168256,0
11.4,7.6,0,0.334982,0.0174385,0
11.4,7.7,0,0.334358,0.0176234,0
11.4,7.8,0,0.333916,0.0175943,0
11.4,7.9,0,0.333353,0.017733,0
11.4,8,0,0.332238,0.0178391,0
11.4,8.1,0,0.331378,0.0176201,0
11.4,8.2,0,0.330413,0.0176283,0
11.4,8.3,0,0.329343,0.0176314,0
11.4,8.4,0,0.328285,0.0174435,0
11.4,8.5,0,0.327351,0.0173702,0
11.4,8.6,0,0.32639,0.0173247,0
11.4,8.7,0,0.325256,0.0172009,0
11.4,8.8,0,0.324493,0.0170334,0
11.4,8.9,0,0.323613,0.0169587,0
11.4,9,0,0.322583,0.0168469,0
11.4,9.1,0,0.321882,0.0166574,0
11.4,9.2,0,0.321082,0.016568,0
11.4,9.3,0,0.320245,0.0164642,0
11.4,9.4,0,0.319462,0.016279,0
11.4,9.5,0,0.31876,0.0161698,0
11.4,9.6,0,0.318027,0.0160737,0
11.4,9.7,0,0.317204,0.0158981,0
11.4,9.8,0,0.316617,0.0157768,0
11.4,9.9,0,0.315939,0.0156793,0
11.4,10,0,0.315194,0.0155297,0
11.4,10.1,0,0.314623,0.0153986,0
11.4,10.2,0,0.313991,0.0153037,0
11.4,10.3,0,0.313348,0.0151976,0
11.4,10.4,0,0.312729,0.0150426,0
11.4,10.5,0,0.312161,0.0149536,0
11.4,10.6,0,0.311567,0.0148644,0
11.4,10.7,0,0.310932,0.0147072,0
11.4,10.8,0,0.310427,0.014634,0
11.4,10.9,0,0.309864,0.0145527,0
11.4,11,0,0.309277,0.0144318,0
11.4,11.1,0,0.308773,0.0143487,0
11.4,11.2,0,0.308234,0.014277,0
11.4,11.3,0,0.307693,0.014201,0
11.4,11.4,0,0.307165,0.0140924,0
11.4,11.5,0,0.306664,0.0140388,0
11.4,11.6,0,0.306146,0.0139773,0
11.4,11.7,0,0.305617,0.0138656,0
11.4,11.8,0,0.305153,0.0138366,0
11.4,11.9,0,0.304665,0.0137842,0
11.4,12,0,0.304176,0.0137071,0
11.4,12.1,0,0.303728,0.0136679,0
11.4,12.2,0,0.303317,0.0136164,0
11.4,12.3,0,0.302906,0.013565,0
11.4,12.4,0,0.302547,0.0134843,0
11.4,12.5,0,0.302321,0.0134644,0
11.4,12.6,0,0.302144,0.013437,0
11.4,12.7,0,0.302078,0.0133886,0
11.5,0,0,0.303233,-0.0161643,0
11.5,0.1,0,0.303464,-0.0162115,0
11.5,0.2,0,0.303733,-0.0162559,0
11.5,0.3,0,0.304228,-0.0163306,0
11.5,0.4,0,0.304877,-0.0164072,0
11.5,0.5,0,0.305531,-0.0164765,0
11.5,0.6,0,0.306344,-0.0165492,0
11.5,0.7,0,0.307145,-0.0166079,0
11.5,0.8,0,0.307982,-0.0166742,0
11.5,0.9,0,0.308842,-0.0167257,0
11.5,1,0,0.309676,-0.0167789,0
11.5,1.1,0,0.310598,-0.0168415,0
11.5,1.2,0,0.311491,-0.0168899,0
11.5,1.3,0,0.312403,-0.0169561,0
11.5,1.4,0,0.313327,-0.0169994,0
11.5,1.5,0,0.31421,-0.0170551,0
11.5,1.6,0,0.315221,-0.0171019,0
11.5,1.7,0,0.316183,-0.017136,0
11.5,1.8,0,0.31718,-0.0171927,0
11.5,1.9,0,0.31819,-0.0172117,0
11.5,2,0,0.319145,-0.0172578,0
11.5,2.1,0,0.320284,-0.0172633,0
11.5,2.2,0,0.321354,-0.0172596,0
11.5,2.3,0,0.32248,-0.0172829,0
11.5,2.4,0,0.323623,-0.0172463,0
11.5,2.5,0,0.324699,-0.0172562,0
11.5,2.6,0,0.326021,-0.0171767,0
11.5,2.7,0,0.327245,-0.0170913,0
11.5,2.8,0,0.328545,-0.0170311,0
11.5,2.9,0,0.329815,-0.0168673,0
11.5,3,0,0.33101,-0.0167709,0
11.5,3.1,0,0.332301,-0.0164818,0
11.5,3.2,0,0.333411,-0.0161786,0
11.5,3.3,0,0.334337,-0.015848,0
11.5,3.4,0,0.33463,-0.0152772,0
11.5,3.5,0,0.33483,-0.0147866,0
11.5,3.6,0,0.33324,-0.0137648,0
11.5,3.7,0,0.331133,-0.0126902,0
11.5,3.8,0,0.327001,-0.0113423,0
11.5,3.9,0,0.319571,-0.00946434,0
11.5,4,0,0.311904,-0.00761435,0
11.5,4.1,0,0.296232,-0.00488826,0
11.5,4.2,0,0.279737,-0.00217641,0
11.5,4.3,0,0.257707,0.000831293,0
11.5,4.4,0,0.230625,0.00381301,0
11.5,4.5,0,0.203179,0.00694391,0
11.5,4.6,0,0.169168,0.00869462,0
11.5,4.7,0,0.136548,0.0101177,0
11.5,4.8,0,0.105151,0.0104051,0
11.5,4.9,0,0.0803393,0.00978719,0
11.5,5,0,0.0576535,0.00935799,0
11.5,5.1,0,0.0277587,0.00703275,0
11.5,5.2,0,0.0111211,0.00549552,0
11.5,5.3,0,-0.000768889,0.00399026,0
11.5,5.4,0,-0.00781442,0.00249019,0
11.5,5.5,0,-0.0099533,0.000998839,0
11.5,5.6,0,-0.00715757,-0.000488221,0
11.5,5.7,0,0.000567141,-0.00196375,0
11.5,5.8,0,0.0131805,-0.0033901,0
11.5,5.9,0,0.0306014,-0.00477781,0
11.5,6,0,0.0666385,-0.00746029,0
11.5,6.1,0,0.0893406,-0.00753362,0
11.5,6.2,0,0.114999,-0.00748353,0
11.5,6.3,0,0.140658,-0.00743344,0
11.5,6.4,0,0.173962,-0.00547561,0
11.5,6.5,0,0.203468,-0.00298138,0
11.5,6.6,0,0.232974,-0.00048715,0
11.5,6.7,0,0.25912,0.00280613,0
11.5,6.8,0,0.276096,0.00537412,0
11.5,6.9,0,0.293072,0.00794211,0
11.5,7,0,0.30893,0.010359,0
11.5,7.1,0,0.315984,0.0114944,0
11.5,7.2,0,0.322431,0.0127065,0
11.5,7.3,0,0.328877,0.0139186,0
11.5,7.4,0,0.331286,0.0147018,0
11.5,7.5,0,0.3325,0.0153147,0
11.5,7.6,0,0.333714,0.0159276,0
11.5,7.7,0,0.33406,0.0162629,0
11.5,7.8,0,0.333497,0.0164016,0
11.5,7.9,0,0.332934,0.0165403,0
11.5,8,0,0.332254,0.0166721,0
11.5,8.1,0,0.331284,0.0166093,0
11.5,8.2,0,0.33032,0.0166175,0
11.5,8.3,0,0.329355,0.0166257,0
11.5,8.4,0,0.328334,0.0165379,0
11.5,8.5,0,0.327374,0.0164924,0
11.5,8.6,0,0.326414,0.0164469,0
11.5,8.7,0,0.325441,0.0163438,0
11.5,8.8,0,0.324565,0.0162657,0
11.5,8.9,0,0.323685,0.016191,0
11.5,9,0,0.322786,0.0161114,0
11.5,9.1,0,0.32198,0.0159826,0
11.5,9.2,0,0.32118,0.0158932,0
11.5,9.3,0,0.320379,0.0158038,0
11.5,9.4,0,0.319605,0.0156711,0
11.5,9.5,0,0.318872,0.0155749,0
11.5,9.6,0,0.318138,0.0154788,0
11.5,9.7,0,0.317398,0.0153513,0
11.5,9.8,0,0.316732,0.0152506,0
11.5,9.9,0,0.316054,0.0151532,0
11.5,10,0,0.315374,0.0150538,0
11.5,10.1,0,0.314736,0.014931,0
11.5,10.2,0,0.314104,0.0148362,0
11.5,10.3,0,0.313472,0.0147413,0
11.5,10.4,0,0.312861,0.0146244,0
11.5,10.5,0,0.312267,0.0145352,0
11.5,10.6,0,0.311672,0.014446,0
11.5,10.7,0,0.311074,0.0143356,0
11.5,10.8,0,0.310523,0.0142561,0
11.5,10.9,0,0.309959,0.0141748,0
11.5,11,0,0.309396,0.0140935,0
11.5,11.1,0,0.308856,0.0140032,0
11.5,11.2,0,0.308317,0.0139315,0
11.5,11.3,0,0.307778,0.0138598,0
11.5,11.4,0,0.307253,0.0137798,0
11.5,11.5,0,0.306736,0.0137182,0
11.5,11.6,0,0.306218,0.0136566,0
11.5,11.7,0,0.305699,0.01358,0
11.5,11.8,0,0.305217,0.0135341,0
11.5,11.9,0,0.304729,0.0134817,0
11.5,12,0,0.304241,0.0134293,0
11.5,12.1,0,0.303802,0.0133735,0
11.5,12.2,0,0.303391,0.0133221,0
11.5,12.3,0,0.30298,0.0132706,0
11.5,12.4,0,0.302624,0.0132175,0
11.5,12.5,0,0.302448,0.0131901,0
11.5,12.6,0,0.302271,0.0131628,0
11.5,12.7,0,0.302131,0.0131284,0
11.6,0,0,0.303318,-0.0155905,0
11.6,0.1,0,0.303549,-0.0156215,0
11.6,0.2,0,0.303818,-0.0156658,0
11.6,0.3,0,0.304292,-0.0157302,0
11.6,0.4,0,0.304941,-0.0158067,0
11.6,0.5,0,0.305595,-0.0158846,0
11.6,0.6,0,0.306397,-0.0159333,0
11.6,0.7,0,0.307199,-0.015992,0
11.6,0.8,0,0.308031,-0.0160346,0
11.6,0.9,0,0.308891,-0.0160861,0
11.6,1,0,0.309731,-0.0161408,0
11.6,1.1,0,0.310641,-0.0161701,0
11.6,1.2,0,0.311534,-0.0162185,0
11.6,1.3,0,0.312438,-0.0162447,0
11.6,1.4,0,0.313362,-0.016288,0
11.6,1.5,0,0.314254,-0.0163388,0
11.6,1.6,0,0.315242,-0.0163413,0
11.6,1.7,0,0.316205,-0.0163754,0
11.6,1.8,0,0.317179,-0.0163727,0
11.6,1.9,0,0.31819,-0.0163917,0
11.6,2,0,0.319153,-0.0164271,0
11.6,2.1,0,0.320253,-0.0163721,0
11.6,2.2,0,0.321322,-0.0163684,0
11.6,2.3,0,0.322406,-0.0163069,0
11.6,2.4,0,0.323549,-0.0162703,0
11.6,2.5,0,0.324628,-0.0162679,0
11.6,2.6,0,0.325886,-0.0160993,0
11.6,2.7,0,0.327111,-0.0160139,0
11.6,2.8,0,0.328318,-0.0158314,0
11.6,2.9,0,0.329588,-0.0156676,0
11.6,3,0,0.330746,-0.0155682,0
11.6,3.1,0,0.331916,-0.0151322,0
11.6,3.2,0,0.333026,-0.014829,0
11.6,3.3,0,0.333663,-0.0143135,0
11.6,3.4,0,0.333957,-0.0137428,0
11.6,3.5,0,0.333941,-0.0132845,0
11.6,3.6,0,0.332074,-0.0120126,0
11.6,3.7,0,0.329968,-0.0109379,0
11.6,3.8,0,0.325154,-0.00938144,0
11.6,3.9,0,0.317724,-0.00750351,0
11.6,4,0,0.309548,-0.00586014,0
11.6,4.1,0,0.293829,-0.00286169,0
11.6,4.2,0,0.277335,-0.000149843,0
11.6,4.3,0,0.255663,0.00267963,0
11.6,4.4,0,0.228581,0.00566135,0
11.6,4.5,0,0.201002,0.00813713,0
11.6,4.6,0,0.169129,0.0100356,0
11.6,4.7,0,0.136509,0.0114587,0
11.6,4.8,0,0.107672,0.0116858,0
11.6,4.9,0,0.0828607,0.0110679,0
11.6,5,0,0.0589015,0.0100334,0
11.6,5.1,0,0.0292554,0.00780951,0
11.6,5.2,0,0.0126979,0.00623948,0
11.6,5.3,0,0.00083459,0.00462061,0
11.6,5.4,0,-0.00620881,0.00295759,0
11.6,5.5,0,-0.00835351,0.00127839,0
11.6,5.6,0,-0.00557024,-0.000398502,0
11.6,5.7,0,0.00212092,-0.00204319,0
11.6,5.8,0,0.0146514,-0.00359392,0
11.6,5.9,0,0.0319035,-0.00501918,0
11.6,6,0,0.0674425,-0.00764256,0
11.6,6.1,0,0.0911119,-0.00811663,0
11.6,6.2,0,0.116771,-0.00806653,0
11.6,6.3,0,0.142429,-0.00801644,0
11.6,6.4,0,0.172141,-0.00668502,0
11.6,6.5,0,0.201646,-0.00419079,0
11.6,6.6,0,0.231152,-0.00169657,0
11.6,6.7,0,0.256882,0.0010558,0
11.6,6.8,0,0.273858,0.00362379,0
11.6,6.9,0,0.290834,0.00619178,0
11.6,7,0,0.306882,0.00876347,0
11.6,7.1,0,0.314572,0.0099403,0
11.6,7.2,0,0.321019,0.0111524,0
11.6,7.3,0,0.327465,0.0123645,0
11.6,7.4,0,0.330628,0.0133543,0
11.6,7.5,0,0.331842,0.0139673,0
11.6,7.6,0,0.333057,0.0145802,0
11.6,7.7,0,0.3338,0.0151119,0
11.6,7.8,0,0.333237,0.0152506,0
11.6,7.9,0,0.332674,0.0153892,0
11.6,8,0,0.332059,0.0155687,0
11.6,8.1,0,0.331205,0.0156133,0
11.6,8.2,0,0.330241,0.0156215,0
11.6,8.3,0,0.329276,0.0156297,0
11.6,8.4,0,0.328341,0.0156684,0
11.6,8.5,0,0.327381,0.0156229,0
11.6,8.6,0,0.32642,0.0155774,0
11.6,8.7,0,0.325494,0.0155774,0
11.6,8.8,0,0.324619,0.0155023,0
11.6,8.9,0,0.323739,0.0154275,0
11.6,9,0,0.322849,0.0153673,0
11.6,9.1,0,0.322062,0.0153099,0
11.6,9.2,0,0.321262,0.0152205,0
11.6,9.3,0,0.320461,0.0151311,0
11.6,9.4,0,0.319703,0.015077,0
11.6,9.5,0,0.31897,0.0149808,0
11.6,9.6,0,0.318236,0.0148847,0
11.6,9.7,0,0.317504,0.0148214,0
11.6,9.8,0,0.316837,0.0147243,0
11.6,9.9,0,0.316159,0.0146268,0
11.6,10,0,0.315479,0.0145313,0
11.6,10.1,0,0.31484,0.0144625,0
11.6,10.2,0,0.314208,0.0143676,0
11.6,10.3,0,0.313576,0.0142728,0
11.6,10.4,0,0.312959,0.0142045,0
11.6,10.5,0,0.312365,0.0141153,0
11.6,10.6,0,0.311771,0.0140261,0
11.6,10.7,0,0.311166,0.013955,0
11.6,10.8,0,0.310612,0.0138762,0
11.6,10.9,0,0.310049,0.0137949,0
11.6,11,0,0.309485,0.0137136,0
11.6,11.1,0,0.308935,0.0136555,0
11.6,11.2,0,0.308396,0.0135838,0
11.6,11.3,0,0.307857,0.0135121,0
11.6,11.4,0,0.307321,0.013457,0
11.6,11.5,0,0.306803,0.0133954,0
11.6,11.6,0,0.306285,0.0133338,0
11.6,11.7,0,0.305758,0.0132789,0
11.6,11.8,0,0.305273,0.0132298,0
11.6,11.9,0,0.304785,0.0131774,0
11.6,12,0,0.304297,0.013125,0
11.6,12.1,0,0.30385,0.0130806,0
11.6,12.2,0,0.303439,0.0130291,0
11.6,12.3,0,0.303028,0.0129776,0
11.6,12.4,0,0.302674,0.0129314,0
11.6,12.5,0,0.302498,0.012904,0
11.6,12.6,0,0.302321,0.0128767,0
11.6,12.7,0,0.302179,0.0128535,0
11.7,0,0,0.303392,-0.0150128,0
11.7,0.1,0,0.303547,-0.0150172,0
11.7,0.2,0,0.303816,-0.0150615,0
11.7,0.3,0,0.304321,-0.0151336,0
11.7,0.4,0,0.30497,-0.0152102,0
11.7,0.5,0,0.305632,-0.0152906,0
11.7,0.6,0,0.306438,-0.0153193,0
11.7,0.7,0,0.307239,-0.015378,0
11.7,0.8,0,0.308073,-0.0153954,0
11.7,0.9,0,0.308933,-0.0154469,0
11.7,1,0,0.309734,-0.0155082,0
11.7,1.1,0,0.31068,-0.0154993,0
11.7,1.2,0,0.311573,-0.0155477,0
11.7,1.3,0,0.312468,-0.0155344,0
11.7,1.4,0,0.313392,-0.0155777,0
11.7,1.5,0,0.314218,-0.0156432,0
11.7,1.6,0,0.315256,-0.0155826,0
11.7,1.7,0,0.316219,-0.0156167,0
11.7,1.8,0,0.31717,-0.0155556,0
11.7,1.9,0,0.318181,-0.0155746,0
11.7,2,0,0.319051,-0.0156429,0
11.7,2.1,0,0.320211,-0.0154853,0
11.7,2.2,0,0.32128,-0.0154816,0
11.7,2.3,0,0.322319,-0.0153371,0
11.7,2.4,0,0.323462,-0.0153005,0
11.7,2.5,0,0.324412,-0.0153664,0
11.7,2.6,0,0.325739,-0.0150314,0
11.7,2.7,0,0.326963,-0.014946,0
11.7,2.8,0,0.32809,-0.0146474,0
11.7,2.9,0,0.32936,-0.0144836,0
11.7,3,0,0.330295,-0.0145132,0
11.7,3.1,0,0.331584,-0.0138118,0
11.7,3.2,0,0.332694,-0.0135085,0
11.7,3.3,0,0.3332,-0.0128362,0
11.7,3.4,0,0.333494,-0.0122654,0
11.7,3.5,0,0.33286,-0.0120321,0
11.7,3.6,0,0.331472,-0.0103658,0
11.7,3.7,0,0.329366,-0.00929111,0
11.7,3.8,0,0.324462,-0.00757428,0
11.7,3.9,0,0.317031,-0.00569635,0
11.7,4,0,0.307364,-0.00452209,0
11.7,4.1,0,0.293197,-0.000950458,0
11.7,4.2,0,0.276703,0.00176139,0
11.7,4.3,0,0.255265,0.00455625,0
11.7,4.4,0,0.228183,0.00753797,0
11.7,4.5,0,0.199609,0.00900187,0
11.7,4.6,0,0.169231,0.0118511,0
11.7,4.7,0,0.136611,0.0132741,0
11.7,4.8,0,0.107534,0.0131505,0
11.7,4.9,0,0.082722,0.0125326,0
11.7,5,0,0.0604679,0.0106649,0
11.7,5.1,0,0.0312835,0.00845626,0
11.7,5.2,0,0.0149486,0.0068514,0
11.7,5.3,0,0.00323503,0.00517428,0
11.7,5.4,0,-0.00371396,0.00343629,0
11.7,5.5,0,-0.00581124,0.00166993,0
11.7,5.6,0,-0.00302767,-0.000101612,0
11.7,5.7,0,0.00460868,-0.00184419,0
11.7,5.8,0,0.0170139,-0.003493,0
11.7,5.9,0,0.0340481,-0.00501255,0
11.7,6,0,0.0690125,-0.00771135,0
11.7,6.1,0,0.0887035,-0.00923372,0
11.7,6.2,0,0.114362,-0.00918362,0
11.7,6.3,0,0.141506,-0.00862339,0
11.7,6.4,0,0.172836,-0.00841685,0
11.7,6.5,0,0.202341,-0.00592262,0
11.7,6.6,0,0.231847,-0.00342839,0
11.7,6.7,0,0.255514,3.78229e-05,0
11.7,6.8,0,0.274518,0.00236398,0
11.7,6.9,0,0.291494,0.00493197,0
11.7,7,0,0.305128,0.00751328,0
11.7,7.1,0,0.314813,0.00848176,0
11.7,7.2,0,0.321259,0.00969385,0
11.7,7.3,0,0.326937,0.0110569,0
11.7,7.4,0,0.330462,0.012169,0
11.7,7.5,0,0.331794,0.0127832,0
11.7,7.6,0,0.333008,0.0133962,0
11.7,7.7,0,0.333259,0.0140232,0
11.7,7.8,0,0.333136,0.0141411,0
11.7,7.9,0,0.332573,0.0142798,0
11.7,8,0,0.331766,0.0146109,0
11.7,8.1,0,0.331141,0.0146322,0
11.7,8.2,0,0.330177,0.0146404,0
11.7,8.3,0,0.329171,0.0147115,0
11.7,8.4,0,0.328299,0.0148113,0
11.7,8.5,0,0.327371,0.0147619,0
11.7,8.6,0,0.32641,0.0147164,0
11.7,8.7,0,0.325417,0.0148299,0
11.7,8.8,0,0.324654,0.014743,0
11.7,8.9,0,0.323774,0.0146683,0
11.7,9,0,0.322818,0.0147031,0
11.7,9.1,0,0.322129,0.0146394,0
11.7,9.2,0,0.321328,0.01455,0
11.7,9.3,0,0.320505,0.0144875,0
11.7,9.4,0,0.319759,0.0144841,0
11.7,9.5,0,0.319055,0.0143875,0
11.7,9.6,0,0.318321,0.0142914,0
11.7,9.7,0,0.317526,0.0142922,0
11.7,9.8,0,0.316931,0.0141978,0
11.7,9.9,0,0.316252,0.0141003,0
11.7,10,0,0.315514,0.0140561,0
11.7,10.1,0,0.314935,0.0139931,0
11.7,10.2,0,0.314303,0.0138982,0
11.7,10.3,0,0.313659,0.0138125,0
11.7,10.4,0,0.313028,0.0137794,0
11.7,10.5,0,0.312456,0.0136938,0
11.7,10.6,0,0.311862,0.0136046,0
11.7,10.7,0,0.311211,0.0135642,0
11.7,10.8,0,0.310696,0.0134944,0
11.7,10.9,0,0.310133,0.0134131,0
11.7,11,0,0.309534,0.0133527,0
11.7,11.1,0,0.309009,0.0133056,0
11.7,11.2,0,0.30847,0.0132339,0
11.7,11.3,0,0.307928,0.013164,0
11.7,11.4,0,0.307372,0.0131269,0
11.7,11.5,0,0.306866,0.0130705,0
11.7,11.6,0,0.306348,0.0130089,0
11.7,11.7,0,0.305797,0.0129644,0
11.7,11.8,0,0.305321,0.0129236,0
11.7,11.9,0,0.304833,0.0128712,0
11.7,12,0,0.304336,0.012823,0
11.7,12.1,0,0.303874,0.012789,0
11.7,12.2,0,0.303463,0.0127375,0
11.7,12.3,0,0.303052,0.0126861,0
11.7,12.4,0,0.302694,0.0126371,0
11.7,12.5,0,0.302472,0.0126061,0
11.7,12.6,0,0.302295,0.0125787,0
11.7,12.7,0,0.302223,0.0125641,0
11.8,0,0,0.303466,-0.0144351,0
11.8,0.1,0,0.303545,-0.0144129,0
11.8,0.2,0,0.303874,-0.0144779,0
11.8,0.3,0,0.30438,-0.0145504,0
11.8,0.4,0,0.304998,-0.0146136,0
11.8,0.5,0,0.305669,-0.0146966,0
11.8,0.6,0,0.306478,-0.0147053,0
11.8,0.7,0,0.307259,-0.0147676,0
11.8,0.8,0,0.308093,-0.0147837,0
11.8,0.9,0,0.308976,-0.0148078,0
11.8,1,0,0.309737,-0.0148755,0
11.8,1.1,0,0.310719,-0.0148285,0
11.8,1.2,0,0.311561,-0.0148862,0
11.8,1.3,0,0.312455,-0.0148709,0
11.8,1.4,0,0.313421,-0.0148674,0
11.8,1.5,0,0.314181,-0.0149476,0
11.8,1.6,0,0.315271,-0.0148239,0
11.8,1.7,0,0.316158,-0.014879,0
11.8,1.8,0,0.317108,-0.014815,0
11.8,1.9,0,0.318172,-0.0147575,0
11.8,2,0,0.318949,-0.0148586,0
11.8,2.1,0,0.320169,-0.0145984,0
11.8,2.2,0,0.321135,-0.0146402,0
11.8,2.3,0,0.322171,-0.0144916,0
11.8,2.4,0,0.323375,-0.0143308,0
11.8,2.5,0,0.324196,-0.0144649,0
11.8,2.6,0,0.325591,-0.0139634,0
11.8,2.7,0,0.326664,-0.0139684,0
11.8,2.8,0,0.327787,-0.013664,0
11.8,2.9,0,0.329132,-0.0132997,0
11.8,3,0,0.329844,-0.0134582,0
11.8,3.1,0,0.331251,-0.0124913,0
11.8,3.2,0,0.332021,-0.0123502,0
11.8,3.3,0,0.332521,-0.0116701,0
11.8,3.4,0,0.333031,-0.0107881,0
11.8,3.5,0,0.331778,-0.0107797,0
11.8,3.6,0,0.33087,-0.00871899,0
11.8,3.7,0,0.327785,-0.00793926,0
11.8,3.8,0,0.322877,-0.00621441,0
11.8,3.9,0,0.316339,-0.0038892,0
11.8,4,0,0.30518,-0.00318404,0
11.8,4.1,0,0.292565,0.000960778,0
11.8,4.2,0,0.274501,0.00298723,0
11.8,4.3,0,0.253075,0.00578036,0
11.8,4.4,0,0.227784,0.00941458,0
11.8,4.5,0,0.198215,0.00986661,0
11.8,4.6,0,0.169334,0.0136665,0
11.8,4.7,0,0.136895,0.0139648,0
11.8,4.8,0,0.107806,0.0138236,0
11.8,4.9,0,0.0825833,0.0139972,0
11.8,5,0,0.0620343,0.0112963,0
11.8,5.1,0,0.0333115,0.00910301,0
11.8,5.2,0,0.0171993,0.00746332,0
11.8,5.3,0,0.00563547,0.00572794,0
11.8,5.4,0,-0.00121911,0.00391499,0
11.8,5.5,0,-0.00326897,0.00206147,0
11.8,5.6,0,-0.000485109,0.000195279,0
11.8,5.7,0,0.00709645,-0.0016452,0
11.8,5.8,0,0.0193765,-0.00339208,0
11.8,5.9,0,0.0361928,-0.00500592,0
11.8,6,0,0.0705826,-0.00778013,0
11.8,6.1,0,0.0870373,-0.0101552,0
11.8,6.2,0,0.111954,-0.0103007,0
11.8,6.3,0,0.141248,-0.00900147,0
11.8,6.4,0,0.172582,-0.00879997,0
11.8,6.5,0,0.203037,-0.00765444,0
11.8,6.6,0,0.230296,-0.00448033,0
11.8,6.7,0,0.253657,-0.000921931,0
11.8,6.8,0,0.275179,0.00110417,0
11.8,6.9,0,0.291984,0.00367284,0
11.8,7,0,0.303375,0.00626309,0
11.8,7.1,0,0.314451,0.00708619,0
11.8,7.2,0,0.3215,0.00823531,0
11.8,7.3,0,0.325839,0.00986116,0
11.8,7.4,0,0.329365,0.0109732,0
11.8,7.5,0,0.331746,0.0115992,0
11.8,7.6,0,0.332554,0.0122865,0
11.8,7.7,0,0.332681,0.0129364,0
11.8,7.8,0,0.333035,0.0130316,0
11.8,7.9,0,0.332472,0.0131703,0
11.8,8,0,0.331472,0.0136531,0
11.8,8.1,0,0.330981,0.0136608,0
11.8,8.2,0,0.330112,0.0136592,0
11.8,8.3,0,0.329019,0.0138675,0
11.8,8.4,0,0.328146,0.0139673,0
11.8,8.5,0,0.327361,0.0139008,0
11.8,8.6,0,0.326356,0.013929,0
11.8,8.7,0,0.325339,0.0140824,0
11.8,8.8,0,0.324689,0.0139838,0
11.8,8.9,0,0.32381,0.0139091,0
11.8,9,0,0.322787,0.0140388,0
11.8,9.1,0,0.322143,0.0139722,0
11.8,9.2,0,0.321395,0.0138794,0
11.8,9.3,0,0.320505,0.0138956,0
11.8,9.4,0,0.319759,0.0138922,0
11.8,9.5,0,0.31914,0.0137942,0
11.8,9.6,0,0.318372,0.0137323,0
11.8,9.7,0,0.317547,0.0137631,0
11.8,9.8,0,0.317024,0.0136713,0
11.8,9.9,0,0.316346,0.0135738,0
11.8,10,0,0.315549,0.0135809,0
11.8,10.1,0,0.314991,0.0135199,0
11.8,10.2,0,0.314398,0.0134287,0
11.8,10.3,0,0.313702,0.0133832,0
11.8,10.4,0,0.313071,0.0133502,0
11.8,10.5,0,0.312547,0.0132724,0
11.8,10.6,0,0.311934,0.013196,0
11.8,10.7,0,0.311257,0.0131734,0
11.8,10.8,0,0.31078,0.0131126,0
11.8,10.9,0,0.310216,0.0130313,0
11.8,11,0,0.309579,0.0129935,0
11.8,11.1,0,0.309061,0.0129486,0
11.8,11.2,0,0.308545,0.012884,0
11.8,11.3,0,0.30797,0.0128301,0
11.8,11.4,0,0.307414,0.0127929,0
11.8,11.5,0,0.306928,0.0127455,0
11.8,11.6,0,0.306403,0.0126871,0
11.8,11.7,0,0.305836,0.0126498,0
11.8,11.8,0,0.305368,0.0126169,0
11.8,11.9,0,0.30488,0.0125651,0
11.8,12,0,0.304373,0.0125219,0
11.8,12.1,0,0.30391,0.0124891,0
11.8,12.2,0,0.303486,0.012446,0
11.8,12.3,0,0.303092,0.0123935,0
11.8,12.4,0,0.302735,0.0123445,0
11.8,12.5,0,0.302445,0.0123082,0
11.8,12.6,0,0.302282,0.0122824,0
11.8,12.7,0,0.302267,0.0122747,0
11.9,0,0,0.30354,-0.0138574,0
11.9,0.1,0,0.303574,-0.0138192,0
11.9,0.2,0,0.303935,-0.0138954,0
11.9,0.3,0,0.304441,-0.0139678,0
11.9,0.4,0,0.30503,-0.0140181,0
11.9,0.5,0,0.305707,-0.0141026,0
11.9,0.6,0,0.306517,-0.0140993,0
11.9,0.7,0,0.307278,-0.0141573,0
11.9,0.8,0,0.308112,-0.0141734,0
11.9,0.9,0,0.309002,-0.0141713,0
11.9,1,0,0.309739,-0.0142429,0
11.9,1.1,0,0.310743,-0.0141729,0
11.9,1.2,0,0.311546,-0.0142251,0
11.9,1.3,0,0.312441,-0.0142098,0
11.9,1.4,0,0.313425,-0.014163,0
11.9,1.5,0,0.314145,-0.014252,0
11.9,1.6,0,0.315265,-0.0140904,0
11.9,1.7,0,0.316093,-0.0141424,0
11.9,1.8,0,0.317043,-0.0140785,0
11.9,1.9,0,0.318126,-0.0139536,0
11.9,2,0,0.318846,-0.0140744,0
11.9,2.1,0,0.320103,-0.0137526,0
11.9,2.2,0,0.320984,-0.0138012,0
11.9,2.3,0,0.32202,-0.0136526,0
11.9,2.4,0,0.323236,-0.0133883,0
11.9,2.5,0,0.323981,-0.0135634,0
11.9,2.6,0,0.325416,-0.0129621,0
11.9,2.7,0,0.326356,-0.0129955,0
11.9,2.8,0,0.327479,-0.0126911,0
11.9,2.9,0,0.328815,-0.0121673,0
11.9,3,0,0.329392,-0.0124032,0
11.9,3.1,0,0.330871,-0.0112771,0
11.9,3.2,0,0.33133,-0.0112005,0
11.9,3.3,0,0.33183,-0.0105203,0
11.9,3.4,0,0.332321,-0.00940075,0
11.9,3.5,0,0.330697,-0.00952731,0
11.9,3.6,0,0.330076,-0.00722996,0
11.9,3.7,0,0.326153,-0.00660294,0
11.9,3.8,0,0.321245,-0.00487808,0
11.9,3.9,0,0.31505,-0.00226969,0
11.9,4,0,0.302996,-0.00184599,0
11.9,4.1,0,0.291312,0.00264274,0
11.9,4.2,0,0.272217,0.004177,0
11.9,4.3,0,0.250791,0.00697013,0
11.9,4.4,0,0.226988,0.0108864,0
11.9,4.5,0,0.196822,0.0107313,0
11.9,4.6,0,0.168838,0.0151017,0
11.9,4.7,0,0.137189,0.0145963,0
11.9,4.8,0,0.1081,0.014455,0
11.9,4.9,0,0.0831266,0.0151285,0
11.9,5,0,0.0636007,0.0119278,0
11.9,5.1,0,0.0353396,0.00974976,0
11.9,5.2,0,0.01945,0.00807524,0
11.9,5.3,0,0.00803591,0.00628161,0
11.9,5.4,0,0.00127574,0.00439369,0
11.9,5.5,0,-0.000726697,0.002453,0
11.9,5.6,0,0.00205746,0.000492169,0
11.9,5.7,0,0.00958422,-0.0014462,0
11.9,5.8,0,0.021739,-0.00329115,0
11.9,5.9,0,0.0383374,-0.0049993,0
11.9,6,0,0.0721527,-0.00784891,0
11.9,6.1,0,0.0886073,-0.010224,0
11.9,6.2,0,0.110356,-0.0111393,0
11.9,6.3,0,0.14099,-0.00937955,0
11.9,6.4,0,0.172324,-0.00917805,0
11.9,6.5,0,0.203732,-0.00938626,0
11.9,6.6,0,0.228439,-0.00544008,0
11.9,6.7,0,0.251801,-0.00188168,0
11.9,6.8,0,0.2746,-7.85607e-06,0
11.9,6.9,0,0.29023,0.00242265,0
11.9,7,0,0.301621,0.00501289,0
11.9,7.1,0,0.312697,0.005836,0
11.9,7.2,0,0.321391,0.00684541,0
11.9,7.3,0,0.324742,0.00866539,0
11.9,7.4,0,0.328267,0.00977743,0
11.9,7.5,0,0.331697,0.0104151,0
11.9,7.6,0,0.331976,0.0111996,0
11.9,7.7,0,0.332103,0.0118495,0
11.9,7.8,0,0.332643,0.0119359,0
11.9,7.9,0,0.332186,0.0122057,0
11.9,8,0,0.331178,0.0126953,0
11.9,8.1,0,0.330687,0.012703,0
11.9,8.2,0,0.330035,0.012698,0
11.9,8.3,0,0.328866,0.0130235,0
11.9,8.4,0,0.327993,0.0131233,0
11.9,8.5,0,0.327351,0.0130398,0
11.9,8.6,0,0.326279,0.0131815,0
11.9,8.7,0,0.325261,0.0133349,0
11.9,8.8,0,0.324643,0.0132331,0
11.9,8.9,0,0.323789,0.0132296,0
11.9,9,0,0.322755,0.0133745,0
11.9,9.1,0,0.322112,0.0133079,0
11.9,9.2,0,0.321459,0.0132112,0
11.9,9.3,0,0.320505,0.0133037,0
11.9,9.4,0,0.319759,0.0133003,0
11.9,9.5,0,0.319222,0.013201,0
11.9,9.6,0,0.318394,0.0132032,0
11.9,9.7,0,0.317569,0.0132339,0
11.9,9.8,0,0.317057,0.0131425,0
11.9,9.9,0,0.316397,0.0130844,0
11.9,10,0,0.315584,0.0131057,0
11.9,10.1,0,0.315026,0.0130447,0
11.9,10.2,0,0.314492,0.0129593,0
11.9,10.3,0,0.313744,0.0129539,0
11.9,10.4,0,0.313113,0.0129209,0
11.9,10.5,0,0.312631,0.0128499,0
11.9,10.6,0,0.31198,0.0128052,0
11.9,10.7,0,0.311303,0.0127826,0
11.9,10.8,0,0.310827,0.0127222,0
11.9,10.9,0,0.310277,0.0126633,0
11.9,11,0,0.309624,0.0126343,0
11.9,11.1,0,0.309107,0.0125894,0
11.9,11.2,0,0.308619,0.012534,0
11.9,11.3,0,0.308013,0.0124961,0
11.9,11.4,0,0.307457,0.012459,0
11.9,11.5,0,0.306986,0.0124182,0
11.9,11.6,0,0.306442,0.0123726,0
11.9,11.7,0,0.305875,0.0123353,0
11.9,11.8,0,0.305407,0.0123023,0
11.9,11.9,0,0.304923,0.0122615,0
11.9,12,0,0.304411,0.0122209,0
11.9,12.1,0,0.303947,0.0121881,0
11.9,12.2,0,0.30351,0.0121544,0
11.9,12.3,0,0.303133,0.0121009,0
11.9,12.4,0,0.302775,0.0120519,0
11.9,12.5,0,0.302444,0.0120122,0
11.9,12.6,0,0.302326,0.011993,0
11.9,12.7,0,0.302311,0.0119853,0
12,0,0,0.303615,-0.0132798,0
12,0.1,0,0.303648,-0.0132415,0
12,0.2,0,0.303996,-0.0133128,0
12,0.3,0,0.304502,-0.0133853,0
12,0.4,0,0.305067,-0.0134241,0
12,0.5,0,0.305744,-0.0135086,0
12,0.6,0,0.306555,-0.0135053,0
12,0.7,0,0.307296,-0.013547,0
12,0.8,0,0.30813,-0.0135632,0
12,0.9,0,0.309005,-0.0135386,0
12,1,0,0.309742,-0.0136103,0
12,1.1,0,0.310746,-0.0135403,0
12,1.2,0,0.311532,-0.0135641,0
12,1.3,0,0.312426,-0.0135488,0
12,1.4,0,0.313388,-0.0134674,0
12,1.5,0,0.314109,-0.0135564,0
12,1.6,0,0.315228,-0.0133948,0
12,1.7,0,0.316028,-0.0134059,0
12,1.8,0,0.316978,-0.0133419,0
12,1.9,0,0.318023,-0.0131694,0
12,2,0,0.318744,-0.0132902,0
12,2.1,0,0.320001,-0.0129684,0
12,2.2,0,0.320833,-0.0129622,0
12,2.3,0,0.321869,-0.0128136,0
12,2.4,0,0.32302,-0.0124868,0
12,2.5,0,0.323765,-0.0126619,0
12,2.6,0,0.3252,-0.0120606,0
12,2.7,0,0.326048,-0.0120226,0
12,2.8,0,0.327171,-0.0117182,0
12,2.9,0,0.328363,-0.0111123,0
12,3,0,0.328941,-0.0113482,0
12,3.1,0,0.33042,-0.0102221,0
12,3.2,0,0.330639,-0.0100507,0
12,3.3,0,0.331139,-0.00937053,0
12,3.4,0,0.331239,-0.00814836,0
12,3.5,0,0.329616,-0.00827492,0
12,3.6,0,0.328995,-0.00597756,0
12,3.7,0,0.324521,-0.00526661,0
12,3.8,0,0.319613,-0.00354176,0
12,3.9,0,0.312865,-0.000931637,0
12,4,0,0.300811,-0.000507946,0
12,4.1,0,0.289128,0.00398079,0
12,4.2,0,0.269933,0.00536677,0
12,4.3,0,0.248507,0.00815989,0
12,4.4,0,0.225595,0.0117512,0
12,4.5,0,0.195429,0.0115961,0
12,4.6,0,0.167444,0.0159665,0
12,4.7,0,0.137483,0.0152277,0
12,4.8,0,0.108394,0.0150865,0
12,4.9,0,0.084693,0.01576,0
12,5,0,0.065167,0.0125592,0
12,5.1,0,0.0373677,0.0103965,0
12,5.2,0,0.0217007,0.00868716,0
12,5.3,0,0.0104364,0.00683527,0
12,5.4,0,0.00377059,0.0048724,0
12,5.5,0,0.00181557,0.00284454,0
12,5.6,0,0.00460002,0.000789059,0
12,5.7,0,0.012072,-0.0012472,0
12,5.8,0,0.0241016,-0.00319023,0
12,5.9,0,0.040482,-0.00499267,0
12,6,0,0.0737227,-0.00791769,0
12,6.1,0,0.0901774,-0.0102928,0
12,6.2,0,0.110098,-0.0115174,0
12,6.3,0,0.140733,-0.00975762,0
12,6.4,0,0.172066,-0.00955613,0
12,6.5,0,0.202329,-0.00975581,0
12,6.6,0,0.226583,-0.00639984,0
12,6.7,0,0.249945,-0.00284144,0
12,6.8,0,0.272743,-0.00096761,0
12,6.9,0,0.288477,0.00117245,0
12,7,0,0.299868,0.0037627,0
12,7.1,0,0.310944,0.00458581,0
12,7.2,0,0.320293,0.00564964,0
12,7.3,0,0.323644,0.00746962,0
12,7.4,0,0.327169,0.00858166,0
12,7.5,0,0.330572,0.00926561,0
12,7.6,0,0.331398,0.0101127,0
12,7.7,0,0.331524,0.0107626,0
12,7.8,0,0.332065,0.010849,0
12,7.9,0,0.331893,0.0112479,0
12,8,0,0.330884,0.0117375,0
12,8.1,0,0.330393,0.0117452,0
12,8.2,0,0.329859,0.0118565,0
12,8.3,0,0.328714,0.0121795,0
12,8.4,0,0.327841,0.0122793,0
12,8.5,0,0.327188,0.0122325,0
12,8.6,0,0.326201,0.012434,0
12,8.7,0,0.325184,0.0125874,0
12,8.8,0,0.324565,0.0124856,0
12,8.9,0,0.323758,0.0125653,0
12,9,0,0.322724,0.0127102,0
12,9.1,0,0.32208,0.0126436,0
12,9.2,0,0.321438,0.0126206,0
12,9.3,0,0.320505,0.0127118,0
12,9.4,0,0.31976,0.0127084,0
12,9.5,0,0.319208,0.0126232,0
12,9.6,0,0.318415,0.012674,0
12,9.7,0,0.31759,0.0127048,0
12,9.8,0,0.317079,0.0126134,0
12,9.9,0,0.316432,0.0126092,0
12,10,0,0.315619,0.0126305,0
12,10.1,0,0.315061,0.0125695,0
12,10.2,0,0.31452,0.0125246,0
12,10.3,0,0.313787,0.0125246,0
12,10.4,0,0.313156,0.0124916,0
12,10.5,0,0.312669,0.0124238,0
12,10.6,0,0.312025,0.0124144,0
12,10.7,0,0.311348,0.0123918,0
12,10.8,0,0.310873,0.0123314,0
12,10.9,0,0.310322,0.0123041,0
12,11,0,0.309669,0.0122751,0
12,11.1,0,0.309152,0.0122302,0
12,11.2,0,0.308655,0.0121927,0
12,11.3,0,0.308056,0.0121622,0
12,11.4,0,0.3075,0.0121251,0
12,11.5,0,0.307028,0.0120843,0
12,11.6,0,0.306482,0.012058,0
12,11.7,0,0.305915,0.0120207,0
12,11.8,0,0.305446,0.0119878,0
12,11.9,0,0.30496,0.0119604,0
12,12,0,0.304448,0.0119199,0
12,12.1,0,0.303984,0.0118871,0
12,12.2,0,0.303553,0.0118568,0
12,12.3,0,0.303173,0.0118083,0
12,12.4,0,0.302816,0.0117593,0
12,12.5,0,0.302485,0.0117196,0
12,12.6,0,0.30237,0.0117036,0
12,12.7,0,0.302355,0.0116959,0
12.1,0,0,0.303688,-0.0127021,0
12.1,0.1,0,0.303775,-0.0126823,0
12.1,0.2,0,0.304057,-0.0127303,0
12.1,0.3,0,0.304563,-0.0128028,0
12.1,0.4,0,0.305132,-0.012842,0
12.1,0.5,0,0.305781,-0.0129146,0
12.1,0.6,0,0.306574,-0.0129145,0
12.1,0.7,0,0.307315,-0.0129367,0
12.1,0.8,0,0.308149,-0.0129529,0
12.1,0.9,0,0.308988,-0.0129305,0
12.1,1,0,0.309745,-0.0129776,0
12.1,1.1,0,0.310704,-0.012916,0
12.1,1.2,0,0.311518,-0.0129031,0
12.1,1.3,0,0.312412,-0.0128877,0
12.1,1.4,0,0.313315,-0.0128137,0
12.1,1.5,0,0.314072,-0.0128608,0
12.1,1.6,0,0.315125,-0.0127181,0
12.1,1.7,0,0.315963,-0.0126693,0
12.1,1.8,0,0.316914,-0.0126054,0
12.1,1.9,0,0.317873,-0.0124536,0
12.1,2,0,0.318642,-0.012506,0
12.1,2.1,0,0.319806,-0.0122249,0
12.1,2.2,0,0.320682,-0.0121233,0
12.1,2.3,0,0.321718,-0.0119746,0
12.1,2.4,0,0.322751,-0.0116965,0
12.1,2.5,0,0.323549,-0.0117604,0
12.1,2.6,0,0.324849,-0.0112399,0
12.1,2.7,0,0.325741,-0.0110497,0
12.1,2.8,0,0.326864,-0.0107453,0
12.1,2.9,0,0.327845,-0.0102367,0
12.1,3,0,0.32849,-0.0102932,0
12.1,3.1,0,0.329664,-0.00931213,0
12.1,3.2,0,0.329948,-0.00890094,0
12.1,3.3,0,0.330448,-0.00822077,0
12.1,3.4,0,0.329964,-0.0071744,0
12.1,3.5,0,0.328535,-0.00702252,0
12.1,3.6,0,0.327038,-0.00498907,0
12.1,3.7,0,0.322889,-0.00393028,0
12.1,3.8,0,0.317981,-0.00220543,0
12.1,3.9,0,0.309883,6.20684e-06,0
12.1,4,0,0.298627,0.000830102,0
12.1,4.1,0,0.28554,0.00470559,0
12.1,4.2,0,0.267649,0.00655654,0
12.1,4.3,0,0.246223,0.00934966,0
12.1,4.4,0,0.222599,0.0120321,0
12.1,4.5,0,0.194035,0.0124608,0
12.1,4.6,0,0.166214,0.0158248,0
12.1,4.7,0,0.137777,0.0158592,0
12.1,4.8,0,0.108688,0.0157179,0
12.1,4.9,0,0.0866271,0.0156832,0
12.1,5,0,0.0667334,0.0131907,0
12.1,5.1,0,0.0393957,0.0110433,0
12.1,5.2,0,0.0239514,0.00929907,0
12.1,5.3,0,0.0128368,0.00738894,0
12.1,5.4,0,0.00626545,0.0053511,0
12.1,5.5,0,0.00435785,0.00323608,0
12.1,5.6,0,0.00714258,0.00108595,0
12.1,5.7,0,0.0145597,-0.00104821,0
12.1,5.8,0,0.0264641,-0.00308931,0
12.1,5.9,0,0.0426266,-0.00498604,0
12.1,6,0,0.0752928,-0.00798647,0
12.1,6.1,0,0.0918839,-0.0103147,0
12.1,6.2,0,0.113314,-0.0109801,0
12.1,6.3,0,0.140475,-0.0101357,0
12.1,6.4,0,0.171809,-0.00993421,0
12.1,6.5,0,0.19952,-0.00936182,0
12.1,6.6,0,0.224727,-0.00735959,0
12.1,6.7,0,0.248088,-0.00380119,0
12.1,6.8,0,0.269059,-0.00192008,0
12.1,6.9,0,0.286273,-2.39974e-05,0
12.1,7,0,0.298115,0.00251251,0
12.1,7.1,0,0.309191,0.00333561,0
12.1,7.2,0,0.317224,0.00465988,0
12.1,7.3,0,0.322546,0.00627385,0
12.1,7.4,0,0.326072,0.00738589,0
12.1,7.5,0,0.328944,0.00816702,0
12.1,7.6,0,0.33082,0.00902587,0
12.1,7.7,0,0.330946,0.00967578,0
12.1,7.8,0,0.331363,0.00985949,0
12.1,7.9,0,0.331458,0.0102968,0
12.1,8,0,0.33059,0.0107797,0
12.1,8.1,0,0.330099,0.0107874,0
12.1,8.2,0,0.329476,0.0110358,0
12.1,8.3,0,0.328561,0.0113356,0
12.1,8.4,0,0.327688,0.0114353,0
12.1,8.5,0,0.326967,0.011502,0
12.1,8.6,0,0.326123,0.0116865,0
12.1,8.7,0,0.325106,0.0118399,0
12.1,8.8,0,0.324453,0.011788,0
12.1,8.9,0,0.32368,0.0119058,0
12.1,9,0,0.322693,0.012046,0
12.1,9.1,0,0.322049,0.0119793,0
12.1,9.2,0,0.32134,0.012035,0
12.1,9.3,0,0.320505,0.0121199,0
12.1,9.4,0,0.31976,0.0121165,0
12.1,9.5,0,0.319145,0.0120954,0
12.1,9.6,0,0.318437,0.0121449,0
12.1,9.7,0,0.317611,0.0121756,0
12.1,9.8,0,0.317076,0.0121053,0
12.1,9.9,0,0.31643,0.0121326,0
12.1,10,0,0.315654,0.0121553,0
12.1,10.1,0,0.315096,0.0120943,0
12.1,10.2,0,0.314502,0.0120896,0
12.1,10.3,0,0.31383,0.0120953,0
12.1,10.4,0,0.313199,0.0120623,0
12.1,10.5,0,0.312666,0.0120251,0
12.1,10.6,0,0.312071,0.0120236,0
12.1,10.7,0,0.311394,0.012001,0
12.1,10.8,0,0.310907,0.0119472,0
12.1,10.9,0,0.310343,0.0119391,0
12.1,11,0,0.309714,0.0119159,0
12.1,11.1,0,0.309197,0.011871,0
12.1,11.2,0,0.308668,0.0118495,0
12.1,11.3,0,0.308098,0.0118282,0
12.1,11.4,0,0.307542,0.0117911,0
12.1,11.5,0,0.307048,0.0117606,0
12.1,11.6,0,0.306521,0.0117435,0
12.1,11.7,0,0.305954,0.0117062,0
12.1,11.8,0,0.305483,0.0116741,0
12.1,11.9,0,0.304991,0.0116531,0
12.1,12,0,0.304485,0.0116189,0
12.1,12.1,0,0.304021,0.011586,0
12.1,12.2,0,0.303607,0.0115547,0
12.1,12.3,0,0.303214,0.0115157,0
12.1,12.4,0,0.302856,0.0114667,0
12.1,12.5,0,0.302587,0.0114345,0
12.1,12.6,0,0.302418,0.0114145,0
12.1,12.7,0,0.302399,0.0114065,0
12.2,0,0,0.303762,-0.0121244,0
12.2,0.1,0,0.303912,-0.0121264,0
12.2,0.2,0,0.30414,-0.0121557,0
12.2,0.3,0,0.304626,-0.012221,0
12.2,0.4,0,0.305202,-0.0122621,0
12.2,0.5,0,0.305818,-0.0123206,0
12.2,0.6,0,0.306589,-0.0123242,0
12.2,0.7,0,0.307333,-0.0123325,0
12.2,0.8,0,0.308156,-0.0123446,0
12.2,0.9,0,0.308967,-0.0123267,0
12.2,1,0,0.309748,-0.012345,0
12.2,1.1,0,0.310653,-0.0122931,0
12.2,1.2,0,0.311492,-0.0122535,0
12.2,1.3,0,0.312378,-0.0122311,0
12.2,1.4,0,0.313234,-0.0121674,0
12.2,1.5,0,0.314036,-0.0121652,0
12.2,1.6,0,0.315009,-0.0120446,0
12.2,1.7,0,0.315883,-0.0119517,0
12.2,1.8,0,0.316821,-0.0118787,0
12.2,1.9,0,0.317715,-0.0117499,0
12.2,2,0,0.31854,-0.0117218,0
12.2,2.1,0,0.319595,-0.0114885,0
12.2,2.2,0,0.320513,-0.0113151,0
12.2,2.3,0,0.321529,-0.0111561,0
12.2,2.4,0,0.322471,-0.0109258,0
12.2,2.5,0,0.323334,-0.0108589,0
12.2,2.6,0,0.324473,-0.0104334,0
12.2,2.7,0,0.325413,-0.0101268,0
12.2,2.8,0,0.326489,-0.00981111,0
12.2,2.9,0,0.327314,-0.00939272,0
12.2,3,0,0.328039,-0.00923816,0
12.2,3.1,0,0.328854,-0.00842781,0
12.2,3.2,0,0.329222,-0.00783082,0
12.2,3.3,0,0.329572,-0.00713849,0
12.2,3.4,0,0.328655,-0.00624958,0
12.2,3.5,0,0.327454,-0.00577013,0
12.2,3.6,0,0.324927,-0.00404716,0
12.2,3.7,0,0.321114,-0.00271227,0
12.2,3.8,0,0.315901,-0.00100983,0
12.2,3.9,0,0.306759,0.000873427,0
12.2,4,0,0.296443,0.00216815,0
12.2,4.1,0,0.281704,0.00532217,0
12.2,4.2,0,0.2649,0.00757435,0
12.2,4.3,0,0.243641,0.0102359,0
12.2,4.4,0,0.21932,0.01221,0
12.2,4.5,0,0.192642,0.0133256,0
12.2,4.6,0,0.165012,0.0155055,0
12.2,4.7,0,0.137623,0.0162054,0
12.2,4.8,0,0.109493,0.0160994,0
12.2,4.9,0,0.0886261,0.0154815,0
12.2,5,0,0.0682998,0.0138221,0
12.2,5.1,0,0.0414238,0.01169,0
12.2,5.2,0,0.0262021,0.00991099,0
12.2,5.3,0,0.0152372,0.0079426,0
12.2,5.4,0,0.0087603,0.0058298,0
12.2,5.5,0,0.00690012,0.00362762,0
12.2,5.6,0,0.00968515,0.00138284,0
12.2,5.7,0,0.0170475,-0.000849211,0
12.2,5.8,0,0.0288266,-0.00298838,0
12.2,5.9,0,0.0447712,-0.00497941,0
12.2,6,0,0.0768629,-0.00805526,0
12.2,6.1,0,0.0956048,-0.00964447,0
12.2,6.2,0,0.117035,-0.0103099,0
12.2,6.3,0,0.140217,-0.0105138,0
12.2,6.4,0,0.170903,-0.0101164,0
12.2,6.5,0,0.196711,-0.00896783,0
12.2,6.6,0,0.222518,-0.00781927,0
12.2,6.7,0,0.246232,-0.00476095,0
12.2,6.8,0,0.264788,-0.00287021,0
12.2,6.9,0,0.282002,-0.000974133,0
12.2,7,0,0.296361,0.00126231,0
12.2,7.1,0,0.306169,0.00233446,0
12.2,7.2,0,0.314132,0.00367245,0
12.2,7.3,0,0.321449,0.00507807,0
12.2,7.4,0,0.324901,0.00620353,0
12.2,7.5,0,0.327317,0.00706842,0
12.2,7.6,0,0.329732,0.00793332,0
12.2,7.7,0,0.330368,0.00858891,0
12.2,7.8,0,0.330592,0.00892431,0
12.2,7.9,0,0.330687,0.00936158,0
12.2,8,0,0.330296,0.00982189,0
12.2,8.1,0,0.329732,0.00994373,0
12.2,8.2,0,0.329094,0.0102152,0
12.2,8.3,0,0.328409,0.0104916,0
12.2,8.4,0,0.327534,0.0105938,0
12.2,8.5,0,0.326747,0.0107716,0
12.2,8.6,0,0.32596,0.0109493,0
12.2,8.7,0,0.325028,0.0110924,0
12.2,8.8,0,0.324308,0.0111355,0
12.2,8.9,0,0.323536,0.0112533,0
12.2,9,0,0.322661,0.0113817,0
12.2,9.1,0,0.32197,0.0113714,0
12.2,9.2,0,0.321242,0.0114494,0
12.2,9.3,0,0.320506,0.011528,0
12.2,9.4,0,0.31976,0.0115246,0
12.2,9.5,0,0.319082,0.0115677,0
12.2,9.6,0,0.318397,0.0116167,0
12.2,9.7,0,0.317633,0.0116465,0
12.2,9.8,0,0.317039,0.0116275,0
12.2,9.9,0,0.316393,0.0116548,0
12.2,10,0,0.315689,0.0116801,0
12.2,10.1,0,0.3151,0.0116432,0
12.2,10.2,0,0.314485,0.0116546,0
12.2,10.3,0,0.313871,0.0116659,0
12.2,10.4,0,0.313241,0.011633,0
12.2,10.5,0,0.312664,0.0116264,0
12.2,10.6,0,0.312076,0.0116262,0
12.2,10.7,0,0.311439,0.0116102,0
12.2,10.8,0,0.310914,0.011579,0
12.2,10.9,0,0.31035,0.0115709,0
12.2,11,0,0.30976,0.0115567,0
12.2,11.1,0,0.309227,0.0115195,0
12.2,11.2,0,0.308682,0.0115063,0
12.2,11.3,0,0.308137,0.011493,0
12.2,11.4,0,0.307585,0.0114572,0
12.2,11.5,0,0.307067,0.0114371,0
12.2,11.6,0,0.306541,0.0114204,0
12.2,11.7,0,0.305993,0.0113916,0
12.2,11.8,0,0.305512,0.0113647,0
12.2,11.9,0,0.30502,0.0113436,0
12.2,12,0,0.304522,0.0113178,0
12.2,12.1,0,0.304065,0.0112846,0
12.2,12.2,0,0.303661,0.0112526,0
12.2,12.3,0,0.303258,0.0112207,0
12.2,12.4,0,0.302897,0.0111741,0
12.2,12.5,0,0.302697,0.0111504,0
12.2,12.6,0,0.302528,0.0111304,0
12.2,12.7,0,0.302443,0.0111171,0
12.3,0,0,0.303836,-0.0115467,0
12.3,0.1,0,0.304049,-0.0115705,0
12.3,0.2,0,0.304277,-0.0115998,0
12.3,0.3,0,0.304696,-0.011641,0
12.3,0.4,0,0.305272,-0.0116821,0
12.3,0.5,0,0.305856,-0.0117266,0
12.3,0.6,0,0.306605,-0.011734,0
12.3,0.7,0,0.307349,-0.0117422,0
12.3,0.8,0,0.308135,-0.0117408,0
12.3,0.9,0,0.308946,-0.011723,0
12.3,1,0,0.309751,-0.0117123,0
12.3,1.1,0,0.310603,-0.0116703,0
12.3,1.2,0,0.311442,-0.0116306,0
12.3,1.3,0,0.312297,-0.0115848,0
12.3,1.4,0,0.313154,-0.0115211,0
12.3,1.5,0,0.314,-0.0114696,0
12.3,1.6,0,0.314893,-0.0113712,0
12.3,1.7,0,0.315767,-0.0112783,0
12.3,1.8,0,0.316662,-0.011175,0
12.3,1.9,0,0.317557,-0.0110462,0
12.3,2,0,0.318437,-0.0109375,0
12.3,2.1,0,0.319383,-0.0107521,0
12.3,2.2,0,0.320302,-0.0105787,0
12.3,2.3,0,0.32125,-0.0103854,0
12.3,2.4,0,0.322192,-0.0101551,0
12.3,2.5,0,0.323118,-0.00995745,0
12.3,2.6,0,0.324098,-0.009627,0
12.3,2.7,0,0.325037,-0.00932031,0
12.3,2.8,0,0.325958,-0.00896715,0
12.3,2.9,0,0.326783,-0.00854877,0
12.3,3,0,0.327588,-0.00818315,0
12.3,3.1,0,0.328045,-0.00754349,0
12.3,3.2,0,0.328412,-0.0069465,0
12.3,3.3,0,0.328262,-0.00621367,0
12.3,3.4,0,0.327346,-0.00532476,0
12.3,3.5,0,0.326372,-0.00451774,0
12.3,3.6,0,0.322816,-0.00310524,0
12.3,3.7,0,0.319003,-0.00177036,0
12.3,3.8,0,0.312778,-0.000142612,0
12.3,3.9,0,0.303636,0.00174065,0
12.3,4,0,0.294259,0.0035062,0
12.3,4.1,0,0.277868,0.00593875,0
12.3,4.2,0,0.261064,0.00819093,0
12.3,4.3,0,0.240362,0.0104138,0
12.3,4.4,0,0.216041,0.0123879,0
12.3,4.5,0,0.191249,0.0141903,0
12.3,4.6,0,0.163811,0.0151862,0
12.3,4.7,0,0.136421,0.0158861,0
12.3,4.8,0,0.111492,0.0158977,0
12.3,4.9,0,0.0906251,0.0152798,0
12.3,5,0,0.0698661,0.0144535,0
12.3,5.1,0,0.0434519,0.0123368,0
12.3,5.2,0,0.0284528,0.0105229,0
12.3,5.3,0,0.0176377,0.00849627,0
12.3,5.4,0,0.0112551,0.0063085,0
12.3,5.5,0,0.00944239,0.00401916,0
12.3,5.6,0,0.0122277,0.00167973,0
12.3,5.7,0,0.0195353,-0.000650215,0
12.3,5.8,0,0.0311892,-0.00288746,0
12.3,5.9,0,0.0469159,-0.00497278,0
12.3,6,0,0.0784329,-0.00812404,0
12.3,6.1,0,0.0993256,-0.00897423,0
12.3,6.2,0,0.120756,-0.00963967,0
12.3,6.3,0,0.142186,-0.0103051,0
12.3,6.4,0,0.168094,-0.00972239,0
12.3,6.5,0,0.193902,-0.00857384,0
12.3,6.6,0,0.219709,-0.00742528,0
12.3,6.7,0,0.243304,-0.00571643,0
12.3,6.8,0,0.260518,-0.00382035,0
12.3,6.9,0,0.277732,-0.00192427,0
12.3,7,0,0.294608,1.21191e-05,0
12.3,7.1,0,0.303077,0.00134703,0
12.3,7.2,0,0.311041,0.00268502,0
12.3,7.3,0,0.319004,0.00402301,0
12.3,7.4,0,0.323273,0.00510494,0
12.3,7.5,0,0.325689,0.00596983,0
12.3,7.6,0,0.328105,0.00683472,0
12.3,7.7,0,0.329726,0.00755186,0
12.3,7.8,0,0.329821,0.00798913,0
12.3,7.9,0,0.329916,0.0084264,0
12.3,8,0,0.330003,0.00886409,0
12.3,8.1,0,0.32935,0.00912309,0
12.3,8.2,0,0.328712,0.00939457,0
12.3,8.3,0,0.328074,0.00966604,0
12.3,8.4,0,0.327314,0.0098634,0
12.3,8.5,0,0.326527,0.0100411,0
12.3,8.6,0,0.32574,0.0102188,0
12.3,8.7,0,0.324937,0.0103651,0
12.3,8.8,0,0.324164,0.0104829,0
12.3,8.9,0,0.323391,0.0106007,0
12.3,9,0,0.322619,0.0107186,0
12.3,9.1,0,0.321873,0.0107858,0
12.3,9.2,0,0.321145,0.0108638,0
12.3,9.3,0,0.320417,0.0109418,0
12.3,9.4,0,0.319702,0.0109909,0
12.3,9.5,0,0.319018,0.0110399,0
12.3,9.6,0,0.318334,0.011089,0
12.3,9.7,0,0.317649,0.0111223,0
12.3,9.8,0,0.317002,0.0111497,0
12.3,9.9,0,0.316355,0.011177,0
12.3,10,0,0.315709,0.0112044,0
12.3,10.1,0,0.315083,0.0112082,0
12.3,10.2,0,0.314468,0.0112195,0
12.3,10.3,0,0.313854,0.0112309,0
12.3,10.4,0,0.313248,0.0112279,0
12.3,10.5,0,0.312661,0.0112277,0
12.3,10.6,0,0.312073,0.0112275,0
12.3,10.7,0,0.311485,0.0112194,0
12.3,10.8,0,0.310921,0.0112108,0
12.3,10.9,0,0.310357,0.0112027,0
12.3,11,0,0.309792,0.0111946,0
12.3,11.1,0,0.309241,0.0111763,0
12.3,11.2,0,0.308696,0.0111631,0
12.3,11.3,0,0.30815,0.0111498,0
12.3,11.4,0,0.307612,0.0111303,0
12.3,11.5,0,0.307086,0.0111135,0
12.3,11.6,0,0.30656,0.0110968,0
12.3,11.7,0,0.306032,0.0110771,0
12.3,11.8,0,0.305541,0.0110553,0
12.3,11.9,0,0.305048,0.0110342,0
12.3,12,0,0.304556,0.0110131,0
12.3,12.1,0,0.304119,0.0109825,0
12.3,12.2,0,0.303715,0.0109506,0
12.3,12.3,0,0.303312,0.0109186,0
12.3,12.4,0,0.302976,0.0108863,0
12.3,12.5,0,0.302808,0.0108663,0
12.3,12.6,0,0.302639,0.0108463,0
12.3,12.7,0,0.302487,0.0108277,0
12.4,0,0,0.303891,-0.0110053,0
12.4,0.1,0,0.304075,-0.0110005,0
12.4,0.2,0,0.304304,-0.0110298,0
12.4,0.3,0,0.304708,-0.0110696,0
12.4,0.4,0,0.305284,-0.0111106,0
12.4,0.5,0,0.305865,-0.011173,0
12.4,0.6,0,0.306597,-0.0111511,0
12.4,0.7,0,0.307341,-0.0111593,0
12.4,0.8,0,0.308105,-0.0111422,0
12.4,0.9,0,0.308916,-0.0111244,0
12.4,1,0,0.309705,-0.0111342,0
12.4,1.1,0,0.310548,-0.0110527,0
12.4,1.2,0,0.311387,-0.0110131,0
12.4,1.3,0,0.312213,-0.0109448,0
12.4,1.4,0,0.31307,-0.0108811,0
12.4,1.5,0,0.313896,-0.0108551,0
12.4,1.6,0,0.314773,-0.0107055,0
12.4,1.7,0,0.315647,-0.0106126,0
12.4,1.8,0,0.316499,-0.0104809,0
12.4,1.9,0,0.317393,-0.0103521,0
12.4,2,0,0.318253,-0.010278,0
12.4,2.1,0,0.319166,-0.0100278,0
12.4,2.2,0,0.320085,-0.00985433,0
12.4,2.3,0,0.320965,-0.00963018,0
12.4,2.4,0,0.321908,-0.00939986,0
12.4,2.5,0,0.322811,-0.00924904,0
12.4,2.6,0,0.323728,-0.00884201,0
12.4,2.7,0,0.324668,-0.00853532,0
12.4,2.8,0,0.325477,-0.00815579,0
12.4,2.9,0,0.326301,-0.00773741,0
12.4,3,0,0.327036,-0.007427,0
12.4,3.1,0,0.327407,-0.00671299,0
12.4,3.2,0,0.327774,-0.006116,0
12.4,3.3,0,0.327402,-0.00537627,0
12.4,3.4,0,0.326486,-0.00448736,0
12.4,3.5,0,0.325234,-0.00373133,0
12.4,3.6,0,0.321658,-0.00229169,0
12.4,3.7,0,0.317844,-0.000956808,0
12.4,3.8,0,0.31128,0.000587633,0
12.4,3.9,0,0.302138,0.00247089,0
12.4,4,0,0.292272,0.0041751,0
12.4,4.1,0,0.276113,0.00651379,0
12.4,4.2,0,0.259309,0.00876597,0
12.4,4.3,0,0.238639,0.0107677,0
12.4,4.4,0,0.214318,0.0127419,0
12.4,4.5,0,0.190017,0.0144032,0
12.4,4.6,0,0.162539,0.0153074,0
12.4,4.7,0,0.135149,0.0160073,0
12.4,4.8,0,0.110406,0.0158932,0
12.4,4.9,0,0.0895385,0.0152752,0
12.4,5,0,0.0709169,0.0144756,0
12.4,5.1,0,0.0449711,0.0123752,0
12.4,5.2,0,0.0302404,0.0105599,0
12.4,5.3,0,0.0196337,0.00852455,0
12.4,5.4,0,0.0134016,0.00632226,0
12.4,5.5,0,0.0116809,0.0040138,0
12.4,5.6,0,0.0144973,0.00165283,0
12.4,5.7,0,0.0217702,-0.000699374,0
12.4,5.8,0,0.0333171,-0.00295979,0
12.4,5.9,0,0.0488565,-0.00506834,0
12.4,6,0,0.0799126,-0.00822662,0
12.4,6.1,0,0.0981594,-0.00873354,0
12.4,6.2,0,0.11959,-0.00939898,0
12.4,6.3,0,0.14102,-0.0100644,0
12.4,6.4,0,0.167334,-0.010075,0
12.4,6.5,0,0.193142,-0.00892647,0
12.4,6.6,0,0.218949,-0.00777792,0
12.4,6.7,0,0.24247,-0.00640151,0
12.4,6.8,0,0.259771,-0.00450854,0
12.4,6.9,0,0.276985,-0.00261246,0
12.4,7,0,0.293036,-0.000848714,0
12.4,7.1,0,0.302461,0.000459514,0
12.4,7.2,0,0.310424,0.00179751,0
12.4,7.3,0,0.318388,0.0031355,0
12.4,7.4,0,0.322768,0.00421318,0
12.4,7.5,0,0.325184,0.00507808,0
12.4,7.6,0,0.327599,0.00594297,0
12.4,7.7,0,0.329258,0.006688,0
12.4,7.8,0,0.329433,0.00712437,0
12.4,7.9,0,0.329528,0.00756164,0
12.4,8,0,0.329513,0.00804056,0
12.4,8.1,0,0.32906,0.00833952,0
12.4,8.2,0,0.328422,0.008611,0
12.4,8.3,0,0.327784,0.00888248,0
12.4,8.4,0,0.327098,0.00915668,0
12.4,8.5,0,0.326311,0.00933439,0
12.4,8.6,0,0.325524,0.0095121,0
12.4,8.7,0,0.324757,0.00973081,0
12.4,8.8,0,0.324006,0.00984546,0
12.4,8.9,0,0.323233,0.00996328,0
12.4,9,0,0.322454,0.0101088,0
12.4,9.1,0,0.32176,0.0102109,0
12.4,9.2,0,0.321032,0.0102889,0
12.4,9.3,0,0.320304,0.0103669,0
12.4,9.4,0,0.319626,0.0104712,0
12.4,9.5,0,0.318942,0.0105202,0
12.4,9.6,0,0.318257,0.0105693,0
12.4,9.7,0,0.317582,0.0106513,0
12.4,9.8,0,0.316954,0.0106779,0
12.4,9.9,0,0.316307,0.0107052,0
12.4,10,0,0.315656,0.0107443,0
12.4,10.1,0,0.315056,0.0107776,0
12.4,10.2,0,0.314442,0.0107889,0
12.4,10.3,0,0.313827,0.0108002,0
12.4,10.4,0,0.313237,0.0108323,0
12.4,10.5,0,0.31265,0.0108321,0
12.4,10.6,0,0.312062,0.010832,0
12.4,10.7,0,0.311472,0.0108518,0
12.4,10.8,0,0.310922,0.0108447,0
12.4,10.9,0,0.310357,0.0108365,0
12.4,11,0,0.30979,0.0108321,0
12.4,11.1,0,0.309249,0.0108344,0
12.4,11.2,0,0.308703,0.0108211,0
12.4,11.3,0,0.308158,0.0108079,0
12.4,11.4,0,0.307624,0.0108077,0
12.4,11.5,0,0.307098,0.010791,0
12.4,11.6,0,0.306572,0.0107743,0
12.4,11.7,0,0.306044,0.0107669,0
12.4,11.8,0,0.305555,0.0107477,0
12.4,11.9,0,0.305062,0.0107266,0
12.4,12,0,0.30457,0.0107059,0
12.4,12.1,0,0.30413,0.0106856,0
12.4,12.2,0,0.303727,0.0106537,0
12.4,12.3,0,0.303323,0.0106217,0
12.4,12.4,0,0.302978,0.0105893,0
12.4,12.5,0,0.302809,0.0105693,0
12.4,12.6,0,0.30264,0.0105493,0
12.4,12.7,0,0.302524,0.0105381,0
12.5,0,0,0.30394,-0.0104761,0
12.5,0.1,0,0.304065,-0.0104257,0
12.5,0.2,0,0.304302,-0.0104634,0
12.5,0.3,0,0.304709,-0.0105081,0
12.5,0.4,0,0.305276,-0.010542,0
12.5,0.5,0,0.305864,-0.0106328,0
12.5,0.6,0,0.306581,-0.0105707,0
12.5,0.7,0,0.307322,-0.0105852,0
12.5,0.8,0,0.308073,-0.010555,0
12.5,0.9,0,0.308883,-0.0105276,0
12.5,1,0,0.309643,-0.0105742,0
12.5,1.1,0,0.310492,-0.010437,0
12.5,1.2,0,0.311324,-0.0104059,0
12.5,1.3,0,0.312126,-0.0103199,0
12.5,1.4,0,0.312984,-0.0102432,0
12.5,1.5,0,0.313769,-0.0102676,0
12.5,1.6,0,0.314652,-0.0100424,0
12.5,1.7,0,0.315517,-0.00996155,0
12.5,1.8,0,0.316333,-0.00980761,0
12.5,1.9,0,0.317227,-0.0096612,0
12.5,2,0,0.318042,-0.00965991,0
12.5,2.1,0,0.318946,-0.00930742,0
12.5,2.2,0,0.319855,-0.00915161,0
12.5,2.3,0,0.320683,-0.00890371,0
12.5,2.4,0,0.321621,-0.00864982,0
12.5,2.5,0,0.322472,-0.00860498,0
12.5,2.6,0,0.323361,-0.00806416,0
12.5,2.7,0,0.324287,-0.00778253,0
12.5,2.8,0,0.325017,-0.00738488,0
12.5,2.9,0,0.325836,-0.00693691,0
12.5,3,0,0.326451,-0.00677047,0
12.5,3.1,0,0.326826,-0.00590044,0
12.5,3.2,0,0.327146,-0.00533545,0
12.5,3.3,0,0.326671,-0.00459915,0
12.5,3.4,0,0.325776,-0.00367911,0
12.5,3.5,0,0.324077,-0.00310026,0
12.5,3.6,0,0.320817,-0.00152093,0
12.5,3.7,0,0.316855,-0.0002259,0
12.5,3.8,0,0.3102,0.0012496,0
12.5,3.9,0,0.301182,0.00315548,0
12.5,4,0,0.290352,0.00462094,0
12.5,4.1,0,0.275053,0.00707499,0
12.5,4.2,0,0.258087,0.00926323,0
12.5,4.3,0,0.237301,0.0111462,0
12.5,4.4,0,0.213113,0.0131545,0
12.5,4.5,0,0.188838,0.0143989,0
12.5,4.6,0,0.161243,0.0155754,0
12.5,4.7,0,0.134102,0.0161896,0
12.5,4.8,0,0.108703,0.01591,0
12.5,4.9,0,0.0874232,0.0153365,0
12.5,5,0,0.0717957,0.0142946,0
12.5,5.1,0,0.0463206,0.0122108,0
12.5,5.2,0,0.0318737,0.0104053,0
12.5,5.3,0,0.0214948,0.00837771,0
12.5,5.4,0,0.0154318,0.00618104,0
12.5,5.5,0,0.0138182,0.00387615,0
12.5,5.6,0,0.016676,0.00151801,0
12.5,5.7,0,0.0239209,-0.000831251,0
12.5,5.8,0,0.0353669,-0.00308986,0
12.5,5.9,0,0.0507292,-0.00519795,0
12.5,6,0,0.081362,-0.00834047,0
12.5,6.1,0,0.0953643,-0.00863603,0
12.5,6.2,0,0.116795,-0.00930147,0
12.5,6.3,0,0.141035,-0.0102573,0
12.5,6.4,0,0.167324,-0.0105804,0
12.5,6.5,0,0.193065,-0.00952799,0
12.5,6.6,0,0.218736,-0.00837211,0
12.5,6.7,0,0.241351,-0.00694695,0
12.5,6.8,0,0.260198,-0.00510941,0
12.5,6.9,0,0.277411,-0.00321333,0
12.5,7,0,0.291631,-0.00165821,0
12.5,7.1,0,0.302669,-0.000394699,0
12.5,7.2,0,0.310632,0.000943291,0
12.5,7.3,0,0.317518,0.00227482,0
12.5,7.4,0,0.322286,0.00337617,0
12.5,7.5,0,0.325052,0.00425527,0
12.5,7.6,0,0.327459,0.00511996,0
12.5,7.7,0,0.32853,0.00585193,0
12.5,7.8,0,0.329173,0.00628309,0
12.5,7.9,0,0.329268,0.00672036,0
12.5,8,0,0.329038,0.00727958,0
12.5,8.1,0,0.328801,0.00756831,0
12.5,8.2,0,0.328163,0.00783979,0
12.5,8.3,0,0.327477,0.00817133,0
12.5,8.4,0,0.32683,0.00846375,0
12.5,8.5,0,0.326097,0.00863557,0
12.5,8.6,0,0.32531,0.00881328,0
12.5,8.7,0,0.324518,0.00910942,0
12.5,8.8,0,0.323843,0.00921304,0
12.5,8.9,0,0.32307,0.00933087,0
12.5,9,0,0.322276,0.00954523,0
12.5,9.1,0,0.321642,0.00963955,0
12.5,9.2,0,0.320915,0.00971755,0
12.5,9.3,0,0.320177,0.00983045,0
12.5,9.4,0,0.319514,0.00995681,0
12.5,9.5,0,0.318861,0.0100032,0
12.5,9.6,0,0.318176,0.0100523,0
12.5,9.7,0,0.317484,0.0101835,0
12.5,9.8,0,0.316902,0.0102081,0
12.5,9.9,0,0.316255,0.0102354,0
12.5,10,0,0.315586,0.0103153,0
12.5,10.1,0,0.315026,0.0103484,0
12.5,10.2,0,0.314412,0.0103597,0
12.5,10.3,0,0.313789,0.010387,0
12.5,10.4,0,0.3132,0.010437,0
12.5,10.5,0,0.312636,0.0104376,0
12.5,10.6,0,0.312049,0.0104374,0
12.5,10.7,0,0.311442,0.0104843,0
12.5,10.8,0,0.31092,0.0104792,0
12.5,10.9,0,0.310355,0.0104711,0
12.5,11,0,0.309774,0.0104882,0
12.5,11.1,0,0.309254,0.0104928,0
12.5,11.2,0,0.308709,0.0104796,0
12.5,11.3,0,0.30816,0.0104724,0
12.5,11.4,0,0.307621,0.0104833,0
12.5,11.5,0,0.307108,0.0104687,0
12.5,11.6,0,0.306582,0.010452,0
12.5,11.7,0,0.306047,0.0104569,0
12.5,11.8,0,0.305564,0.0104408,0
12.5,11.9,0,0.305071,0.0104197,0
12.5,12,0,0.304583,0.0104066,0
12.5,12.1,0,0.304129,0.0103899,0
12.5,12.2,0,0.303723,0.0103585,0
12.5,12.3,0,0.303327,0.0103272,0
12.5,12.4,0,0.303,0.0102964,0
12.5,12.5,0,0.302774,0.0102679,0
12.5,12.6,0,0.302605,0.010248,0
12.5,12.7,0,0.302558,0.0102485,0
12.6,0,0,0.303988,-0.00994687,0
12.6,0.1,0,0.304055,-0.00985087,0
12.6,0.2,0,0.304334,-0.00993058,0
12.6,0.3,0,0.304741,-0.00997529,0
12.6,0.4,0,0.305269,-0.00997332,0
12.6,0.5,0,0.305864,-0.0100926,0
12.6,0.6,0,0.306566,-0.00999028,0
12.6,0.7,0,0.307289,-0.0100362,0
12.6,0.8,0,0.30804,-0.010006,0
12.6,0.9,0,0.308851,-0.00993079,0
12.6,1,0,0.30958,-0.0100142,0
12.6,1.1,0,0.310436,-0.00982122,0
12.6,1.2,0,0.311231,-0.0098329,0
12.6,1.3,0,0.312033,-0.00974695,0
12.6,1.4,0,0.312898,-0.00960536,0
12.6,1.5,0,0.313643,-0.0096801,0
12.6,1.6,0,0.31453,-0.00937931,0
12.6,1.7,0,0.315352,-0.00935875,0
12.6,1.8,0,0.316168,-0.0092048,0
12.6,1.9,0,0.317062,-0.0089703,0
12.6,2,0,0.317831,-0.00904186,0
12.6,2.1,0,0.318726,-0.00858707,0
12.6,2.2,0,0.319588,-0.00851944,0
12.6,2.3,0,0.320416,-0.00827154,0
12.6,2.4,0,0.321335,-0.00789978,0
12.6,2.5,0,0.322134,-0.00796093,0
12.6,2.6,0,0.322994,-0.00728632,0
12.6,2.7,0,0.32385,-0.00712995,0
12.6,2.8,0,0.324581,-0.00673231,0
12.6,2.9,0,0.325371,-0.00613641,0
12.6,3,0,0.325866,-0.00611394,0
12.6,3.1,0,0.326245,-0.0050879,0
12.6,3.2,0,0.32633,-0.00468288,0
12.6,3.3,0,0.325855,-0.00394658,0
12.6,3.4,0,0.325066,-0.00287085,0
12.6,3.5,0,0.32292,-0.00246918,0
12.6,3.6,0,0.319976,-0.000750171,0
12.6,3.7,0,0.315277,0.000345602,0
12.6,3.8,0,0.308621,0.0018211,0
12.6,3.9,0,0.300227,0.00384006,0
12.6,4,0,0.288431,0.00506679,0
12.6,4.1,0,0.273992,0.00763619,0
12.6,4.2,0,0.256219,0.00950471,0
12.6,4.3,0,0.235433,0.0113876,0
12.6,4.4,0,0.211908,0.0135672,0
12.6,4.5,0,0.187659,0.0143946,0
12.6,4.6,0,0.159948,0.0158434,0
12.6,4.7,0,0.134051,0.016029,0
12.6,4.8,0,0.108651,0.0157494,0
12.6,4.9,0,0.085308,0.0153977,0
12.6,5,0,0.0726746,0.0141136,0
12.6,5.1,0,0.0476702,0.0120465,0
12.6,5.2,0,0.033507,0.0102506,0
12.6,5.3,0,0.023356,0.00823087,0
12.6,5.4,0,0.0174621,0.00603983,0
12.6,5.5,0,0.0159555,0.0037385,0
12.6,5.6,0,0.0188546,0.00138318,0
12.6,5.7,0,0.0260716,-0.000963129,0
12.6,5.8,0,0.0374167,-0.00321994,0
12.6,5.9,0,0.0526018,-0.00532756,0
12.6,6,0,0.0828115,-0.00845432,0
12.6,6.1,0,0.0944222,-0.0086308,0
12.6,6.2,0,0.113999,-0.00920397,0
12.6,6.3,0,0.141228,-0.0104685,0
12.6,6.4,0,0.167517,-0.0107917,0
12.6,6.5,0,0.192988,-0.0101295,0
12.6,6.6,0,0.217617,-0.00891755,0
12.6,6.7,0,0.240231,-0.00749239,0
12.6,6.8,0,0.260624,-0.00571028,0
12.6,6.9,0,0.277251,-0.00388115,0
12.6,7,0,0.290226,-0.00246772,0
12.6,7.1,0,0.301986,-0.00122422,0
12.6,7.2,0,0.310841,8.90778e-05,0
12.6,7.3,0,0.316419,0.00141278,0
12.6,7.4,0,0.321187,0.00251413,0
12.6,7.5,0,0.324921,0.00343246,0
12.6,7.6,0,0.326731,0.0042839,0
12.6,7.7,0,0.327801,0.00501586,0
12.6,7.8,0,0.328913,0.00544181,0
12.6,7.9,0,0.328964,0.00589556,0
12.6,8,0,0.328564,0.0065186,0
12.6,8.1,0,0.328398,0.00680394,0
12.6,8.2,0,0.327904,0.00706858,0
12.6,8.3,0,0.327151,0.00748484,0
12.6,8.4,0,0.326504,0.00777725,0
12.6,8.5,0,0.325882,0.00793675,0
12.6,8.6,0,0.325074,0.0081841,0
12.6,8.7,0,0.32428,0.00848804,0
12.6,8.8,0,0.32368,0.00858063,0
12.6,8.9,0,0.322906,0.00870461,0
12.6,9,0,0.322097,0.00898163,0
12.6,9.1,0,0.321477,0.00907427,0
12.6,9.2,0,0.320797,0.00914621,0
12.6,9.3,0,0.320044,0.00931794,0
12.6,9.4,0,0.31938,0.0094443,0
12.6,9.5,0,0.31878,0.00948618,0
12.6,9.6,0,0.318082,0.00957382,0
12.6,9.7,0,0.317387,0.00971576,0
12.6,9.8,0,0.316846,0.00973845,0
12.6,9.9,0,0.316203,0.00976564,0
12.6,10,0,0.315517,0.00988631,0
12.6,10.1,0,0.314961,0.00991938,0
12.6,10.2,0,0.314382,0.00993054,0
12.6,10.3,0,0.313742,0.00999134,0
12.6,10.4,0,0.313153,0.0100413,0
12.6,10.5,0,0.312622,0.010043,0
12.6,10.6,0,0.312025,0.0100609,0
12.6,10.7,0,0.311413,0.0101168,0
12.6,10.8,0,0.310912,0.0101133,0
12.6,10.9,0,0.310353,0.0101056,0
12.6,11,0,0.309758,0.0101442,0
12.6,11.1,0,0.309238,0.0101489,0
12.6,11.2,0,0.308715,0.0101381,0
12.6,11.3,0,0.308154,0.0101476,0
12.6,11.4,0,0.307615,0.0101585,0
12.6,11.5,0,0.307118,0.0101465,0
12.6,11.6,0,0.306589,0.0101365,0
12.6,11.7,0,0.30605,0.010147,0
12.6,11.8,0,0.305571,0.0101328,0
12.6,11.9,0,0.30508,0.0101127,0
12.6,12,0,0.304596,0.0101073,0
12.6,12.1,0,0.304142,0.0100906,0
12.6,12.2,0,0.30372,0.0100633,0
12.6,12.3,0,0.303354,0.0100349,0
12.6,12.4,0,0.303027,0.010004,0
12.6,12.5,0,0.302738,0.0099666,0
12.6,12.6,0,0.3026,0.00995174,0
12.6,12.7,0,0.302592,0.00995891,0
12.7,0,0,0.304037,-0.00941763,0
12.7,0.1,0,0.304083,-0.00930568,0
12.7,0.2,0,0.304367,-0.00939778,0
12.7,0.3,0,0.304774,-0.0094425,0
12.7,0.4,0,0.305266,-0.00942316,0
12.7,0.5,0,0.305863,-0.00955235,0
12.7,0.6,0,0.30656,-0.009436,0
12.7,0.7,0,0.307256,-0.0094872,0
12.7,0.8,0,0.308007,-0.00945698,0
12.7,0.9,0,0.308799,-0.00935792,0
12.7,1,0,0.309518,-0.00945424,0
12.7,1.1,0,0.310375,-0.00924172,0
12.7,1.2,0,0.311138,-0.0092599,0
12.7,1.3,0,0.311941,-0.00917395,0
12.7,1.4,0,0.312786,-0.00900024,0
12.7,1.5,0,0.313517,-0.0090926,0
12.7,1.6,0,0.314406,-0.00876535,0
12.7,1.7,0,0.315186,-0.00875594,0
12.7,1.8,0,0.316002,-0.00860199,0
12.7,1.9,0,0.316867,-0.00832675,0
12.7,2,0,0.317619,-0.00842382,0
12.7,2.1,0,0.318512,-0.00793322,0
12.7,2.2,0,0.319321,-0.00788727,0
12.7,2.3,0,0.320149,-0.00763937,0
12.7,2.4,0,0.321015,-0.00721863,0
12.7,2.5,0,0.321796,-0.00731687,0
12.7,2.6,0,0.322646,-0.00659544,0
12.7,2.7,0,0.323413,-0.00647738,0
12.7,2.8,0,0.324144,-0.00607973,0
12.7,2.9,0,0.324828,-0.00542949,0
12.7,3,0,0.325281,-0.00545741,0
12.7,3.1,0,0.325662,-0.00437676,0
12.7,3.2,0,0.325514,-0.00403031,0
12.7,3.3,0,0.325038,-0.00329402,0
12.7,3.4,0,0.324065,-0.00217776,0
12.7,3.5,0,0.321763,-0.0018381,0
12.7,3.6,0,0.318929,-7.02054e-05,0
12.7,3.7,0,0.313698,0.000917104,0
12.7,3.8,0,0.307043,0.00239261,0
12.7,3.9,0,0.298644,0.00436947,0
12.7,4,0,0.286511,0.00551264,0
12.7,4.1,0,0.272373,0.00812241,0
12.7,4.2,0,0.254351,0.0097462,0
12.7,4.3,0,0.233565,0.0116291,0
12.7,4.4,0,0.21072,0.0137088,0
12.7,4.5,0,0.186481,0.0143903,0
12.7,4.6,0,0.158728,0.0159344,0
12.7,4.7,0,0.133999,0.0158684,0
12.7,4.8,0,0.1086,0.0155888,0
12.7,4.9,0,0.0851389,0.0153014,0
12.7,5,0,0.0735534,0.0139326,0
12.7,5.1,0,0.0490198,0.0118822,0
12.7,5.2,0,0.0351403,0.010096,0
12.7,5.3,0,0.0252171,0.00808403,0
12.7,5.4,0,0.0194923,0.00589861,0
12.7,5.5,0,0.0180927,0.00360084,0
12.7,5.6,0,0.0210333,0.00124836,0
12.7,5.7,0,0.0282223,-0.00109501,0
12.7,5.8,0,0.0394665,-0.00335001,0
12.7,5.9,0,0.0544745,-0.00545717,0
12.7,6,0,0.084261,-0.00856818,0
12.7,6.1,0,0.0958716,-0.00874465,0
12.7,6.2,0,0.113078,-0.00930003,0
12.7,6.3,0,0.141422,-0.0106798,0
12.7,6.4,0,0.16771,-0.011003,0
12.7,6.5,0,0.19291,-0.010731,0
12.7,6.6,0,0.216497,-0.00946298,0
12.7,6.7,0,0.239112,-0.00803783,0
12.7,6.8,0,0.259903,-0.00626999,0
12.7,6.9,0,0.275845,-0.00469065,0
12.7,7,0,0.288821,-0.00327722,0
12.7,7.1,0,0.300581,-0.00203372,0
12.7,7.2,0,0.310381,-0.00076914,0
12.7,7.3,0,0.31532,0.00055073,0
12.7,7.4,0,0.320088,0.00165208,0
12.7,7.5,0,0.324742,0.00260775,0
12.7,7.6,0,0.326002,0.00344783,0
12.7,7.7,0,0.327073,0.0041798,0
12.7,7.8,0,0.328251,0.00460501,0
12.7,7.9,0,0.328489,0.00513458,0
12.7,8,0,0.32809,0.00575762,0
12.7,8.1,0,0.327924,0.00604296,0
12.7,8.2,0,0.327618,0.00633088,0
12.7,8.3,0,0.326824,0.00679834,0
12.7,8.4,0,0.326177,0.00709076,0
12.7,8.5,0,0.32565,0.00723996,0
12.7,8.6,0,0.324835,0.00756272,0
12.7,8.7,0,0.324041,0.00786666,0
12.7,8.8,0,0.323444,0.00795896,0
12.7,8.9,0,0.322727,0.00814101,0
12.7,9,0,0.321918,0.00841802,0
12.7,9.1,0,0.321298,0.00851067,0
12.7,9.2,0,0.320675,0.00859134,0
12.7,9.3,0,0.31991,0.00880543,0
12.7,9.4,0,0.319247,0.00893179,0
12.7,9.5,0,0.318684,0.00897042,0
12.7,9.6,0,0.317985,0.00910605,0
12.7,9.7,0,0.317289,0.00924798,0
12.7,9.8,0,0.316748,0.00927068,0
12.7,9.9,0,0.316135,0.00933557,0
12.7,10,0,0.315448,0.00945732,0
12.7,10.1,0,0.314892,0.00949039,0
12.7,10.2,0,0.314349,0.00950686,0
12.7,10.3,0,0.313695,0.00959564,0
12.7,10.4,0,0.313106,0.00964556,0
12.7,10.5,0,0.312596,0.009648,0
12.7,10.6,0,0.311995,0.00969346,0
12.7,10.7,0,0.311383,0.00974936,0
12.7,10.8,0,0.310883,0.00974587,0
12.7,10.9,0,0.310339,0.00975863,0
12.7,11,0,0.309742,0.0098003,0
12.7,11.1,0,0.309222,0.00980497,0
12.7,11.2,0,0.308721,0.00979738,0
12.7,11.3,0,0.308148,0.00982271,0
12.7,11.4,0,0.307609,0.00983362,0
12.7,11.5,0,0.30712,0.0098229,0
12.7,11.6,0,0.306592,0.00982658,0
12.7,11.7,0,0.306053,0.00983698,0
12.7,11.8,0,0.305574,0.00982288,0
12.7,11.9,0,0.305092,0.00981144,0
12.7,12,0,0.304609,0.00980797,0
12.7,12.1,0,0.304156,0.00979127,0
12.7,12.2,0,0.303717,0.00976814,0
12.7,12.3,0,0.30338,0.00974251,0
12.7,12.4,0,0.303053,0.00971169,0
12.7,12.5,0,0.302742,0.00967089,0
12.7,12.6,0,0.302634,0.00966213,0
12.7,12.7,0,0.302626,0.00966929,0
12.8,0,0,0.304085,-0.00888839,0
12.8,0.1,0,0.304135,-0.00878064,0
12.8,0.2,0,0.304399,-0.00886499,0
12.8,0.3,0,0.304806,-0.00890971,0
12.8,0.4,0,0.30527,-0.00888653,0
12.8,0.5,0,0.305863,-0.00901214,0
12.8,0.6,0,0.306558,-0.00889892,0
12.8,0.7,0,0.307224,-0.00893819,0
12.8,0.8,0,0.307975,-0.00890798,0
12.8,0.9,0,0.308736,-0.00880272,0
12.8,1,0,0.309455,-0.00889426,0
12.8,1.1,0,0.310309,-0.00868601,0
12.8,1.2,0,0.311045,-0.0086869,0
12.8,1.3,0,0.311848,-0.00860095,0
12.8,1.4,0,0.312659,-0.00841922,0
12.8,1.5,0,0.31339,-0.00850509,0
12.8,1.6,0,0.314275,-0.00818388,0
12.8,1.7,0,0.315021,-0.00815314,0
12.8,1.8,0,0.315837,-0.00799919,0
12.8,1.9,0,0.316655,-0.00771752,0
12.8,2,0,0.317408,-0.00780578,0
12.8,2.1,0,0.318296,-0.00732399,0
12.8,2.2,0,0.319054,-0.00725509,0
12.8,2.3,0,0.319882,-0.00700719,0
12.8,2.4,0,0.320679,-0.00658636,0
12.8,2.5,0,0.321457,-0.00667281,0
12.8,2.6,0,0.322301,-0.00596391,0
12.8,2.7,0,0.322977,-0.00582481,0
12.8,2.8,0,0.323707,-0.00542716,0
12.8,2.9,0,0.324246,-0.00478776,0
12.8,3,0,0.324695,-0.00480088,0
12.8,3.1,0,0.325053,-0.00373623,0
12.8,3.2,0,0.324697,-0.00337774,0
12.8,3.3,0,0.324222,-0.00264145,0
12.8,3.4,0,0.322897,-0.00156225,0
12.8,3.5,0,0.320606,-0.00120703,0
12.8,3.6,0,0.317698,0.000540945,0
12.8,3.7,0,0.31212,0.00148861,0
12.8,3.8,0,0.305464,0.00296411,0
12.8,3.9,0,0.296661,0.00480401,0
12.8,4,0,0.28459,0.00595849,0
12.8,4.1,0,0.270371,0.00853628,0
12.8,4.2,0,0.252483,0.00998768,0
12.8,4.3,0,0.231697,0.0118706,0
12.8,4.4,0,0.209476,0.0136874,0
12.8,4.5,0,0.185302,0.014386,0
12.8,4.6,0,0.157674,0.0158873,0
12.8,4.7,0,0.133947,0.0157077,0
12.8,4.8,0,0.108548,0.0154282,0
12.8,4.9,0,0.0862241,0.0150982,0
12.8,5,0,0.0744323,0.0137515,0
12.8,5.1,0,0.0503694,0.0117178,0
12.8,5.2,0,0.0367736,0.0099413,0
12.8,5.3,0,0.0270783,0.00793719,0
12.8,5.4,0,0.0215226,0.00575739,0
12.8,5.5,0,0.02023,0.00346319,0
12.8,5.6,0,0.0232119,0.00111353,0
12.8,5.7,0,0.030373,-0.00122688,0
12.8,5.8,0,0.0415162,-0.00348009,0
12.8,5.9,0,0.0563471,-0.00558679,0
12.8,6,0,0.0857105,-0.00868203,0
12.8,6.1,0,0.0973211,-0.0088585,0
12.8,6.2,0,0.113794,-0.00953733,0
12.8,6.3,0,0.141615,-0.0108911,0
12.8,6.4,0,0.167904,-0.0112143,0
12.8,6.5,0,0.192234,-0.0109227,0
12.8,6.6,0,0.215378,-0.0100084,0
12.8,6.7,0,0.237992,-0.00858327,0
12.8,6.8,0,0.25877,-0.00681698,0
12.8,6.9,0,0.27444,-0.00550015,0
12.8,7,0,0.287416,-0.00408672,0
12.8,7.1,0,0.299176,-0.00284322,0
12.8,7.2,0,0.308897,-0.00162051,0
12.8,7.3,0,0.314221,-0.000311316,0
12.8,7.4,0,0.31899,0.000790034,0
12.8,7.5,0,0.323225,0.0017364,0
12.8,7.6,0,0.325274,0.00261176,0
12.8,7.7,0,0.326345,0.00334373,0
12.8,7.8,0,0.327522,0.00376894,0
12.8,7.9,0,0.328015,0.0043736,0
12.8,8,0,0.327615,0.00499664,0
12.8,8.1,0,0.327449,0.00528198,0
12.8,8.2,0,0.327215,0.00564801,0
12.8,8.3,0,0.326498,0.00611185,0
12.8,8.4,0,0.32585,0.00640427,0
12.8,8.5,0,0.325309,0.00659883,0
12.8,8.6,0,0.324596,0.00694133,0
12.8,8.7,0,0.323802,0.00724528,0
12.8,8.8,0,0.323205,0.00733758,0
12.8,8.9,0,0.322549,0.00757741,0
12.8,9,0,0.321739,0.00785442,0
12.8,9.1,0,0.321119,0.00794707,0
12.8,9.2,0,0.320513,0.00808247,0
12.8,9.3,0,0.319777,0.00829292,0
12.8,9.4,0,0.319113,0.00841928,0
12.8,9.5,0,0.318543,0.00848106,0
12.8,9.6,0,0.317887,0.00863827,0
12.8,9.7,0,0.317191,0.00878021,0
12.8,9.8,0,0.31665,0.0088029,0
12.8,9.9,0,0.316065,0.00890658,0
12.8,10,0,0.315379,0.00902832,0
12.8,10.1,0,0.314823,0.00906139,0
12.8,10.2,0,0.314279,0.00911126,0
12.8,10.3,0,0.313648,0.00919993,0
12.8,10.4,0,0.313059,0.00924986,0
12.8,10.5,0,0.312543,0.00926191,0
12.8,10.6,0,0.311965,0.009326,0
12.8,10.7,0,0.311354,0.0093819,0
12.8,10.8,0,0.310853,0.00937841,0
12.8,10.9,0,0.310323,0.0094147,0
12.8,11,0,0.309725,0.00945637,0
12.8,11.1,0,0.309206,0.00946103,0
12.8,11.2,0,0.308699,0.00947085,0
12.8,11.3,0,0.308142,0.00949787,0
12.8,11.4,0,0.307603,0.00950878,0
12.8,11.5,0,0.307113,0.00950099,0
12.8,11.6,0,0.306595,0.00951661,0
12.8,11.7,0,0.306056,0.00952702,0
12.8,11.8,0,0.305577,0.00951291,0
12.8,11.9,0,0.305105,0.00951209,0
12.8,12,0,0.304623,0.00950865,0
12.8,12.1,0,0.304169,0.00949195,0
12.8,12.2,0,0.303755,0.00947221,0
12.8,12.3,0,0.303407,0.00945016,0
12.8,12.4,0,0.30308,0.00941935,0
12.8,12.5,0,0.302777,0.00937999,0
12.8,12.6,0,0.302668,0.00937251,0
12.8,12.7,0,0.30266,0.00937968,0
12.9,0,0,0.304134,-0.00835915,0
12.9,0.1,0,0.304227,-0.00829341,0
12.9,0.2,0,0.304432,-0.0083322,0
12.9,0.3,0,0.304839,-0.00837692,0
12.9,0.4,0,0.305309,-0.00838217,0
12.9,0.5,0,0.305862,-0.00847192,0
12.9,0.6,0,0.30654,-0.00839011,0
12.9,0.7,0,0.307191,-0.00838919,0
12.9,0.8,0,0.307942,-0.00835897,0
12.9,0.9,0,0.308674,-0.00829054,0
12.9,1,0,0.309393,-0.00833428,0
12.9,1.1,0,0.310211,-0.00816878,0
12.9,1.2,0,0.310953,-0.0081139,0
12.9,1.3,0,0.311755,-0.00802795,0
12.9,1.4,0,0.312526,-0.00789658,0
12.9,1.5,0,0.313264,-0.00791759,0
12.9,1.6,0,0.314105,-0.00765666,0
12.9,1.7,0,0.314856,-0.00755033,0
12.9,1.8,0,0.315672,-0.00739638,0
12.9,1.9,0,0.316444,-0.00718757,0
12.9,2,0,0.317197,-0.00718773,0
12.9,2.1,0,0.318037,-0.00679413,0
12.9,2.2,0,0.318787,-0.00662292,0
12.9,2.3,0,0.319615,-0.00637502,0
12.9,2.4,0,0.32036,-0.00606017,0
12.9,2.5,0,0.321119,-0.00602876,0
12.9,2.6,0,0.321893,-0.00544512,0
12.9,2.7,0,0.32254,-0.00517224,0
12.9,2.8,0,0.32327,-0.00477459,0
12.9,2.9,0,0.323689,-0.00427915,0
12.9,3,0,0.32411,-0.00414435,0
12.9,3.1,0,0.324232,-0.00323968,0
12.9,3.2,0,0.323881,-0.00272517,0
12.9,3.3,0,0.323406,-0.00198888,0
12.9,3.4,0,0.321634,-0.00108686,0
12.9,3.5,0,0.319449,-0.000575952,0
12.9,3.6,0,0.315803,0.000972764,0
12.9,3.7,0,0.310541,0.00206011,0
12.9,3.8,0,0.303885,0.00353561,0
12.9,3.9,0,0.294118,0.00513677,0
12.9,4,0,0.28267,0.00640433,0
12.9,4.1,0,0.267643,0.00866242,0
12.9,4.2,0,0.250615,0.0102292,0
12.9,4.3,0,0.229829,0.0121121,0
12.9,4.4,0,0.207634,0.0135119,0
12.9,4.5,0,0.184124,0.0143817,0
12.9,4.6,0,0.157739,0.0154543,0
12.9,4.7,0,0.133895,0.0155471,0
12.9,4.8,0,0.108496,0.0152676,0
12.9,4.9,0,0.0891664,0.0146954,0
12.9,5,0,0.0753111,0.0135705,0
12.9,5.1,0,0.051719,0.0115535,0
12.9,5.2,0,0.0384069,0.00978665,0
12.9,5.3,0,0.0289395,0.00779035,0
12.9,5.4,0,0.0235529,0.00561617,0
12.9,5.5,0,0.0223673,0.00332554,0
12.9,5.6,0,0.0253905,0.000978705,0
12.9,5.7,0,0.0325237,-0.00135876,0
12.9,5.8,0,0.043566,-0.00361016,0
12.9,5.9,0,0.0582198,-0.0057164,0
12.9,6,0,0.08716,-0.00879588,0
12.9,6.1,0,0.0997073,-0.00906914,0
12.9,6.2,0,0.118231,-0.00995997,0
12.9,6.3,0,0.141808,-0.0111024,0
12.9,6.4,0,0.168097,-0.0114256,0
12.9,6.5,0,0.191385,-0.0110779,0
12.9,6.6,0,0.214258,-0.0105539,0
12.9,6.7,0,0.236873,-0.0091287,0
12.9,6.8,0,0.255819,-0.00757105,0
12.9,6.9,0,0.272372,-0.00628586,0
12.9,7,0,0.286011,-0.00489622,0
12.9,7.1,0,0.297512,-0.00365427,0
12.9,7.2,0,0.306184,-0.00243784,0
12.9,7.3,0,0.313123,-0.00117336,0
12.9,7.4,0,0.317891,-7.20125e-05,0
12.9,7.5,0,0.321529,0.000861097,0
12.9,7.6,0,0.324546,0.0017757,0
12.9,7.7,0,0.325616,0.00250766,0
12.9,7.8,0,0.326603,0.00300448,0
12.9,7.9,0,0.327286,0.00361546,0
12.9,8,0,0.327141,0.00423566,0
12.9,8.1,0,0.32697,0.00452795,0
12.9,8.2,0,0.326673,0.00497175,0
12.9,8.3,0,0.326171,0.00542536,0
12.9,8.4,0,0.325524,0.00571778,0
12.9,8.5,0,0.324958,0.00598977,0
12.9,8.6,0,0.324358,0.00631995,0
12.9,8.7,0,0.323564,0.00662389,0
12.9,8.8,0,0.322954,0.0067696,0
12.9,8.9,0,0.32232,0.00702109,0
12.9,9,0,0.32156,0.00729082,0
12.9,9.1,0,0.320941,0.00738346,0
12.9,9.2,0,0.320318,0.00757769,0
12.9,9.3,0,0.319643,0.00778041,0
12.9,9.4,0,0.31898,0.00790677,0
12.9,9.5,0,0.318392,0.0080178,0
12.9,9.6,0,0.317789,0.0081705,0
12.9,9.7,0,0.317094,0.00831244,0
12.9,9.8,0,0.316541,0.00836207,0
12.9,9.9,0,0.315961,0.00847914,0
12.9,10,0,0.31531,0.00859932,0
12.9,10.1,0,0.314753,0.00863239,0
12.9,10.2,0,0.314193,0.00871575,0
12.9,10.3,0,0.313602,0.00880423,0
12.9,10.4,0,0.313012,0.00885416,0
12.9,10.5,0,0.31248,0.0088933,0
12.9,10.6,0,0.311933,0.00895844,0
12.9,10.7,0,0.311324,0.00901444,0
12.9,10.8,0,0.310816,0.00902267,0
12.9,10.9,0,0.310282,0.00906898,0
12.9,11,0,0.309709,0.00911243,0
12.9,11.1,0,0.309189,0.0091171,0
12.9,11.2,0,0.308671,0.00914359,0
12.9,11.3,0,0.308137,0.00917303,0
12.9,11.4,0,0.307597,0.00918394,0
12.9,11.5,0,0.3071,0.00918843,0
12.9,11.6,0,0.306595,0.00920613,0
12.9,11.7,0,0.306059,0.00921705,0
12.9,11.8,0,0.305582,0.00920622,0
12.9,11.9,0,0.305113,0.00920974,0
12.9,12,0,0.304636,0.00920932,0
12.9,12.1,0,0.304182,0.00919262,0
12.9,12.2,0,0.303798,0.00917571,0
12.9,12.3,0,0.303433,0.00915781,0
12.9,12.4,0,0.303106,0.009127,0
12.9,12.5,0,0.302873,0.00909938,0
12.9,12.6,0,0.302722,0.00908572,0
12.9,12.7,0,0.302694,0.00909006,0
13,0,0,0.304182,-0.00782991,0
13,0.1,0,0.304318,-0.00780619,0
13,0.2,0,0.304497,-0.00782447,0
13,0.3,0,0.304875,-0.00785976,0
13,0.4,0,0.305348,-0.00787781,0
13,0.5,0,0.305862,-0.00793171,0
13,0.6,0,0.306523,-0.0078813,0
13,0.7,0,0.307167,-0.00786229,0
13,0.8,0,0.307893,-0.00783022,0
13,0.9,0,0.308612,-0.00777836,0
13,1,0,0.30933,-0.00777429,0
13,1.1,0,0.310112,-0.00765156,0
13,1.2,0,0.310857,-0.00757158,0
13,1.3,0,0.31164,-0.00748265,0
13,1.4,0,0.312392,-0.00737394,0
13,1.5,0,0.313137,-0.00733009,0
13,1.6,0,0.313935,-0.00712945,0
13,1.7,0,0.314688,-0.0069891,0
13,1.8,0,0.315481,-0.00683365,0
13,1.9,0,0.316233,-0.00665762,0
13,2,0,0.316986,-0.00656969,0
13,2.1,0,0.317779,-0.00626426,0
13,2.2,0,0.318525,-0.00604702,0
13,2.3,0,0.319319,-0.00580114,0
13,2.4,0,0.32004,-0.00553399,0
13,2.5,0,0.320781,-0.0053847,0
13,2.6,0,0.321485,-0.00492634,0
13,2.7,0,0.322119,-0.00459325,0
13,2.8,0,0.322767,-0.0042012,0
13,2.9,0,0.323132,-0.00377055,0
13,3,0,0.323525,-0.00348782,0
13,3.1,0,0.323411,-0.00274313,0
13,3.2,0,0.323062,-0.00215841,0
13,3.3,0,0.322343,-0.00143376,0
13,3.4,0,0.320371,-0.000611472,0
13,3.5,0,0.318291,5.51245e-05,0
13,3.6,0,0.313909,0.00140458,0
13,3.7,0,0.308789,0.00255478,0
13,3.8,0,0.301776,0.00397581,0
13,3.9,0,0.291574,0.00546954,0
13,4,0,0.280749,0.00685018,0
13,4.1,0,0.264915,0.00878855,0
13,4.2,0,0.248274,0.0104072,0
13,4.3,0,0.227976,0.0121242,0
13,4.4,0,0.205792,0.0133364,0
13,4.5,0,0.182945,0.0143774,0
13,4.6,0,0.157805,0.0150214,0
13,4.7,0,0.133908,0.0152367,0
13,4.8,0,0.110091,0.0149737,0
13,4.9,0,0.0921088,0.0142925,0
13,5,0,0.07619,0.0133895,0
13,5.1,0,0.0530685,0.0113891,0
13,5.2,0,0.0400402,0.009632,0
13,5.3,0,0.0308006,0.00764351,0
13,5.4,0,0.0255831,0.00547495,0
13,5.5,0,0.0245046,0.00318789,0
13,5.6,0,0.0275692,0.00084388,0
13,5.7,0,0.0346743,-0.00149064,0
13,5.8,0,0.0456158,-0.00374024,0
13,5.9,0,0.0600924,-0.00584601,0
13,6,0,0.0886095,-0.00890973,0
13,6.1,0,0.104145,-0.00949178,0
13,6.2,0,0.122669,-0.0103826,0
13,6.3,0,0.142001,-0.0113137,0
13,6.4,0,0.167765,-0.0116086,0
13,6.5,0,0.190536,-0.0112331,0
13,6.6,0,0.213306,-0.0108576,0
13,6.7,0,0.235753,-0.00967414,0
13,6.8,0,0.252867,-0.00832512,0
13,6.9,0,0.26942,-0.00703993,0
13,7,0,0.284606,-0.00570572,0
13,7.1,0,0.2948,-0.00447161,0
13,7.2,0,0.303472,-0.00325518,0
13,7.3,0,0.312024,-0.00203541,0
13,7.4,0,0.31656,-0.000939204,0
13,7.5,0,0.319833,-1.42082e-05,0
13,7.6,0,0.323106,0.000910788,0
13,7.7,0,0.324888,0.0016716,0
13,7.8,0,0.325661,0.00224872,0
13,7.9,0,0.326344,0.00285969,0
13,8,0,0.326667,0.00347468,0
13,8.1,0,0.326428,0.00385168,0
13,8.2,0,0.326132,0.00429548,0
13,8.3,0,0.325836,0.00473928,0
13,8.4,0,0.325191,0.00505238,0
13,8.5,0,0.324607,0.00538071,0
13,8.6,0,0.324024,0.00570905,0
13,8.7,0,0.323325,0.00600251,0
13,8.8,0,0.3227,0.00621703,0
13,8.9,0,0.322065,0.00646852,0
13,9,0,0.321382,0.00672721,0
13,9.1,0,0.320746,0.00687671,0
13,9.2,0,0.320123,0.00707291,0
13,9.3,0,0.3195,0.00726911,0
13,9.4,0,0.318844,0.00740198,0
13,9.5,0,0.318242,0.00755453,0
13,9.6,0,0.317641,0.00770708,0
13,9.7,0,0.316996,0.00784466,0
13,9.8,0,0.316426,0.00793509,0
13,9.9,0,0.315846,0.00805217,0
13,10,0,0.31524,0.00817032,0
13,10.1,0,0.31467,0.00823188,0
13,10.2,0,0.314107,0.00832023,0
13,10.3,0,0.313544,0.00840858,0
13,10.4,0,0.312965,0.00845957,0
13,10.5,0,0.312418,0.0085247,0
13,10.6,0,0.31187,0.00858984,0
13,10.7,0,0.311294,0.00864697,0
13,10.8,0,0.310772,0.00867673,0
13,10.9,0,0.310238,0.00872304,0
13,11,0,0.309693,0.0087685,0
13,11.1,0,0.309164,0.00878542,0
13,11.2,0,0.308643,0.00881634,0
13,11.3,0,0.308122,0.00884725,0
13,11.4,0,0.307592,0.00885909,0
13,11.5,0,0.307087,0.00887587,0
13,11.6,0,0.306582,0.00889357,0
13,11.7,0,0.306062,0.00890708,0
13,11.8,0,0.305589,0.00890387,0
13,11.9,0,0.30512,0.0089074,0
13,12,0,0.304649,0.00891,0
13,12.1,0,0.304214,0.00889505,0
13,12.2,0,0.303841,0.00887921,0
13,12.3,0,0.303468,0.00886337,0
13,12.4,0,0.303133,0.00883465,0
13,12.5,0,0.302969,0.00881876,0
13,12.6,0,0.302818,0.00880511,0
13,12.7,0,0.302728,0.00880045,0
13.1,0,0,0.304231,-0.00730067,0
13.1,0.1,0,0.30441,-0.00731896,0
13.1,0.2,0,0.304588,-0.00733724,0
13.1,0.3,0,0.304914,-0.0073554,0
13.1,0.4,0,0.305388,-0.00737345,0
13.1,0.5,0,0.305861,-0.0073915,0
13.1,0.6,0,0.306505,-0.00737249,0
13.1,0.7,0,0.307149,-0.00735348,0
13.1,0.8,0,0.307831,-0.00731804,0
13.1,0.9,0,0.308549,-0.00726618,0
13.1,1,0,0.309268,-0.00721431,0
13.1,1.1,0,0.310013,-0.00713433,0
13.1,1.2,0,0.310758,-0.00705435,0
13.1,1.3,0,0.311506,-0.00696001,0
13.1,1.4,0,0.312259,-0.0068513,0
13.1,1.5,0,0.313011,-0.00674259,0
13.1,1.6,0,0.313764,-0.00660224,0
13.1,1.7,0,0.314518,-0.00646189,0
13.1,1.8,0,0.31527,-0.0063037,0
13.1,1.9,0,0.316022,-0.00612767,0
13.1,2,0,0.316774,-0.00595165,0
13.1,2.1,0,0.31752,-0.0057344,0
13.1,2.2,0,0.318266,-0.00551716,0
13.1,2.3,0,0.319,-0.00527496,0
13.1,2.4,0,0.319721,-0.0050078,0
13.1,2.5,0,0.320443,-0.00474065,0
13.1,2.6,0,0.321077,-0.00440755,0
13.1,2.7,0,0.321711,-0.00407446,0
13.1,2.8,0,0.322211,-0.00369259,0
13.1,2.9,0,0.322575,-0.00326194,0
13.1,3,0,0.32294,-0.00283129,0
13.1,3.1,0,0.322591,-0.00224657,0
13.1,3.2,0,0.322241,-0.00166186,0
13.1,3.3,0,0.32108,-0.000958365,0
13.1,3.4,0,0.319107,-0.000136082,0
13.1,3.5,0,0.317134,0.000686201,0
13.1,3.6,0,0.312014,0.0018364,0
13.1,3.7,0,0.306894,0.0029866,0
13.1,3.8,0,0.299233,0.00430857,0
13.1,3.9,0,0.289031,0.0058023,0
13.1,4,0,0.278829,0.00729603,0
13.1,4.1,0,0.262188,0.00891468,0
13.1,4.2,0,0.245546,0.0105333,0
13.1,4.3,0,0.226134,0.0119488,0
13.1,4.4,0,0.20395,0.0131609,0
13.1,4.5,0,0.181766,0.0143731,0
13.1,4.6,0,0.15787,0.0145885,0
13.1,4.7,0,0.133973,0.0148038,0
13.1,4.8,0,0.113034,0.0145709,0
13.1,4.9,0,0.0950512,0.0138897,0
13.1,5,0,0.0770688,0.0132085,0
13.1,5.1,0,0.0544181,0.0112248,0
13.1,5.2,0,0.0416735,0.00947735,0
13.1,5.3,0,0.0326618,0.00749667,0
13.1,5.4,0,0.0276134,0.00533373,0
13.1,5.5,0,0.0266418,0.00305023,0
13.1,5.6,0,0.0297478,0.000709055,0
13.1,5.7,0,0.036825,-0.00162252,0
13.1,5.8,0,0.0476656,-0.00387031,0
13.1,5.9,0,0.0619651,-0.00597562,0
13.1,6,0,0.0900589,-0.00902358,0
13.1,6.1,0,0.108583,-0.00991442,0
13.1,6.2,0,0.127107,-0.0108052,0
13.1,6.3,0,0.145632,-0.0116961,0
13.1,6.4,0,0.166916,-0.0117638,0
13.1,6.5,0,0.189686,-0.0113883,0
13.1,6.6,0,0.212457,-0.0110128,0
13.1,6.7,0,0.233362,-0.0103644,0
13.1,6.8,0,0.249915,-0.00907919,0
13.1,6.9,0,0.266469,-0.007794,0
13.1,7,0,0.283022,-0.00650881,0
13.1,7.1,0,0.292088,-0.00528894,0
13.1,7.2,0,0.30076,-0.00407251,0
13.1,7.3,0,0.309432,-0.00285608,0
13.1,7.4,0,0.314865,-0.00181451,0
13.1,7.5,0,0.318138,-0.000889514,0
13.1,7.6,0,0.321411,3.54824e-05,0
13.1,7.7,0,0.324036,0.000881974,0
13.1,7.8,0,0.324719,0.00149295,0
13.1,7.9,0,0.325401,0.00210393,0
13.1,8,0,0.326084,0.0027149,0
13.1,8.1,0,0.325886,0.00317542,0
13.1,8.2,0,0.32559,0.00361922,0
13.1,8.3,0,0.325294,0.00406302,0
13.1,8.4,0,0.32484,0.00444332,0
13.1,8.5,0,0.324256,0.00477166,0
13.1,8.6,0,0.323673,0.0051,0
13.1,8.7,0,0.323079,0.00541297,0
13.1,8.8,0,0.322445,0.00566446,0
13.1,8.9,0,0.321811,0.00591595,0
13.1,9,0,0.321177,0.00616744,0
13.1,9.1,0,0.320552,0.00637193,0
13.1,9.2,0,0.319929,0.00656813,0
13.1,9.3,0,0.319306,0.00676433,0
13.1,9.4,0,0.318693,0.00693871,0
13.1,9.5,0,0.318092,0.00709126,0
13.1,9.6,0,0.31749,0.00724381,0
13.1,9.7,0,0.316892,0.00739104,0
13.1,9.8,0,0.316311,0.00750812,0
13.1,9.9,0,0.315731,0.00762519,0
13.1,10,0,0.31515,0.00774226,0
13.1,10.1,0,0.314583,0.00783636,0
13.1,10.2,0,0.314021,0.00792471,0
13.1,10.3,0,0.313458,0.00801306,0
13.1,10.4,0,0.312902,0.00809096,0
13.1,10.5,0,0.312355,0.0081561,0
13.1,10.6,0,0.311808,0.00822124,0
13.1,10.7,0,0.311262,0.00828449,0
13.1,10.8,0,0.310728,0.00833079,0
13.1,10.9,0,0.310194,0.0083771,0
13.1,11,0,0.309661,0.00842341,0
13.1,11.1,0,0.309136,0.00845817,0
13.1,11.2,0,0.308615,0.00848908,0
13.1,11.3,0,0.308094,0.00851999,0
13.1,11.4,0,0.307579,0.00854562,0
13.1,11.5,0,0.307074,0.00856331,0
13.1,11.6,0,0.306569,0.00858101,0
13.1,11.7,0,0.306066,0.008598,0
13.1,11.8,0,0.305597,0.00860152,0
13.1,11.9,0,0.305128,0.00860505,0
13.1,12,0,0.304658,0.00860858,0
13.1,12.1,0,0.304257,0.00859855,0
13.1,12.2,0,0.303884,0.00858271,0
13.1,12.3,0,0.303511,0.00856688,0
13.1,12.4,0,0.303216,0.0085518,0
13.1,12.5,0,0.303065,0.00853815,0
13.1,12.6,0,0.302914,0.00852449,0
13.1,12.7,0,0.302763,0.00851084,0
13.2,0,0,0.304264,-0.00684614,0
13.2,0.1,0,0.304386,-0.00681993,0
13.2,0.2,0,0.304564,-0.00683821,0
13.2,0.3,0,0.304879,-0.00686299,0
13.2,0.4,0,0.305352,-0.00688103,0
13.2,0.5,0,0.305847,-0.00693138,0
13.2,0.6,0,0.306453,-0.00687564,0
13.2,0.7,0,0.307097,-0.00685663,0
13.2,0.8,0,0.307756,-0.0068151,0
13.2,0.9,0,0.308474,-0.00676324,0
13.2,1,0,0.309189,-0.00674828,0
13.2,1.1,0,0.30991,-0.006626,0
13.2,1.2,0,0.310655,-0.00654602,0
13.2,1.3,0,0.311372,-0.00644701,0
13.2,1.4,0,0.312124,-0.0063383,0
13.2,1.5,0,0.312871,-0.00627228,0
13.2,1.6,0,0.313594,-0.0060858,0
13.2,1.7,0,0.314348,-0.00594545,0
13.2,1.8,0,0.31506,-0.005786,0
13.2,1.9,0,0.315812,-0.00560997,0
13.2,2,0,0.316565,-0.00548465,0
13.2,2.1,0,0.317264,-0.00521888,0
13.2,2.2,0,0.31801,-0.00500164,0
13.2,2.3,0,0.318693,-0.00476662,0
13.2,2.4,0,0.319414,-0.00449947,0
13.2,2.5,0,0.320138,-0.00429309,0
13.2,2.6,0,0.320713,-0.00391346,0
13.2,2.7,0,0.321347,-0.00358037,0
13.2,2.8,0,0.321784,-0.00322225,0
13.2,2.9,0,0.322149,-0.00279159,0
13.2,3,0,0.322445,-0.00242959,0
13.2,3.1,0,0.3221,-0.00181116,0
13.2,3.2,0,0.321751,-0.00122645,0
13.2,3.3,0,0.320534,-0.000575113,0
13.2,3.4,0,0.318561,0.00024717,0
13.2,3.5,0,0.316215,0.00098948,0
13.2,3.6,0,0.311433,0.0021488,0
13.2,3.7,0,0.306313,0.003299,0
13.2,3.8,0,0.298654,0.00453912,0
13.2,3.9,0,0.288452,0.00603285,0
13.2,4,0,0.27751,0.00736349,0
13.2,4.1,0,0.261649,0.00906243,0
13.2,4.2,0,0.245008,0.0106811,0
13.2,4.3,0,0.225679,0.0120139,0
13.2,4.4,0,0.203495,0.0132261,0
13.2,4.5,0,0.181356,0.0140267,0
13.2,4.6,0,0.157654,0.014558,0
13.2,4.7,0,0.133757,0.0147734,0
13.2,4.8,0,0.112441,0.0143439,0
13.2,4.9,0,0.0944591,0.0136627,0
13.2,5,0,0.0784482,0.0125999,0
13.2,5.1,0,0.0562219,0.0105788,0
13.2,5.2,0,0.0437306,0.0088117,0
13.2,5.3,0,0.0349155,0.00681955,0
13.2,5.4,0,0.0300031,0.00465372,0
13.2,5.5,0,0.0291041,0.00237577,0
13.2,5.6,0,0.0322179,4.81309e-05,0
13.2,5.7,0,0.039237,-0.00226292,0
13.2,5.8,0,0.0499532,-0.00448525,0
13.2,5.9,0,0.0640621,-0.00656133,0
13.2,6,0,0.0917366,-0.00954788,0
13.2,6.1,0,0.107717,-0.0106506,0
13.2,6.2,0,0.126242,-0.0115414,0
13.2,6.3,0,0.145048,-0.0123781,0
13.2,6.4,0,0.167699,-0.0127003,0
13.2,6.5,0,0.19047,-0.0123248,0
13.2,6.6,0,0.213241,-0.0119492,0
13.2,6.7,0,0.233732,-0.0110464,0
13.2,6.8,0,0.250706,-0.00983843,0
13.2,6.9,0,0.26726,-0.00855324,0
13.2,7,0,0.282124,-0.00713261,0
13.2,7.1,0,0.292446,-0.00604165,0
13.2,7.2,0,0.301118,-0.00482522,0
13.2,7.3,0,0.309684,-0.00359942,0
13.2,7.4,0,0.314766,-0.00250248,0
13.2,7.5,0,0.318039,-0.00157749,0
13.2,7.6,0,0.321312,-0.000652492,0
13.2,7.7,0,0.323513,0.000238426,0
13.2,7.8,0,0.324419,0.000821327,0
13.2,7.9,0,0.325102,0.0014323,0
13.2,8,0,0.325549,0.00213136,0
13.2,8.1,0,0.325548,0.00255954,0
13.2,8.2,0,0.325252,0.00300334,0
13.2,8.3,0,0.324956,0.00344714,0
13.2,8.4,0,0.324533,0.00387369,0
13.2,8.5,0,0.32395,0.00420203,0
13.2,8.6,0,0.323367,0.00453037,0
13.2,8.7,0,0.322773,0.00491488,0
13.2,8.8,0,0.32219,0.00513889,0
13.2,8.9,0,0.321556,0.00539038,0
13.2,9,0,0.320906,0.00569741,0
13.2,9.1,0,0.320348,0.00588795,0
13.2,9.2,0,0.319725,0.00608415,0
13.2,9.3,0,0.319102,0.00628036,0
13.2,9.4,0,0.318533,0.00649238,0
13.2,9.5,0,0.317932,0.00664493,0
13.2,9.6,0,0.317331,0.00679748,0
13.2,9.7,0,0.316733,0.00699669,0
13.2,9.8,0,0.316188,0.00709487,0
13.2,9.9,0,0.315607,0.00721194,0
13.2,10,0,0.315017,0.0073571,0
13.2,10.1,0,0.31449,0.00745193,0
13.2,10.2,0,0.313927,0.00754028,0
13.2,10.3,0,0.313364,0.00762863,0
13.2,10.4,0,0.312833,0.00773134,0
13.2,10.5,0,0.312286,0.00779647,0
13.2,10.6,0,0.311738,0.00786161,0
13.2,10.7,0,0.311187,0.00795808,0
13.2,10.8,0,0.310679,0.00799216,0
13.2,10.9,0,0.310145,0.00803847,0
13.2,11,0,0.309606,0.00809785,0
13.2,11.1,0,0.309103,0.00813692,0
13.2,11.2,0,0.308582,0.00816783,0
13.2,11.3,0,0.308061,0.00819874,0
13.2,11.4,0,0.307556,0.00823938,0
13.2,11.5,0,0.307053,0.00825618,0
13.2,11.6,0,0.306548,0.00827387,0
13.2,11.7,0,0.306043,0.00831156,0
13.2,11.8,0,0.305582,0.008306,0
13.2,11.9,0,0.305113,0.00830953,0
13.2,12,0,0.304646,0.00831844,0
13.2,12.1,0,0.304238,0.00831197,0
13.2,12.2,0,0.303865,0.00829613,0
13.2,12.3,0,0.303493,0.00828029,0
13.2,12.4,0,0.30319,0.00826315,0
13.2,12.5,0,0.30303,0.00824573,0
13.2,12.6,0,0.302879,0.00823207,0
13.2,12.7,0,0.302787,0.00824052,0
13.3,0,0,0.304296,-0.0063916,0
13.3,0.1,0,0.304362,-0.00632091,0
13.3,0.2,0,0.304559,-0.00635831,0
13.3,0.3,0,0.304867,-0.00638672,0
13.3,0.4,0,0.305316,-0.00638862,0
13.3,0.5,0,0.305833,-0.00647127,0
13.3,0.6,0,0.3064,-0.00637879,0
13.3,0.7,0,0.307047,-0.00637495,0
13.3,0.8,0,0.307693,-0.00633008,0
13.3,0.9,0,0.308399,-0.0062603,0
13.3,1,0,0.30911,-0.00628226,0
13.3,1.1,0,0.309807,-0.00611767,0
13.3,1.2,0,0.310549,-0.00605554,0
13.3,1.3,0,0.311249,-0.00595396,0
13.3,1.4,0,0.31199,-0.0058253,0
13.3,1.5,0,0.312731,-0.00580197,0
13.3,1.6,0,0.313424,-0.00556935,0
13.3,1.7,0,0.314177,-0.00544986,0
13.3,1.8,0,0.314867,-0.00528972,0
13.3,1.9,0,0.315602,-0.00509227,0
13.3,2,0,0.316356,-0.00501765,0
13.3,2.1,0,0.317009,-0.00470337,0
13.3,2.2,0,0.317757,-0.00451115,0
13.3,2.3,0,0.318411,-0.00428009,0
13.3,2.4,0,0.319108,-0.00399113,0
13.3,2.5,0,0.319834,-0.00384554,0
13.3,2.6,0,0.320348,-0.00341936,0
13.3,2.7,0,0.320976,-0.00311571,0
13.3,2.8,0,0.321379,-0.00277065,0
13.3,2.9,0,0.321722,-0.00232125,0
13.3,3,0,0.32195,-0.0020279,0
13.3,3.1,0,0.32161,-0.00137574,0
13.3,3.2,0,0.321178,-0.000823801,0
13.3,3.3,0,0.31993,-0.000201158,0
13.3,3.4,0,0.318014,0.000630423,0
13.3,3.5,0,0.315296,0.00129276,0
13.3,3.6,0,0.310852,0.0024612,0
13.3,3.7,0,0.30546,0.00356558,0
13.3,3.8,0,0.297803,0.00476069,0
13.3,3.9,0,0.287874,0.00626341,0
13.3,4,0,0.276192,0.00743095,0
13.3,4.1,0,0.26111,0.00921018,0
13.3,4.2,0,0.244217,0.0107039,0
13.3,4.3,0,0.224934,0.0119913,0
13.3,4.4,0,0.20304,0.0132912,0
13.3,4.5,0,0.180945,0.0136803,0
13.3,4.6,0,0.157437,0.0145276,0
13.3,4.7,0,0.133895,0.0145239,0
13.3,4.8,0,0.112372,0.0139864,0
13.3,4.9,0,0.0938671,0.0134358,0
13.3,5,0,0.0798275,0.0119913,0
13.3,5.1,0,0.0580257,0.00993276,0
13.3,5.2,0,0.0457876,0.00814606,0
13.3,5.3,0,0.0371693,0.00614242,0
13.3,5.4,0,0.0323927,0.00397371,0
13.3,5.5,0,0.0315664,0.00170131,0
13.3,5.6,0,0.034688,-0.000612793,0
13.3,5.7,0,0.041649,-0.00290332,0
13.3,5.8,0,0.0522407,-0.00510019,0
13.3,5.9,0,0.0661592,-0.00714703,0
13.3,6,0,0.0934142,-0.0100722,0
13.3,6.1,0,0.106852,-0.0113867,0
13.3,6.2,0,0.125376,-0.0122775,0
13.3,6.3,0,0.145668,-0.0128299,0
13.3,6.4,0,0.168402,-0.0133962,0
13.3,6.5,0,0.191254,-0.0132612,0
13.3,6.6,0,0.213503,-0.0127222,0
13.3,6.7,0,0.233147,-0.0115533,0
13.3,6.8,0,0.251497,-0.0105977,0
13.3,6.9,0,0.268051,-0.00931248,0
13.3,7,0,0.281005,-0.0077387,0
13.3,7.1,0,0.292805,-0.00679437,0
13.3,7.2,0,0.301477,-0.00557794,0
13.3,7.3,0,0.30861,-0.00422646,0
13.3,7.4,0,0.314071,-0.00315317,0
13.3,7.5,0,0.31794,-0.00226546,0
13.3,7.6,0,0.32102,-0.00131849,0
13.3,7.7,0,0.322685,-0.000366612,0
13.3,7.8,0,0.324119,0.000149705,0
13.3,7.9,0,0.324802,0.000760681,0
13.3,8,0,0.324943,0.00157433,0
13.3,8.1,0,0.32521,0.00194365,0
13.3,8.2,0,0.324914,0.00238745,0
13.3,8.3,0,0.324507,0.00293004,0
13.3,8.4,0,0.32412,0.00334537,0
13.3,8.5,0,0.323643,0.00363241,0
13.3,8.6,0,0.323053,0.00397496,0
13.3,8.7,0,0.322421,0.00444045,0
13.3,8.8,0,0.321935,0.00461332,0
13.3,8.9,0,0.321301,0.00486481,0
13.3,9,0,0.320626,0.00525691,0
13.3,9.1,0,0.320142,0.00540543,0
13.3,9.2,0,0.319521,0.00560018,0
13.3,9.3,0,0.318881,0.0058582,0
13.3,9.4,0,0.31832,0.00607613,0
13.3,9.5,0,0.317772,0.0061986,0
13.3,9.6,0,0.31717,0.00635324,0
13.3,9.7,0,0.316555,0.00661238,0
13.3,9.8,0,0.316065,0.00668163,0
13.3,9.9,0,0.315484,0.0067987,0
13.3,10,0,0.314877,0.00699612,0
13.3,10.1,0,0.31439,0.00707101,0
13.3,10.2,0,0.313834,0.00715586,0
13.3,10.3,0,0.31326,0.00727618,0
13.3,10.4,0,0.312726,0.00739006,0
13.3,10.5,0,0.312217,0.00743685,0
13.3,10.6,0,0.311669,0.00750198,0
13.3,10.7,0,0.311104,0.00763535,0
13.3,10.8,0,0.310629,0.00765352,0
13.3,10.9,0,0.310096,0.00769983,0
13.3,11,0,0.309546,0.00779022,0
13.3,11.1,0,0.309062,0.00781927,0
13.3,11.2,0,0.308548,0.00784658,0
13.3,11.3,0,0.308022,0.00789347,0
13.3,11.4,0,0.307514,0.00794424,0
13.3,11.5,0,0.307031,0.00794904,0
13.3,11.6,0,0.306526,0.00796673,0
13.3,11.7,0,0.306019,0.0080263,0
13.3,11.8,0,0.305567,0.00801048,0
13.3,11.9,0,0.305098,0.00801401,0
13.3,12,0,0.304641,0.00804048,0
13.3,12.1,0,0.304225,0.00802867,0
13.3,12.2,0,0.303847,0.00800955,0
13.3,12.3,0,0.30349,0.00800064,0
13.3,12.4,0,0.303204,0.00799051,0
13.3,12.5,0,0.302995,0.00795331,0
13.3,12.6,0,0.302844,0.00793965,0
13.3,12.7,0,0.302811,0.0079702,0
13.4,0,0,0.304329,-0.00593707,0
13.4,0.1,0,0.304338,-0.00582189,0
13.4,0.2,0,0.304577,-0.00590177,0
13.4,0.3,0,0.304885,-0.00593018,0
13.4,0.4,0,0.305281,-0.0058962,0
13.4,0.5,0,0.305819,-0.00601116,0
13.4,0.6,0,0.306348,-0.00588194,0
13.4,0.7,0,0.306999,-0.00591182,0
13.4,0.8,0,0.307645,-0.00586694,0
13.4,0.9,0,0.308324,-0.00575736,0
13.4,1,0,0.30903,-0.00581623,0
13.4,1.1,0,0.309705,-0.00560933,0
13.4,1.2,0,0.31044,-0.00558689,0
13.4,1.3,0,0.31114,-0.00548531,0
13.4,1.4,0,0.311856,-0.0053123,0
13.4,1.5,0,0.312591,-0.00533166,0
13.4,1.6,0,0.313254,-0.00505291,0
13.4,1.7,0,0.314004,-0.00497977,0
13.4,1.8,0,0.314694,-0.00481962,0
13.4,1.9,0,0.315392,-0.00457456,0
13.4,2,0,0.316147,-0.00455065,0
13.4,2.1,0,0.316753,-0.00418785,0
13.4,2.2,0,0.317505,-0.00405125,0
13.4,2.3,0,0.31816,-0.00382019,0
13.4,2.4,0,0.318801,-0.0034828,0
13.4,2.5,0,0.319529,-0.00339799,0
13.4,2.6,0,0.319984,-0.00292526,0
13.4,2.7,0,0.320596,-0.00268703,0
13.4,2.8,0,0.320999,-0.00234198,0
13.4,2.9,0,0.321295,-0.0018509,0
13.4,3,0,0.321455,-0.0016262,0
13.4,3.1,0,0.321119,-0.000940325,0
13.4,3.2,0,0.320505,-0.00046121,0
13.4,3.3,0,0.319257,0.000161432,0
13.4,3.4,0,0.317468,0.00101367,0
13.4,3.5,0,0.314376,0.00159604,0
13.4,3.6,0,0.310271,0.00277359,0
13.4,3.7,0,0.304276,0.00377616,0
13.4,3.8,0,0.296619,0.00497127,0
13.4,3.9,0,0.287296,0.00649396,0
13.4,4,0,0.274873,0.00749841,0
13.4,4.1,0,0.260572,0.00935793,0
13.4,4.2,0,0.243118,0.010574,0
13.4,4.3,0,0.223834,0.0118614,0
13.4,4.4,0,0.202584,0.0133564,0
13.4,4.5,0,0.180534,0.013334,0
13.4,4.6,0,0.157221,0.0144972,0
13.4,4.7,0,0.134465,0.0140067,0
13.4,4.8,0,0.112943,0.0134692,0
13.4,4.9,0,0.093275,0.0132089,0
13.4,5,0,0.0812069,0.0113827,0
13.4,5.1,0,0.0598294,0.00928675,0
13.4,5.2,0,0.0478447,0.00748041,0
13.4,5.3,0,0.039423,0.00546529,0
13.4,5.4,0,0.0347824,0.0032937,0
13.4,5.5,0,0.0340287,0.00102684,0
13.4,5.6,0,0.037158,-0.00127372,0
13.4,5.7,0,0.044061,-0.00354372,0
13.4,5.8,0,0.0545283,-0.00571513,0
13.4,5.9,0,0.0682562,-0.00773274,0
13.4,6,0,0.0950919,-0.0105965,0
13.4,6.1,0,0.107732,-0.0119774,0
13.4,6.2,0,0.12451,-0.0130137,0
13.4,6.3,0,0.146288,-0.0132816,0
13.4,6.4,0,0.169021,-0.0138479,0
13.4,6.5,0,0.192037,-0.0141977,0
13.4,6.6,0,0.212918,-0.0132291,0
13.4,6.7,0,0.232562,-0.0120602,0
13.4,6.8,0,0.252288,-0.0113569,0
13.4,6.9,0,0.267751,-0.00998429,0
13.4,7,0,0.279886,-0.00834479,0
13.4,7.1,0,0.291978,-0.00742946,0
13.4,7.2,0,0.301835,-0.00633066,0
13.4,7.3,0,0.307537,-0.00485349,0
13.4,7.4,0,0.312997,-0.00378021,0
13.4,7.5,0,0.317841,-0.00295344,0
13.4,7.6,0,0.320192,-0.00192353,0
13.4,7.7,0,0.321857,-0.000971649,0
13.4,7.8,0,0.323762,-0.000514712,0
13.4,7.9,0,0.324363,0.000141224,0
13.4,8,0,0.324337,0.0010173,0
13.4,8.1,0,0.324626,0.00138179,0
13.4,8.2,0,0.324576,0.00177157,0
13.4,8.3,0,0.324054,0.00241717,0
13.4,8.4,0,0.323667,0.0028325,0
13.4,8.5,0,0.323337,0.00306279,0
13.4,8.6,0,0.322702,0.00350053,0
13.4,8.7,0,0.322069,0.00396602,0
13.4,8.8,0,0.321659,0.0040992,0
13.4,8.9,0,0.321038,0.00436812,0
13.4,9,0,0.320347,0.0048164,0
13.4,9.1,0,0.319862,0.00496493,0
13.4,9.2,0,0.319317,0.0051162,0
13.4,9.3,0,0.318658,0.00544754,0
13.4,9.4,0,0.318096,0.00566547,0
13.4,9.5,0,0.317612,0.00575227,0
13.4,9.6,0,0.316992,0.00596893,0
13.4,9.7,0,0.316377,0.00622807,0
13.4,9.8,0,0.315923,0.00627821,0
13.4,9.9,0,0.315357,0.00639716,0
13.4,10,0,0.314736,0.00663514,0
13.4,10.1,0,0.314249,0.00671003,0
13.4,10.2,0,0.31374,0.00677144,0
13.4,10.3,0,0.313151,0.00693569,0
13.4,10.4,0,0.312616,0.00704957,0
13.4,10.5,0,0.312148,0.00707722,0
13.4,10.6,0,0.311588,0.00717622,0
13.4,10.7,0,0.311021,0.00731262,0
13.4,10.8,0,0.310565,0.00732213,0
13.4,10.9,0,0.310045,0.00736455,0
13.4,11,0,0.309485,0.00748259,0
13.4,11.1,0,0.309002,0.00751165,0
13.4,11.2,0,0.308515,0.00752532,0
13.4,11.3,0,0.30798,0.00759833,0
13.4,11.4,0,0.307473,0.0076491,0
13.4,11.5,0,0.30701,0.0076419,0
13.4,11.6,0,0.306503,0.00767715,0
13.4,11.7,0,0.305995,0.00774105,0
13.4,11.8,0,0.305547,0.00772083,0
13.4,11.9,0,0.305083,0.00771849,0
13.4,12,0,0.304635,0.00776253,0
13.4,12.1,0,0.304219,0.00775072,0
13.4,12.2,0,0.303829,0.00772297,0
13.4,12.3,0,0.303505,0.007728,0
13.4,12.4,0,0.303219,0.00771788,0
13.4,12.5,0,0.30296,0.00766089,0
13.4,12.6,0,0.30285,0.00766241,0
13.4,12.7,0,0.302835,0.00769988,0
13.5,0,0,0.304361,-0.00548253,0
13.5,0.1,0,0.304365,-0.0053629,0
13.5,0.2,0,0.304595,-0.00544524,0
13.5,0.3,0,0.304903,-0.00547365,0
13.5,0.4,0,0.305264,-0.00543286,0
13.5,0.5,0,0.305804,-0.00555104,0
13.5,0.6,0,0.30633,-0.00541815,0
13.5,0.7,0,0.306951,-0.00544869,0
13.5,0.8,0,0.307597,-0.00540381,0
13.5,0.9,0,0.308245,-0.00528764,0
13.5,1,0,0.308951,-0.00535021,0
13.5,1.1,0,0.309623,-0.00513908,0
13.5,1.2,0,0.310331,-0.00511824,0
13.5,1.3,0,0.311031,-0.00501666,0
13.5,1.4,0,0.311716,-0.00483772,0
13.5,1.5,0,0.312452,-0.00486135,0
13.5,1.6,0,0.313112,-0.00457799,0
13.5,1.7,0,0.313831,-0.00450967,0
13.5,1.8,0,0.314521,-0.00434953,0
13.5,1.9,0,0.315183,-0.00410249,0
13.5,2,0,0.315938,-0.00408365,0
13.5,2.1,0,0.316539,-0.003716,0
13.5,2.2,0,0.317254,-0.00359136,0
13.5,2.3,0,0.317908,-0.00336029,0
13.5,2.4,0,0.318496,-0.00302917,0
13.5,2.5,0,0.319225,-0.00295044,0
13.5,2.6,0,0.319674,-0.00247305,0
13.5,2.7,0,0.320217,-0.00225835,0
13.5,2.8,0,0.320619,-0.0019133,0
13.5,2.9,0,0.320807,-0.00144234,0
13.5,3,0,0.320959,-0.00122451,0
13.5,3.1,0,0.320625,-0.000535258,0
13.5,3.2,0,0.319832,-9.86198e-05,0
13.5,3.3,0,0.318584,0.000524023,0
13.5,3.4,0,0.316586,0.00132495,0
13.5,3.5,0,0.313457,0.00189932,0
13.5,3.6,0,0.309385,0.00307778,0
13.5,3.7,0,0.303092,0.00398675,0
13.5,3.8,0,0.295435,0.00518186,0
13.5,3.9,0,0.286051,0.00657773,0
13.5,4,0,0.273554,0.00756586,0
13.5,4.1,0,0.259331,0.00943341,0
13.5,4.2,0,0.242018,0.0104441,0
13.5,4.3,0,0.222735,0.0117315,0
13.5,4.4,0,0.202169,0.0130511,0
13.5,4.5,0,0.180124,0.0129876,0
13.5,4.6,0,0.15683,0.0141824,0
13.5,4.7,0,0.135035,0.0134895,0
13.5,4.8,0,0.113513,0.0129519,0
13.5,4.9,0,0.0944573,0.0126384,0
13.5,5,0,0.0825862,0.0107741,0
13.5,5.1,0,0.0616332,0.00864074,0
13.5,5.2,0,0.0499018,0.00681476,0
13.5,5.3,0,0.0416767,0.00478816,0
13.5,5.4,0,0.037172,0.00261369,0
13.5,5.5,0,0.036491,0.000352381,0
13.5,5.6,0,0.0396281,-0.00193464,0
13.5,5.7,0,0.046473,-0.00418412,0
13.5,5.8,0,0.0568159,-0.00633007,0
13.5,5.9,0,0.0703533,-0.00831845,0
13.5,6,0,0.0967695,-0.0111208,0
13.5,6.1,0,0.10941,-0.0125017,0
13.5,6.2,0,0.124947,-0.0135005,0
13.5,6.3,0,0.146908,-0.0137333,0
13.5,6.4,0,0.169641,-0.0142997,0
13.5,6.5,0,0.192699,-0.0150167,0
13.5,6.6,0,0.212333,-0.0137361,0
13.5,6.7,0,0.231977,-0.0125672,0
13.5,6.8,0,0.251714,-0.0118657,0
13.5,6.9,0,0.266632,-0.0105904,0
13.5,7,0,0.278767,-0.00895088,0
13.5,7.1,0,0.290859,-0.00803555,0
13.5,7.2,0,0.301104,-0.00698771,0
13.5,7.3,0,0.306464,-0.00548053,0
13.5,7.4,0,0.311924,-0.00440725,0
13.5,7.5,0,0.317451,-0.00362322,0
13.5,7.6,0,0.319364,-0.00252857,0
13.5,7.7,0,0.321029,-0.00157669,0
13.5,7.8,0,0.322934,-0.00111975,0
13.5,7.9,0,0.323757,-0.000415807,0
13.5,8,0,0.323731,0.000460269,0
13.5,8.1,0,0.32402,0.000824762,0
13.5,8.2,0,0.324164,0.00122219,0
13.5,8.3,0,0.323601,0.00190431,0
13.5,8.4,0,0.323214,0.00231963,0
13.5,8.5,0,0.32297,0.00251667,0
13.5,8.6,0,0.32235,0.0030261,0
13.5,8.7,0,0.321718,0.00349159,0
13.5,8.8,0,0.321307,0.00362477,0
13.5,8.9,0,0.320758,0.00392761,0
13.5,9,0,0.320067,0.00437589,0
13.5,9.1,0,0.319583,0.00452442,0
13.5,9.2,0,0.319103,0.00467106,0
13.5,9.3,0,0.318434,0.00503688,0
13.5,9.4,0,0.317873,0.00525481,0
13.5,9.5,0,0.317419,0.00532484,0
13.5,9.6,0,0.316814,0.00558462,0
13.5,9.7,0,0.316199,0.00584376,0
13.5,9.8,0,0.315745,0.0058939,0
13.5,9.9,0,0.315217,0.00603618,0
13.5,10,0,0.314596,0.00627416,0
13.5,10.1,0,0.314109,0.00634905,0
13.5,10.2,0,0.31364,0.00640521,0
13.5,10.3,0,0.313041,0.0065952,0
13.5,10.4,0,0.312507,0.00670909,0
13.5,10.5,0,0.312053,0.00672995,0
13.5,10.6,0,0.311505,0.00685349,0
13.5,10.7,0,0.310938,0.00698989,0
13.5,10.8,0,0.310482,0.0069994,0
13.5,10.9,0,0.309984,0.00705692,0
13.5,11,0,0.309424,0.00717496,0
13.5,11.1,0,0.308941,0.00720402,0
13.5,11.2,0,0.308479,0.00721187,0
13.5,11.3,0,0.307939,0.00730319,0
13.5,11.4,0,0.307431,0.00735396,0
13.5,11.5,0,0.306973,0.0073439,0
13.5,11.6,0,0.306479,0.0073919,0
13.5,11.7,0,0.305971,0.00745579,0
13.5,11.8,0,0.305523,0.00743557,0
13.5,11.9,0,0.305077,0.00744041,0
13.5,12,0,0.30463,0.00748457,0
13.5,12.1,0,0.304214,0.00747276,0
13.5,12.2,0,0.303817,0.00743952,0
13.5,12.3,0,0.303519,0.00745537,0
13.5,12.4,0,0.303233,0.00744525,0
13.5,12.5,0,0.302969,0.00738582,0
13.5,12.6,0,0.302874,0.00739209,0
13.5,12.7,0,0.30286,0.00742957,0
13.6,0,0,0.304394,-0.005028,0
13.6,0.1,0,0.304412,-0.00492324,0
13.6,0.2,0,0.304613,-0.0049887,0
13.6,0.3,0,0.304921,-0.00501711,0
13.6,0.4,0,0.305269,-0.00498531,0
13.6,0.5,0,0.30579,-0.00509093,0
13.6,0.6,0,0.306317,-0.00496984,0
13.6,0.7,0,0.306903,-0.00498555,0
13.6,0.8,0,0.307549,-0.00494068,0
13.6,0.9,0,0.308175,-0.00483555,0
13.6,1,0,0.308872,-0.00488418,0
13.6,1.1,0,0.309542,-0.00468694,0
13.6,1.2,0,0.310222,-0.00464959,0
13.6,1.3,0,0.310921,-0.00454801,0
13.6,1.4,0,0.311585,-0.00438293,0
13.6,1.5,0,0.312312,-0.00439104,0
13.6,1.6,0,0.312971,-0.0041239,0
13.6,1.7,0,0.313658,-0.00403957,0
13.6,1.8,0,0.314349,-0.00387943,0
13.6,1.9,0,0.314987,-0.00365216,0
13.6,2,0,0.315729,-0.00361666,0
13.6,2.1,0,0.316332,-0.00326847,0
13.6,2.2,0,0.317003,-0.00313146,0
13.6,2.3,0,0.317657,-0.0029004,0
13.6,2.4,0,0.318211,-0.00259858,0
13.6,2.5,0,0.31892,-0.00250289,0
13.6,2.6,0,0.319364,-0.0020484,0
13.6,2.7,0,0.319837,-0.00182968,0
13.6,2.8,0,0.32024,-0.00148462,0
13.6,2.9,0,0.320329,-0.00105523,0
13.6,3,0,0.320464,-0.000822813,0
13.6,3.1,0,0.320066,-0.000159052,0
13.6,3.2,0,0.319159,0.000263971,0
13.6,3.3,0,0.317911,0.000886614,0
13.6,3.4,0,0.315622,0.001621,0
13.6,3.5,0,0.312538,0.0022026,0
13.6,3.6,0,0.308255,0.00334543,0
13.6,3.7,0,0.301908,0.00419733,0
13.6,3.8,0,0.294251,0.00539244,0
13.6,3.9,0,0.28452,0.0066382,0
13.6,4,0,0.272236,0.00763332,0
13.6,4.1,0,0.257816,0.0094037,0
13.6,4.2,0,0.240919,0.0103142,0
13.6,4.3,0,0.221636,0.0116016,0
13.6,4.4,0,0.201533,0.0126365,0
13.6,4.5,0,0.179713,0.0126412,0
13.6,4.6,0,0.156695,0.0136656,0
13.6,4.7,0,0.135605,0.0129723,0
13.6,4.8,0,0.114083,0.0124347,0
13.6,4.9,0,0.0962434,0.0119283,0
13.6,5,0,0.0839655,0.0101655,0
13.6,5.1,0,0.063437,0.00799473,0
13.6,5.2,0,0.0519588,0.00614912,0
13.6,5.3,0,0.0439304,0.00411104,0
13.6,5.4,0,0.0395617,0.00193368,0
13.6,5.5,0,0.0389533,-0.000322083,0
13.6,5.6,0,0.0420982,-0.00259556,0
13.6,5.7,0,0.048885,-0.00482452,0
13.6,5.8,0,0.0591035,-0.00694501,0
13.6,5.9,0,0.0724503,-0.00890415,0
13.6,6,0,0.0984471,-0.0116451,0
13.6,6.1,0,0.111087,-0.013026,0
13.6,6.2,0,0.126516,-0.0138732,0
13.6,6.3,0,0.147527,-0.0141851,0
13.6,6.4,0,0.170261,-0.0147514,0
13.6,6.5,0,0.19195,-0.0150389,0
13.6,6.6,0,0.211748,-0.014243,0
13.6,6.7,0,0.231392,-0.0130741,0
13.6,6.8,0,0.250637,-0.0123332,0
13.6,6.9,0,0.265513,-0.0111965,0
13.6,7,0,0.277648,-0.00955698,0
13.6,7.1,0,0.28974,-0.00864164,0
13.6,7.2,0,0.299308,-0.00754307,0
13.6,7.3,0,0.305391,-0.00610757,0
13.6,7.4,0,0.310851,-0.00503429,0
13.6,7.5,0,0.315684,-0.00417135,0
13.6,7.6,0,0.318536,-0.00313361,0
13.6,7.7,0,0.320201,-0.00218172,0
13.6,7.8,0,0.322063,-0.00170854,0
13.6,7.9,0,0.323151,-0.000972838,0
13.6,8,0,0.323126,-9.67614e-05,0
13.6,8.1,0,0.323414,0.000267732,0
13.6,8.2,0,0.323549,0.000744895,0
13.6,8.3,0,0.323148,0.00139144,0
13.6,8.4,0,0.322761,0.00180676,0
13.6,8.5,0,0.322479,0.00208337,0
13.6,8.6,0,0.321999,0.00255168,0
13.6,8.7,0,0.321366,0.00301717,0
13.6,8.8,0,0.320955,0.00315256,0
13.6,8.9,0,0.320479,0.00348711,0
13.6,9,0,0.319788,0.00393538,0
13.6,9.1,0,0.319303,0.00408391,0
13.6,9.2,0,0.318825,0.00429171,0
13.6,9.3,0,0.318211,0.00462622,0
13.6,9.4,0,0.317649,0.00484414,0
13.6,9.5,0,0.317182,0.00495884,0
13.6,9.6,0,0.316636,0.0052003,0
13.6,9.7,0,0.31602,0.00545945,0
13.6,9.8,0,0.315567,0.00550959,0
13.6,9.9,0,0.315075,0.00567596,0
13.6,10,0,0.314455,0.00591318,0
13.6,10.1,0,0.313968,0.00598807,0
13.6,10.2,0,0.313492,0.00608432,0
13.6,10.3,0,0.312932,0.00625472,0
13.6,10.4,0,0.312398,0.0063686,0
13.6,10.5,0,0.311935,0.00641176,0
13.6,10.6,0,0.311422,0.00653076,0
13.6,10.7,0,0.310855,0.00666716,0
13.6,10.8,0,0.310399,0.00667667,0
13.6,10.9,0,0.309919,0.00675155,0
13.6,11,0,0.309363,0.00686734,0
13.6,11.1,0,0.30888,0.00689639,0
13.6,11.2,0,0.308411,0.00692969,0
13.6,11.3,0,0.307897,0.00700805,0
13.6,11.4,0,0.307389,0.00705882,0
13.6,11.5,0,0.30693,0.00705945,0
13.6,11.6,0,0.306454,0.00710664,0
13.6,11.7,0,0.305947,0.00717054,0
13.6,11.8,0,0.305499,0.00715032,0
13.6,11.9,0,0.305069,0.0071651,0
13.6,12,0,0.304624,0.00720662,0
13.6,12.1,0,0.304208,0.00719481,0
13.6,12.2,0,0.303844,0.00717551,0
13.6,12.3,0,0.303533,0.00718274,0
13.6,12.4,0,0.303247,0.00717262,0
13.6,12.5,0,0.303005,0.00712143,0
13.6,12.6,0,0.302898,0.00712177,0
13.6,12.7,0,0.302884,0.00715925,0
13.7,0,0,0.304426,-0.00457346,0
13.7,0.1,0,0.304487,-0.00451119,0
13.7,0.2,0,0.304631,-0.00453217,0
13.7,0.3,0,0.304939,-0.00456058,0
13.7,0.4,0,0.305308,-0.00456107,0
13.7,0.5,0,0.305776,-0.00463082,0
13.7,0.6,0,0.306308,-0.00454344,0
13.7,0.7,0,0.306855,-0.00452242,0
13.7,0.8,0,0.307501,-0.00447754,0
13.7,0.9,0,0.308123,-0.00440933,0
13.7,1,0,0.308793,-0.00441816,0
13.7,1.1,0,0.309456,-0.0042606,0
13.7,1.2,0,0.310113,-0.00418093,0
13.7,1.3,0,0.310812,-0.00407935,0
13.7,1.4,0,0.311471,-0.00395697,0
13.7,1.5,0,0.312172,-0.00392073,0
13.7,1.6,0,0.312828,-0.00369994,0
13.7,1.7,0,0.313486,-0.00356948,0
13.7,1.8,0,0.314176,-0.00340934,0
13.7,1.9,0,0.314815,-0.00323277,0
13.7,2,0,0.315519,-0.00314966,0
13.7,2.1,0,0.316127,-0.00285709,0
13.7,2.2,0,0.316751,-0.00267156,0
13.7,2.3,0,0.317406,-0.0024405,0
13.7,2.4,0,0.317962,-0.00219946,0
13.7,2.5,0,0.318616,-0.00205534,0
13.7,2.6,0,0.319044,-0.00166627,0
13.7,2.7,0,0.319457,-0.001401,0
13.7,2.8,0,0.31986,-0.00105595,0
13.7,2.9,0,0.31988,-0.000695205,0
13.7,3,0,0.319969,-0.000421118,0
13.7,3.1,0,0.319388,0.000169817,0
13.7,3.2,0,0.318486,0.000626562,0
13.7,3.3,0,0.317238,0.0012492,0
13.7,3.4,0,0.314576,0.00190362,0
13.7,3.5,0,0.311618,0.00250587,0
13.7,3.6,0,0.306732,0.00354689,0
13.7,3.7,0,0.300723,0.00440792,0
13.7,3.8,0,0.293067,0.00560303,0
13.7,3.9,0,0.282596,0.00668569,0
13.7,4,0,0.270917,0.00770078,0
13.7,4.1,0,0.255937,0.00919352,0
13.7,4.2,0,0.23982,0.0101843,0
13.7,4.3,0,0.220537,0.0114717,0
13.7,4.4,0,0.200479,0.012095,0
13.7,4.5,0,0.179302,0.0122948,0
13.7,4.6,0,0.15707,0.0128324,0
13.7,4.7,0,0.136175,0.012455,0
13.7,4.8,0,0.114653,0.0119175,0
13.7,4.9,0,0.098785,0.0110294,0
13.7,5,0,0.0853449,0.00955694,0
13.7,5.1,0,0.0652407,0.00734872,0
13.7,5.2,0,0.0540159,0.00548347,0
13.7,5.3,0,0.0461842,0.00343391,0
13.7,5.4,0,0.0419514,0.00125367,0
13.7,5.5,0,0.0414156,-0.000996547,0
13.7,5.6,0,0.0445682,-0.00325649,0
13.7,5.7,0,0.051297,-0.00546492,0
13.7,5.8,0,0.061391,-0.00755995,0
13.7,5.9,0,0.0745474,-0.00948986,0
13.7,6,0,0.100125,-0.0121694,0
13.7,6.1,0,0.113602,-0.0133901,0
13.7,6.2,0,0.129679,-0.014113,0
13.7,6.3,0,0.148147,-0.0146368,0
13.7,6.4,0,0.170881,-0.0152032,0
13.7,6.5,0,0.191201,-0.0150611,0
13.7,6.6,0,0.211163,-0.0147499,0
13.7,6.7,0,0.230807,-0.013581,0
13.7,6.8,0,0.248142,-0.012687,0
13.7,6.9,0,0.26346,-0.0116312,0
13.7,7,0,0.276529,-0.0101631,0
13.7,7.1,0,0.28798,-0.00919146,0
13.7,7.2,0,0.296758,-0.00802349,0
13.7,7.3,0,0.304317,-0.00673461,0
13.7,7.4,0,0.309778,-0.00566133,0
13.7,7.5,0,0.313882,-0.00471545,0
13.7,7.6,0,0.317708,-0.00373865,0
13.7,7.7,0,0.319373,-0.00278676,0
13.7,7.8,0,0.320929,-0.00219899,0
13.7,7.9,0,0.322125,-0.00147695,0
13.7,8,0,0.32252,-0.000653792,0
13.7,8.1,0,0.32277,-0.000255089,0
13.7,8.2,0,0.322828,0.00029088,0
13.7,8.3,0,0.322695,0.000878572,0
13.7,8.4,0,0.322308,0.0012939,0
13.7,8.5,0,0.321981,0.0016657,0
13.7,8.6,0,0.321632,0.00208297,0
13.7,8.7,0,0.321014,0.00254274,0
13.7,8.8,0,0.320579,0.0027632,0
13.7,8.9,0,0.320111,0.00309316,0
13.7,9,0,0.319509,0.00349488,0
13.7,9.1,0,0.31902,0.00365927,0
13.7,9.2,0,0.318526,0.00392452,0
13.7,9.3,0,0.317987,0.00421556,0
13.7,9.4,0,0.317425,0.00443348,0
13.7,9.5,0,0.31694,0.0046102,0
13.7,9.6,0,0.316444,0.00482371,0
13.7,9.7,0,0.315842,0.00507514,0
13.7,9.8,0,0.315373,0.00517286,0
13.7,9.9,0,0.314879,0.00534391,0
13.7,10,0,0.314315,0.0055522,0
13.7,10.1,0,0.313826,0.00563152,0
13.7,10.2,0,0.313336,0.00576727,0
13.7,10.3,0,0.312823,0.00591423,0
13.7,10.4,0,0.312289,0.00602811,0
13.7,10.5,0,0.311812,0.00610817,0
13.7,10.6,0,0.311326,0.00621439,0
13.7,10.7,0,0.310772,0.00634443,0
13.7,10.8,0,0.310307,0.00637859,0
13.7,10.9,0,0.309824,0.00645983,0
13.7,11,0,0.309302,0.00655971,0
13.7,11.1,0,0.308819,0.00658876,0
13.7,11.2,0,0.308342,0.00664818,0
13.7,11.3,0,0.307855,0.00671291,0
13.7,11.4,0,0.307347,0.00676368,0
13.7,11.5,0,0.306885,0.0067862,0
13.7,11.6,0,0.306421,0.00682676,0
13.7,11.7,0,0.305923,0.00688529,0
13.7,11.8,0,0.305481,0.00687699,0
13.7,11.9,0,0.305055,0.00689741,0
13.7,12,0,0.304618,0.00692866,0
13.7,12.1,0,0.304202,0.00691686,0
13.7,12.2,0,0.303871,0.00691151,0
13.7,12.3,0,0.303547,0.00691011,0
13.7,12.4,0,0.303261,0.00689999,0
13.7,12.5,0,0.303078,0.0068709,0
13.7,12.6,0,0.30295,0.0068626,0
13.7,12.7,0,0.302908,0.00688893,0
13.8,0,0,0.304459,-0.00411893,0
13.8,0.1,0,0.304561,-0.00409914,0
13.8,0.2,0,0.304694,-0.00411122,0
13.8,0.3,0,0.304974,-0.00412988,0
13.8,0.4,0,0.305348,-0.00413684,0
13.8,0.5,0,0.305762,-0.0041707,0
13.8,0.6,0,0.306298,-0.00411705,0
13.8,0.7,0,0.306837,-0.00408868,0
13.8,0.8,0,0.30745,-0.00404394,0
13.8,0.9,0,0.308071,-0.00398311,0
13.8,1,0,0.308713,-0.00395213,0
13.8,1.1,0,0.30937,-0.00383425,0
13.8,1.2,0,0.310022,-0.00374613,0
13.8,1.3,0,0.310699,-0.00364485,0
13.8,1.4,0,0.311356,-0.003531,0
13.8,1.5,0,0.312032,-0.00345042,0
13.8,1.6,0,0.312685,-0.00327597,0
13.8,1.7,0,0.313337,-0.00313629,0
13.8,1.8,0,0.314004,-0.0029798,0
13.8,1.9,0,0.314643,-0.00281338,0
13.8,2,0,0.31531,-0.00268266,0
13.8,2.1,0,0.315922,-0.00244571,0
13.8,2.2,0,0.316537,-0.00225048,0
13.8,2.3,0,0.317156,-0.00202923,0
13.8,2.4,0,0.317713,-0.00180035,0
13.8,2.5,0,0.318311,-0.00160779,0
13.8,2.6,0,0.318724,-0.00128414,0
13.8,2.7,0,0.319126,-0.00100956,0
13.8,2.8,0,0.319426,-0.000682191,0
13.8,2.9,0,0.319432,-0.000335181,0
13.8,3,0,0.319474,-1.94229e-05,0
13.8,3.1,0,0.31871,0.000498686,0
13.8,3.2,0,0.317809,0.000962175,0
13.8,3.3,0,0.316267,0.00154782,0
13.8,3.4,0,0.31353,0.00218623,0
13.8,3.5,0,0.310699,0.00280915,0
13.8,3.6,0,0.30521,0.00374836,0
13.8,3.7,0,0.299269,0.00461121,0
13.8,3.8,0,0.29129,0.00568313,0
13.8,3.9,0,0.280672,0.00673318,0
13.8,4,0,0.269599,0.00776824,0
13.8,4.1,0,0.254058,0.00898335,0
13.8,4.2,0,0.238097,0.00999022,0
13.8,4.3,0,0.219473,0.0110126,0
13.8,4.4,0,0.199424,0.0115536,0
13.8,4.5,0,0.178892,0.0119484,0
13.8,4.6,0,0.157446,0.0119993,0
13.8,4.7,0,0.13659,0.0116851,0
13.8,4.8,0,0.116801,0.011095,0
13.8,4.9,0,0.101327,0.0101305,0
13.8,5,0,0.0867242,0.00894835,0
13.8,5.1,0,0.0670445,0.00670271,0
13.8,5.2,0,0.056073,0.00481783,0
13.8,5.3,0,0.0484379,0.00275678,0
13.8,5.4,0,0.044341,0.000573665,0
13.8,5.5,0,0.0438779,-0.00167101,0
13.8,5.6,0,0.0470383,-0.00391741,0
13.8,5.7,0,0.053709,-0.00610532,0
13.8,5.8,0,0.0636786,-0.00817489,0
13.8,5.9,0,0.0766444,-0.0100756,0
13.8,6,0,0.101802,-0.0126936,0
13.8,6.1,0,0.116765,-0.0136299,0
13.8,6.2,0,0.132842,-0.0143529,0
13.8,6.3,0,0.148919,-0.0150759,0
13.8,6.4,0,0.170469,-0.0153311,0
13.8,6.5,0,0.190452,-0.0150833,0
13.8,6.6,0,0.210436,-0.0148354,0
13.8,6.7,0,0.230222,-0.0140879,0
13.8,6.8,0,0.245647,-0.0130407,0
13.8,6.9,0,0.260965,-0.011985,0
13.8,7,0,0.27541,-0.0107692,0
13.8,7.1,0,0.285429,-0.00967187,0
13.8,7.2,0,0.294207,-0.0085039,0
13.8,7.3,0,0.302985,-0.00733594,0
13.8,7.4,0,0.308239,-0.00623545,0
13.8,7.5,0,0.31208,-0.00525955,0
13.8,7.6,0,0.31592,-0.00428366,0
13.8,7.7,0,0.318545,-0.0033918,0
13.8,7.8,0,0.319795,-0.00268943,0
13.8,7.9,0,0.320991,-0.00196739,0
13.8,8,0,0.321914,-0.00121082,0
13.8,8.1,0,0.322049,-0.000709105,0
13.8,8.2,0,0.322106,-0.000163136,0
13.8,8.3,0,0.322164,0.000382833,0
13.8,8.4,0,0.321831,0.000830758,0
13.8,8.5,0,0.321482,0.00124803,0
13.8,8.6,0,0.321134,0.00166529,0
13.8,8.7,0,0.320663,0.00206831,0
13.8,8.8,0,0.320203,0.00237383,0
13.8,8.9,0,0.319735,0.0027038,0
13.8,9,0,0.319229,0.00305437,0
13.8,9.1,0,0.318721,0.00329208,0
13.8,9.2,0,0.318227,0.00355733,0
13.8,9.3,0,0.317733,0.00382257,0
13.8,9.4,0,0.317194,0.00404804,0
13.8,9.5,0,0.316698,0.00426156,0
13.8,9.6,0,0.316202,0.00447507,0
13.8,9.7,0,0.315664,0.00469083,0
13.8,9.8,0,0.315177,0.00484082,0
13.8,9.9,0,0.314684,0.00501186,0
13.8,10,0,0.314174,0.00519123,0
13.8,10.1,0,0.31367,0.00531447,0
13.8,10.2,0,0.31318,0.00545023,0
13.8,10.3,0,0.31269,0.00558599,0
13.8,10.4,0,0.312176,0.00569836,0
13.8,10.5,0,0.31169,0.00580458,0
13.8,10.6,0,0.311203,0.0059108,0
13.8,10.7,0,0.31069,0.0060217,0
13.8,10.8,0,0.310213,0.00608686,0
13.8,10.9,0,0.30973,0.00616811,0
13.8,11,0,0.309242,0.00625208,0
13.8,11.1,0,0.30875,0.00630686,0
13.8,11.2,0,0.308273,0.00636666,0
13.8,11.3,0,0.307796,0.00642647,0
13.8,11.4,0,0.307305,0.00647238,0
13.8,11.5,0,0.306841,0.00651295,0
13.8,11.6,0,0.306377,0.00655351,0
13.8,11.7,0,0.305898,0.00660003,0
13.8,11.8,0,0.305466,0.00660931,0
13.8,11.9,0,0.30504,0.00662972,0
13.8,12,0,0.304613,0.00665071,0
13.8,12.1,0,0.304225,0.00665103,0
13.8,12.2,0,0.303898,0.0066475,0
13.8,12.3,0,0.303571,0.00664398,0
13.8,12.4,0,0.303279,0.00662867,0
13.8,12.5,0,0.303151,0.00662038,0
13.8,12.6,0,0.303023,0.00661208,0
13.8,12.7,0,0.302932,0.00661862,0
13.9,0,0,0.304489,-0.00368057,0
13.9,0.1,0,0.304614,-0.00368515,0
13.9,0.2,0,0.304747,-0.00369723,0
13.9,0.3,0,0.304996,-0.00370842,0
13.9,0.4,0,0.30537,-0.00371538,0
13.9,0.5,0,0.305747,-0.00372708,0
13.9,0.6,0,0.306279,-0.00369357,0
13.9,0.7,0,0.306818,-0.0036652,0
13.9,0.8,0,0.307394,-0.00362004,0
13.9,0.9,0,0.308015,-0.00355921,0
13.9,1,0,0.308635,-0.00350344,0
13.9,1.1,0,0.309284,-0.00340999,0
13.9,1.2,0,0.309936,-0.00332187,0
13.9,1.3,0,0.310584,-0.00322095,0
13.9,1.4,0,0.311241,-0.0031071,0
13.9,1.5,0,0.311896,-0.00299857,0
13.9,1.6,0,0.312544,-0.00285411,0
13.9,1.7,0,0.313195,-0.00271443,0
13.9,1.8,0,0.313834,-0.00256262,0
13.9,1.9,0,0.314473,-0.0023962,0
13.9,2,0,0.315111,-0.00223488,0
13.9,2.1,0,0.31572,-0.00203677,0
13.9,2.2,0,0.316335,-0.00184154,0
13.9,2.3,0,0.316914,-0.0016331,0
13.9,2.4,0,0.317471,-0.00140422,0
13.9,2.5,0,0.318027,-0.00117895,0
13.9,2.6,0,0.318423,-0.000906396,0
13.9,2.7,0,0.318824,-0.000631816,0
13.9,2.8,0,0.319023,-0.000329468,0
13.9,2.9,0,0.31903,1.75421e-05,0
13.9,3,0,0.319015,0.000365941,0
13.9,3.1,0,0.318133,0.00081607,0
13.9,3.2,0,0.317232,0.00127956,0
13.9,3.3,0,0.315416,0.0018137,0
13.9,3.4,0,0.31268,0.00245212,0
13.9,3.5,0,0.309855,0.00309917,0
13.9,3.6,0,0.304009,0.00393036,0
13.9,3.7,0,0.298068,0.0047932,0
13.9,3.8,0,0.289798,0.0057199,0
13.9,3.9,0,0.27918,0.00676994,0
13.9,4,0,0.268427,0.00782362,0
13.9,4.1,0,0.252608,0.00879085,0
13.9,4.2,0,0.236647,0.00979773,0
13.9,4.3,0,0.218649,0.0105286,0
13.9,4.4,0,0.1986,0.0110697,0
13.9,4.5,0,0.178629,0.0115936,0
13.9,4.6,0,0.157722,0.0112466,0
13.9,4.7,0,0.136866,0.0109324,0
13.9,4.8,0,0.118574,0.0102205,0
13.9,4.9,0,0.1031,0.00925604,0
13.9,5,0,0.0881367,0.00832936,0
13.9,5.1,0,0.0688433,0.00604784,0
13.9,5.2,0,0.0580977,0.00414622,0
13.9,5.3,0,0.0506328,0.00207761,0
13.9,5.4,0,0.0466467,-0.000103676,0
13.9,5.5,0,0.0462331,-0.00233741,0
13.9,5.6,0,0.0493812,-0.00456432,0
13.9,5.7,0,0.055978,-0.00672535,0
13.9,5.8,0,0.0658126,-0.00876268,0
13.9,5.9,0,0.0785837,-0.0106272,0
13.9,6,0,0.10333,-0.0131755,0
13.9,6.1,0,0.118814,-0.0139372,0
13.9,6.2,0,0.134891,-0.0146602,0
13.9,6.3,0,0.150968,-0.0153832,0
13.9,6.4,0,0.16999,-0.0154958,0
13.9,6.5,0,0.189974,-0.0152479,0
13.9,6.6,0,0.209957,-0.015,0
13.9,6.7,0,0.228573,-0.0144824,0
13.9,6.8,0,0.24389,-0.0134267,0
13.9,6.9,0,0.259208,-0.0123709,0
13.9,7,0,0.27432,-0.0112843,0
13.9,7.1,0,0.283553,-0.0101444,0
13.9,7.2,0,0.292331,-0.00897639,0
13.9,7.3,0,0.301109,-0.00780842,0
13.9,7.4,0,0.306829,-0.00674597,0
13.9,7.5,0,0.310669,-0.00577007,0
13.9,7.6,0,0.31451,-0.00479418,0
13.9,7.7,0,0.317643,-0.00388063,0
13.9,7.8,0,0.31884,-0.00315859,0
13.9,7.9,0,0.320036,-0.00243656,0
13.9,8,0,0.321228,-0.00171257,0
13.9,8.1,0,0.321395,-0.00114635,0
13.9,8.2,0,0.321452,-0.000600381,0
13.9,8.3,0,0.32151,-5.44126e-05,0
13.9,8.4,0,0.321353,0.000424132,0
13.9,8.5,0,0.321005,0.0008414,0
13.9,8.6,0,0.320656,0.00125867,0
13.9,8.7,0,0.320299,0.00166233,0
13.9,8.8,0,0.319832,0.00199229,0
13.9,8.9,0,0.319364,0.00232226,0
13.9,9,0,0.318897,0.00265222,0
13.9,9.1,0,0.318422,0.00293106,0
13.9,9.2,0,0.317928,0.0031963,0
13.9,9.3,0,0.317434,0.00346155,0
13.9,9.4,0,0.316952,0.00370442,0
13.9,9.5,0,0.316456,0.00391793,0
13.9,9.6,0,0.31596,0.00413145,0
13.9,9.7,0,0.315475,0.00434188,0
13.9,9.8,0,0.314982,0.00451293,0
13.9,9.9,0,0.314488,0.00468398,0
13.9,10,0,0.313995,0.00485503,0
13.9,10.1,0,0.313513,0.0050009,0
13.9,10.2,0,0.313023,0.00513665,0
13.9,10.3,0,0.312533,0.00527241,0
13.9,10.4,0,0.312053,0.00539769,0
13.9,10.5,0,0.311566,0.00550391,0
13.9,10.6,0,0.31108,0.00561013,0
13.9,10.7,0,0.3106,0.00571686,0
13.9,10.8,0,0.310118,0.00579762,0
13.9,10.9,0,0.309635,0.00587887,0
13.9,11,0,0.309153,0.00596011,0
13.9,11.1,0,0.30868,0.0060275,0
13.9,11.2,0,0.308203,0.0060873,0
13.9,11.3,0,0.307726,0.00614711,0
13.9,11.4,0,0.307259,0.00620114,0
13.9,11.5,0,0.306795,0.0062417,0
13.9,11.6,0,0.30633,0.00628226,0
13.9,11.7,0,0.305872,0.00632581,0
13.9,11.8,0,0.305445,0.00634397,0
13.9,11.9,0,0.305019,0.00636438,0
13.9,12,0,0.304592,0.00638479,0
13.9,12.1,0,0.304237,0.00638985,0
13.9,12.2,0,0.30391,0.00638632,0
13.9,12.3,0,0.303583,0.0063828,0
13.9,12.4,0,0.303325,0.00637635,0
13.9,12.5,0,0.303197,0.00636805,0
13.9,12.6,0,0.303069,0.00635975,0
13.9,12.7,0,0.302954,0.00635741,0
14,0,0,0.304512,-0.00329077,0
14,0.1,0,0.304602,-0.0032653,0
14,0.2,0,0.304736,-0.00327739,0
14,0.3,0,0.304967,-0.00329529,0
14,0.4,0,0.30534,-0.00330225,0
14,0.5,0,0.30573,-0.00333294,0
14,0.6,0,0.306231,-0.00327886,0
14,0.7,0,0.306771,-0.00325049,0
14,0.8,0,0.307326,-0.00320308,0
14,0.9,0,0.307948,-0.00314224,0
14,1,0,0.308558,-0.00310676,0
14,1.1,0,0.309194,-0.00299199,0
14,1.2,0,0.309846,-0.00290387,0
14,1.3,0,0.31047,-0.00280324,0
14,1.4,0,0.311127,-0.00268939,0
14,1.5,0,0.31177,-0.0026021,0
14,1.6,0,0.312404,-0.00243857,0
14,1.7,0,0.313055,-0.00229888,0
14,1.8,0,0.313667,-0.00215207,0
14,1.9,0,0.314306,-0.00198564,0
14,2,0,0.31494,-0.00184475,0
14,2.1,0,0.315526,-0.00163515,0
14,2.2,0,0.316141,-0.00143992,0
14,2.3,0,0.316692,-0.00124595,0
14,2.4,0,0.317249,-0.00101707,0
14,2.5,0,0.317801,-0.000806223,0
14,2.6,0,0.318176,-0.000541789,0
14,2.7,0,0.318577,-0.000267209,0
14,2.8,0,0.318757,1.3485e-06,0
14,2.9,0,0.318763,0.000348359,0
14,3,0,0.318666,0.000702313,0
14,3.1,0,0.317859,0.001099,0
14,3.2,0,0.316958,0.00156249,0
14,3.3,0,0.315151,0.0020294,0
14,3.4,0,0.312414,0.00266782,0
14,3.5,0,0.309235,0.00334938,0
14,3.6,0,0.303774,0.00405395,0
14,3.7,0,0.297833,0.00491679,0
14,3.8,0,0.289605,0.0057245,0
14,3.9,0,0.278986,0.00677454,0
14,4,0,0.267695,0.00784276,0
14,4.1,0,0.252445,0.00865142,0
14,4.2,0,0.236484,0.0096583,0
14,4.3,0,0.218515,0.010217,0
14,4.4,0,0.198466,0.0107581,0
14,4.5,0,0.178812,0.0112136,0
14,4.6,0,0.157697,0.0107354,0
14,4.7,0,0.136841,0.0104211,0
14,4.8,0,0.118045,0.00941919,0
14,4.9,0,0.10257,0.00845473,0
14,5,0,0.0896486,0.00767915,0
14,5.1,0,0.0706274,0.00536637,0
14,5.2,0,0.0600256,0.00345673,0
14,5.3,0,0.0526511,0.00139232,0
14,5.4,0,0.0487002,-0.000773008,0
14,5.5,0,0.048267,-0.0029796,0
14,5.6,0,0.0513428,-0.00516918,0
14,5.7,0,0.0578178,-0.00728425,0
14,5.8,0,0.0674856,-0.009269,0
14,5.9,0,0.0800496,-0.0110764,0
14,6,0,0.104406,-0.01353,0
14,6.1,0,0.11752,-0.0144468,0
14,6.2,0,0.133597,-0.0151698,0
14,6.3,0,0.15036,-0.0157714,0
14,6.4,0,0.170321,-0.0160876,0
14,6.5,0,0.190305,-0.0158398,0
14,6.6,0,0.210288,-0.0155919,0
14,6.7,0,0.22843,-0.0148117,0
14,6.8,0,0.244349,-0.0139092,0
14,6.9,0,0.259667,-0.0128534,0
14,7,0,0.27325,-0.0115371,0
14,7.1,0,0.283702,-0.0105931,0
14,7.2,0,0.29248,-0.00942508,0
14,7.3,0,0.300861,-0.00820463,0
14,7.4,0,0.306596,-0.00715574,0
14,7.5,0,0.310436,-0.00617984,0
14,7.6,0,0.314276,-0.00520395,0
14,7.7,0,0.316913,-0.00421627,0
14,7.8,0,0.318422,-0.00356391,0
14,7.9,0,0.319619,-0.00284187,0
14,8,0,0.32055,-0.00201314,0
14,8.1,0,0.320942,-0.00153328,0
14,8.2,0,0.321,-0.000987315,0
14,8.3,0,0.321043,-0.000422604,0
14,8.4,0,0.320937,5.06417e-05,0
14,8.5,0,0.320589,0.00046791,0
14,8.6,0,0.32024,0.000885178,0
14,8.7,0,0.319901,0.00135614,0
14,8.8,0,0.319476,0.00163422,0
14,8.9,0,0.319008,0.00196419,0
14,9,0,0.318566,0.00235873,0
14,9.1,0,0.318126,0.00258852,0
14,9.2,0,0.317632,0.00285377,0
14,9.3,0,0.317141,0.00312479,0
14,9.4,0,0.316707,0.00338032,0
14,9.5,0,0.316213,0.00358936,0
14,9.6,0,0.315717,0.00380287,0
14,9.7,0,0.31526,0.00406338,0
14,9.8,0,0.314785,0.00419753,0
14,9.9,0,0.314291,0.00436857,0
14,10,0,0.313814,0.00457667,0
14,10.1,0,0.313356,0.00469772,0
14,10.2,0,0.312866,0.00483348,0
14,10.3,0,0.312375,0.00496924,0
14,10.4,0,0.311925,0.00511198,0
14,10.5,0,0.311442,0.00521198,0
14,10.6,0,0.310955,0.0053182,0
14,10.7,0,0.310489,0.00546068,0
14,10.8,0,0.310022,0.00551583,0
14,10.9,0,0.309539,0.00559707,0
14,11,0,0.309064,0.00569926,0
14,11.1,0,0.308608,0.00575459,0
14,11.2,0,0.308131,0.0058144,0
14,11.3,0,0.307654,0.0058742,0
14,11.4,0,0.307203,0.00594227,0
14,11.5,0,0.306742,0.00597647,0
14,11.6,0,0.306278,0.00601704,0
14,11.7,0,0.305831,0.00608429,0
14,11.8,0,0.305406,0.00608567,0
14,11.9,0,0.30498,0.00610608,0
14,12,0,0.304565,0.00613763,0
14,12.1,0,0.304202,0.00613714,0
14,12.2,0,0.303875,0.00613362,0
14,12.3,0,0.303548,0.00613009,0
14,12.4,0,0.303306,0.00612848,0
14,12.5,0,0.30316,0.00611035,0
14,12.6,0,0.303032,0.00610205,0
14,12.7,0,0.30297,0.00612354,0
14.1,0,0,0.304535,-0.00290097,0
14.1,0.1,0,0.304591,-0.00284546,0
14.1,0.2,0,0.30474,-0.00287743,0
14.1,0.3,0,0.304965,-0.00289735,0
14.1,0.4,0,0.305311,-0.00288912,0
14.1,0.5,0,0.305713,-0.0029388,0
14.1,0.6,0,0.306184,-0.00286415,0
14.1,0.7,0,0.306723,-0.00284903,0
14.1,0.8,0,0.307273,-0.00280094,0
14.1,0.9,0,0.307881,-0.00272528,0
14.1,1,0,0.308482,-0.00271008,0
14.1,1.1,0,0.309104,-0.002574,0
14.1,1.2,0,0.309747,-0.00250054,0
14.1,1.3,0,0.310365,-0.00239999,0
14.1,1.4,0,0.311013,-0.00227167,0
14.1,1.5,0,0.311644,-0.00220563,0
14.1,1.6,0,0.312264,-0.00202302,0
14.1,1.7,0,0.31291,-0.00189816,0
14.1,1.8,0,0.313513,-0.00175284,0
14.1,1.9,0,0.31414,-0.00157508,0
14.1,2,0,0.31477,-0.00145462,0
14.1,2.1,0,0.315331,-0.00123352,0
14.1,2.2,0,0.315946,-0.00105123,0
14.1,2.3,0,0.31649,-0.000861609,0
14.1,2.4,0,0.317027,-0.000629915,0
14.1,2.5,0,0.317575,-0.0004335,0
14.1,2.6,0,0.317929,-0.000177182,0
14.1,2.7,0,0.318312,9.26976e-05,0
14.1,2.8,0,0.318486,0.000351118,0
14.1,2.9,0,0.318497,0.000679175,0
14.1,3,0,0.318316,0.00103868,0
14.1,3.1,0,0.317585,0.00138193,0
14.1,3.2,0,0.316548,0.00185986,0
14.1,3.3,0,0.314743,0.00230661,0
14.1,3.4,0,0.312149,0.00288352,0
14.1,3.5,0,0.308615,0.00359959,0
14.1,3.6,0,0.303539,0.00417754,0
14.1,3.7,0,0.297238,0.00506625,0
14.1,3.8,0,0.289023,0.00583826,0
14.1,3.9,0,0.278792,0.00677913,0
14.1,4,0,0.266963,0.0078619,0
14.1,4.1,0,0.252282,0.00851198,0
14.1,4.2,0,0.236134,0.00949597,0
14.1,4.3,0,0.218174,0.010003,0
14.1,4.4,0,0.198333,0.0104464,0
14.1,4.5,0,0.178995,0.0108336,0
14.1,4.6,0,0.157672,0.0102241,0
14.1,4.7,0,0.137491,0.00988018,0
14.1,4.8,0,0.118543,0.0087912,0
14.1,4.9,0,0.102041,0.00765342,0
14.1,5,0,0.0911605,0.00702895,0
14.1,5.1,0,0.0724115,0.0046849,0
14.1,5.2,0,0.0619535,0.00276725,0
14.1,5.3,0,0.0546694,0.000707031,0
14.1,5.4,0,0.0507536,-0.00144234,0
14.1,5.5,0,0.0503008,-0.00362179,0
14.1,5.6,0,0.0533043,-0.00577405,0
14.1,5.7,0,0.0596577,-0.00784315,0
14.1,5.8,0,0.0691586,-0.00977532,0
14.1,5.9,0,0.0815155,-0.0115256,0
14.1,6,0,0.105482,-0.0138846,0
14.1,6.1,0,0.116226,-0.0149563,0
14.1,6.2,0,0.132303,-0.0156793,0
14.1,6.3,0,0.150624,-0.0160053,0
14.1,6.4,0,0.170602,-0.0164124,0
14.1,6.5,0,0.190636,-0.0164317,0
14.1,6.6,0,0.210017,-0.015941,0
14.1,6.7,0,0.227807,-0.0150186,0
14.1,6.8,0,0.244808,-0.0143917,0
14.1,6.9,0,0.260126,-0.0133359,0
14.1,7,0,0.27218,-0.01179,0
14.1,7.1,0,0.283788,-0.0110315,0
14.1,7.2,0,0.29263,-0.00987378,0
14.1,7.3,0,0.299786,-0.00849165,0
14.1,7.4,0,0.305637,-0.0074597,0
14.1,7.5,0,0.310202,-0.00658961,0
14.1,7.6,0,0.313709,-0.005558,0
14.1,7.7,0,0.316031,-0.00451784,0
14.1,7.8,0,0.318005,-0.00396922,0
14.1,7.9,0,0.319201,-0.00324718,0
14.1,8,0,0.319871,-0.00231372,0
14.1,8.1,0,0.320452,-0.00190572,0
14.1,8.2,0,0.320547,-0.00137425,0
14.1,8.3,0,0.320521,-0.000719839,0
14.1,8.4,0,0.320418,-0.000248301,0
14.1,8.5,0,0.320173,9.44198e-05,0
14.1,8.6,0,0.319827,0.000544153,0
14.1,8.7,0,0.319491,0.00106397,0
14.1,8.8,0,0.319119,0.00127615,0
14.1,8.9,0,0.318652,0.00160612,0
14.1,9,0,0.318237,0.00207218,0
14.1,9.1,0,0.31782,0.00226186,0
14.1,9.2,0,0.317336,0.00251123,0
14.1,9.3,0,0.316874,0.00284416,0
14.1,9.4,0,0.31644,0.00309969,0
14.1,9.5,0,0.31597,0.00326079,0
14.1,9.6,0,0.315481,0.00348962,0
14.1,9.7,0,0.315043,0.00378884,0
14.1,9.8,0,0.314588,0.00388212,0
14.1,9.9,0,0.314094,0.00405317,0
14.1,10,0,0.313638,0.00430832,0
14.1,10.1,0,0.313191,0.00440845,0
14.1,10.2,0,0.312708,0.00453031,0
14.1,10.3,0,0.312234,0.00470616,0
14.1,10.4,0,0.311784,0.00484983,0
14.1,10.5,0,0.311318,0.00492006,0
14.1,10.6,0,0.310833,0.00503228,0
14.1,10.7,0,0.310378,0.0052045,0
14.1,10.8,0,0.309926,0.00523403,0
14.1,10.9,0,0.309443,0.00531528,0
14.1,11,0,0.308978,0.00544866,0
14.1,11.1,0,0.308529,0.00549317,0
14.1,11.2,0,0.308059,0.00554149,0
14.1,11.3,0,0.30759,0.00562479,0
14.1,11.4,0,0.307141,0.00569661,0
14.1,11.5,0,0.306689,0.00571125,0
14.1,11.6,0,0.306226,0.00575305,0
14.1,11.7,0,0.305791,0.00584277,0
14.1,11.8,0,0.305367,0.00582737,0
14.1,11.9,0,0.304941,0.00584779,0
14.1,12,0,0.304548,0.00589936,0
14.1,12.1,0,0.304178,0.00589354,0
14.1,12.2,0,0.30384,0.00588092,0
14.1,12.3,0,0.303543,0.00589033,0
14.1,12.4,0,0.303311,0.00589311,0
14.1,12.5,0,0.303122,0.00585265,0
14.1,12.6,0,0.302994,0.00584435,0
14.1,12.7,0,0.302985,0.00588966,0
14.2,0,0,0.304558,-0.00251116,0
14.2,0.1,0,0.304584,-0.00243013,0
14.2,0.2,0,0.304751,-0.002486,0
14.2,0.3,0,0.304976,-0.00250592,0
14.2,0.4,0,0.305283,-0.00247883,0
14.2,0.5,0,0.305696,-0.00254465,0
14.2,0.6,0,0.306141,-0.00245253,0
14.2,0.7,0,0.306675,-0.00245325,0
14.2,0.8,0,0.307225,-0.00240516,0
14.2,0.9,0,0.307812,-0.00231136,0
14.2,1,0,0.308405,-0.0023134,0
14.2,1.1,0,0.309016,-0.0021592,0
14.2,1.2,0,0.309645,-0.0021035,0
14.2,1.3,0,0.310262,-0.00200295,0
14.2,1.4,0,0.310898,-0.00185715,0
14.2,1.5,0,0.311519,-0.00180916,0
14.2,1.6,0,0.312127,-0.00161034,0
14.2,1.7,0,0.312762,-0.0015038,0
14.2,1.8,0,0.313365,-0.00135847,0
14.2,1.9,0,0.313972,-0.00116759,0
14.2,2,0,0.314599,-0.00106449,0
14.2,2.1,0,0.31514,-0.000833616,0
14.2,2.2,0,0.315751,-0.000668093,0
14.2,2.3,0,0.316295,-0.000478471,0
14.2,2.4,0,0.316805,-0.000244926,0
14.2,2.5,0,0.31735,-6.07763e-05,0
14.2,2.6,0,0.317685,0.000188643,0
14.2,2.7,0,0.31804,0.000450589,0
14.2,2.8,0,0.318214,0.000709009,0
14.2,2.9,0,0.318219,0.00101083,0
14.2,3,0,0.317967,0.00137506,0
14.2,3.1,0,0.317299,0.00167287,0
14.2,3.2,0,0.31608,0.00216343,0
14.2,3.3,0,0.314275,0.00261018,0
14.2,3.4,0,0.311831,0.0031044,0
14.2,3.5,0,0.307995,0.0038498,0
14.2,3.6,0,0.303246,0.00432012,0
14.2,3.7,0,0.29649,0.0052268,0
14.2,3.8,0,0.288274,0.00599881,0
14.2,3.9,0,0.278518,0.00678591,0
14.2,4,0,0.266231,0.00788104,0
14.2,4.1,0,0.252034,0.00839633,0
14.2,4.2,0,0.235703,0.00932383,0
14.2,4.3,0,0.217744,0.00983091,0
14.2,4.4,0,0.198247,0.0101246,0
14.2,4.5,0,0.179178,0.0104536,0
14.2,4.6,0,0.157678,0.00973259,0
14.2,4.7,0,0.138431,0.00932647,0
14.2,4.8,0,0.119483,0.0082375,0
14.2,4.9,0,0.101817,0.00687477,0
14.2,5,0,0.0926725,0.00637874,0
14.2,5.1,0,0.0741956,0.00400343,0
14.2,5.2,0,0.0638814,0.00207776,0
14.2,5.3,0,0.0566877,2.17405e-05,0
14.2,5.4,0,0.0528071,-0.00211167,0
14.2,5.5,0,0.0523347,-0.00426398,0
14.2,5.6,0,0.0552659,-0.00637891,0
14.2,5.7,0,0.0614976,-0.00840205,0
14.2,5.8,0,0.0708317,-0.0102816,0
14.2,5.9,0,0.0829814,-0.0119749,0
14.2,6,0,0.106558,-0.0142391,0
14.2,6.1,0,0.117152,-0.0153207,0
14.2,6.2,0,0.131206,-0.0161539,0
14.2,6.3,0,0.150889,-0.0162393,0
14.2,6.4,0,0.170867,-0.0166463,0
14.2,6.5,0,0.190967,-0.0170236,0
14.2,6.6,0,0.209394,-0.0161479,0
14.2,6.7,0,0.227183,-0.0152255,0
14.2,6.8,0,0.245005,-0.0148073,0
14.2,6.9,0,0.25933,-0.0136299,0
14.2,7,0,0.27111,-0.0120428,0
14.2,7.1,0,0.282718,-0.0112843,0
14.2,7.2,0,0.292765,-0.0103207,0
14.2,7.3,0,0.29871,-0.00877867,0
14.2,7.4,0,0.304561,-0.00774672,0
14.2,7.5,0,0.309969,-0.00699939,0
14.2,7.6,0,0.312826,-0.00585957,0
14.2,7.7,0,0.315148,-0.00481941,0
14.2,7.8,0,0.317421,-0.00433737,0
14.2,7.9,0,0.3186,-0.00357864,0
14.2,8,0,0.319193,-0.0026143,0
14.2,8.1,0,0.319773,-0.0022063,0
14.2,8.2,0,0.320094,-0.00176118,0
14.2,8.3,0,0.32,-0.00101707,0
14.2,8.4,0,0.319897,-0.000545536,0
14.2,8.5,0,0.319757,-0.00027907,0
14.2,8.6,0,0.319417,0.000251979,0
14.2,8.7,0,0.319081,0.000771791,0
14.2,8.8,0,0.318738,0.000949311,0
14.2,8.9,0,0.318312,0.00129021,0
14.2,9,0,0.317908,0.00178563,0
14.2,9.1,0,0.317492,0.00197531,0
14.2,9.2,0,0.31704,0.00216869,0
14.2,9.3,0,0.316607,0.00256353,0
14.2,9.4,0,0.316173,0.00281906,0
14.2,9.5,0,0.315728,0.00293221,0
14.2,9.6,0,0.315264,0.00321508,0
14.2,9.7,0,0.314826,0.0035143,0
14.2,9.8,0,0.314379,0.00359081,0
14.2,9.9,0,0.313908,0.00376006,0
14.2,10,0,0.313463,0.00403997,0
14.2,10.1,0,0.313015,0.00414011,0
14.2,10.2,0,0.31255,0.00422713,0
14.2,10.3,0,0.312093,0.004444,0
14.2,10.4,0,0.311643,0.00458767,0
14.2,10.5,0,0.311193,0.00462813,0
14.2,10.6,0,0.310722,0.0047761,0
14.2,10.7,0,0.310267,0.00494833,0
14.2,10.8,0,0.309819,0.0049703,0
14.2,10.9,0,0.309351,0.00504465,0
14.2,11,0,0.308893,0.00519805,0
14.2,11.1,0,0.308444,0.00524256,0
14.2,11.2,0,0.307986,0.00526858,0
14.2,11.3,0,0.307528,0.00537914,0
14.2,11.4,0,0.307079,0.00545096,0
14.2,11.5,0,0.306636,0.00544624,0
14.2,11.6,0,0.306186,0.00551153,0
14.2,11.7,0,0.305751,0.00560126,0
14.2,11.8,0,0.305327,0.00558285,0
14.2,11.9,0,0.304907,0.00559435,0
14.2,12,0,0.30453,0.00566108,0
14.2,12.1,0,0.304161,0.00565527,0
14.2,12.2,0,0.303806,0.00562821,0
14.2,12.3,0,0.303547,0.00565496,0
14.2,12.4,0,0.303315,0.00565774,0
14.2,12.5,0,0.30309,0.00559778,0
14.2,12.6,0,0.303006,0.00560896,0
14.2,12.7,0,0.303,0.00565579,0
14.3,0,0,0.304581,-0.00212136,0
14.3,0.1,0,0.304607,-0.00204032,0
14.3,0.2,0,0.304761,-0.00209457,0
14.3,0.3,0,0.304987,-0.00211449,0
14.3,0.4,0,0.305266,-0.00208469,0
14.3,0.5,0,0.305679,-0.00215051,0
14.3,0.6,0,0.306124,-0.00205839,0
14.3,0.7,0,0.306627,-0.00205747,0
14.3,0.8,0,0.307177,-0.00200938,0
14.3,0.9,0,0.307736,-0.00191468,0
14.3,1,0,0.308329,-0.00191672,0
14.3,1.1,0,0.30894,-0.00176252,0
14.3,1.2,0,0.309543,-0.00170646,0
14.3,1.3,0,0.31016,-0.00160591,0
14.3,1.4,0,0.310772,-0.00146068,0
14.3,1.5,0,0.311393,-0.00141269,0
14.3,1.6,0,0.312001,-0.00121387,0
14.3,1.7,0,0.312614,-0.00110943,0
14.3,1.8,0,0.313217,-0.000964106,0
14.3,1.9,0,0.313802,-0.000777463,0
14.3,2,0,0.314429,-0.000674365,0
14.3,2.1,0,0.31497,-0.000443488,0
14.3,2.2,0,0.315556,-0.000284956,0
14.3,2.3,0,0.3161,-9.53334e-05,0
14.3,2.4,0,0.316579,0.000127797,0
14.3,2.5,0,0.317124,0.000311947,0
14.3,2.6,0,0.317459,0.000561367,0
14.3,2.7,0,0.317767,0.000808481,0
14.3,2.8,0,0.317941,0.0010669,0
14.3,2.9,0,0.317869,0.0013472,0
14.3,3,0,0.317617,0.00171143,0
14.3,3.1,0,0.31695,0.00200924,0
14.3,3.2,0,0.315612,0.002467,0
14.3,3.3,0,0.313807,0.00291375,0
14.3,3.4,0,0.311211,0.00335461,0
14.3,3.5,0,0.307375,0.00410002,0
14.3,3.6,0,0.302626,0.00457033,0
14.3,3.7,0,0.295742,0.00538735,0
14.3,3.8,0,0.287526,0.00615936,0
14.3,3.9,0,0.277786,0.00680505,0
14.3,4,0,0.2655,0.00790018,0
14.3,4.1,0,0.251302,0.00841547,0
14.3,4.2,0,0.235273,0.0091517,0
14.3,4.3,0,0.217314,0.00965878,0
14.3,4.4,0,0.198429,0.00974457,0
14.3,4.5,0,0.179361,0.0100736,0
14.3,4.6,0,0.157861,0.00935258,0
14.3,4.7,0,0.139371,0.00877277,0
14.3,4.8,0,0.120423,0.00768379,0
14.3,4.9,0,0.103329,0.00622457,0
14.3,5,0,0.0941844,0.00572853,0
14.3,5.1,0,0.0759797,0.00332196,0
14.3,5.2,0,0.0658093,0.00138827,0
14.3,5.3,0,0.058706,-0.00066355,0
14.3,5.4,0,0.0548607,-0.002781,0
14.3,5.5,0,0.0543686,-0.00490617,0
14.3,5.6,0,0.0572274,-0.00698377,0
14.3,5.7,0,0.0633374,-0.00896095,0
14.3,5.8,0,0.0725047,-0.010788,0
14.3,5.9,0,0.0844472,-0.0124241,0
14.3,6,0,0.107634,-0.0145936,0
14.3,6.1,0,0.118228,-0.0156752,0
14.3,6.2,0,0.131471,-0.0163878,0
14.3,6.3,0,0.151153,-0.0164732,0
14.3,6.4,0,0.171131,-0.0168803,0
14.3,6.5,0,0.190966,-0.0173384,0
14.3,6.6,0,0.208771,-0.0163548,0
14.3,6.7,0,0.22656,-0.0154324,0
14.3,6.8,0,0.244381,-0.0150142,0
14.3,6.9,0,0.258259,-0.0138827,0
14.3,7,0,0.27004,-0.0122956,0
14.3,7.1,0,0.281647,-0.0115372,0
14.3,7.2,0,0.29169,-0.0106077,0
14.3,7.3,0,0.297635,-0.00906569,0
14.3,7.4,0,0.303486,-0.00803374,0
14.3,7.5,0,0.309143,-0.00732002,0
14.3,7.6,0,0.311944,-0.00616114,0
14.3,7.7,0,0.314266,-0.00512098,0
14.3,7.8,0,0.316538,-0.00463894,0
14.3,7.9,0,0.317922,-0.00387921,0
14.3,8,0,0.318515,-0.00291488,0
14.3,8.1,0,0.319095,-0.00250687,0
14.3,8.2,0,0.31958,-0.00206779,0
14.3,8.3,0,0.319479,-0.00131431,0
14.3,8.4,0,0.319376,-0.000842771,0
14.3,8.5,0,0.319272,-0.000594935,0
14.3,8.6,0,0.319008,-4.0196e-05,0
14.3,8.7,0,0.318671,0.000479617,0
14.3,8.8,0,0.318328,0.000657137,0
14.3,8.9,0,0.317983,0.00100366,0
14.3,9,0,0.317579,0.00149908,0
14.3,9.1,0,0.317163,0.00168876,0
14.3,9.2,0,0.316766,0.00187443,0
14.3,9.3,0,0.31634,0.0022829,0
14.3,9.4,0,0.315906,0.00253843,0
14.3,9.5,0,0.315466,0.00264103,0
14.3,9.6,0,0.315047,0.00294054,0
14.3,9.7,0,0.314609,0.00323976,0
14.3,9.8,0,0.314162,0.00331627,0
14.3,9.9,0,0.313732,0.00349171,0
14.3,10,0,0.313287,0.00377162,0
14.3,10.1,0,0.312839,0.00387176,0
14.3,10.2,0,0.312402,0.00395419,0
14.3,10.3,0,0.311952,0.00418185,0
14.3,10.4,0,0.311502,0.00432551,0
14.3,10.5,0,0.311054,0.00436287,0
14.3,10.6,0,0.310611,0.00451993,0
14.3,10.7,0,0.310156,0.00469215,0
14.3,10.8,0,0.309708,0.00471413,0
14.3,10.9,0,0.309265,0.00479405,0
14.3,11,0,0.308808,0.00494744,0
14.3,11.1,0,0.308358,0.00499195,0
14.3,11.2,0,0.307917,0.00501512,0
14.3,11.3,0,0.307466,0.00513349,0
14.3,11.4,0,0.307016,0.00520531,0
14.3,11.5,0,0.306574,0.00520059,0
14.3,11.6,0,0.306145,0.00527002,0
14.3,11.7,0,0.305711,0.00535974,0
14.3,11.8,0,0.305287,0.00534133,0
14.3,11.9,0,0.304889,0.00535607,0
14.3,12,0,0.304513,0.00542281,0
14.3,12.1,0,0.304143,0.005417,0
14.3,12.2,0,0.303793,0.00538759,0
14.3,12.3,0,0.303552,0.00541959,0
14.3,12.4,0,0.30332,0.00542238,0
14.3,12.5,0,0.303095,0.00536241,0
14.3,12.6,0,0.303022,0.00537509,0
14.3,12.7,0,0.303015,0.00542191,0
14.4,0,0,0.304603,-0.00173155,0
14.4,0.1,0,0.304643,-0.00166756,0
14.4,0.2,0,0.304772,-0.00170314,0
14.4,0.3,0,0.304998,-0.00172306,0
14.4,0.4,0,0.305273,-0.00170357,0
14.4,0.5,0,0.305662,-0.00175637,0
14.4,0.6,0,0.306107,-0.0016756,0
14.4,0.7,0,0.306579,-0.00166169,0
14.4,0.8,0,0.307129,-0.0016136,0
14.4,0.9,0,0.307671,-0.00153071,0
14.4,1,0,0.308252,-0.00152004,0
14.4,1.1,0,0.308856,-0.00137841,0
14.4,1.2,0,0.309441,-0.00130942,0
14.4,1.3,0,0.310058,-0.00120887,0
14.4,1.4,0,0.310654,-0.00107661,0
14.4,1.5,0,0.311268,-0.00101622,0
14.4,1.6,0,0.31187,-0.000830105,0
14.4,1.7,0,0.312465,-0.00071506,0
14.4,1.8,0,0.313069,-0.000569738,0
14.4,1.9,0,0.313642,-0.000397048,0
14.4,2,0,0.314258,-0.000284237,0
14.4,2.1,0,0.314799,-6.44534e-05,0
14.4,2.2,0,0.315362,9.81821e-05,0
14.4,2.3,0,0.315905,0.000287804,0
14.4,2.4,0,0.31637,0.000498112,0
14.4,2.5,0,0.316898,0.000684671,0
14.4,2.6,0,0.317218,0.000930061,0
14.4,2.7,0,0.317494,0.00116637,0
14.4,2.8,0,0.317668,0.00142479,0
14.4,2.9,0,0.317516,0.00169981,0
14.4,3,0,0.317267,0.0020478,0
14.4,3.1,0,0.316484,0.002358,0
14.4,3.2,0,0.315144,0.00277057,0
14.4,3.3,0,0.313339,0.00321731,0
14.4,3.4,0,0.310469,0.00365754,0
14.4,3.5,0,0.306755,0.00435023,0
14.4,3.6,0,0.301698,0.00484272,0
14.4,3.7,0,0.294993,0.0055479,0
14.4,3.8,0,0.286778,0.00631991,0
14.4,3.9,0,0.276721,0.00691776,0
14.4,4,0,0.264768,0.00791932,0
14.4,4.1,0,0.25041,0.00841499,0
14.4,4.2,0,0.234843,0.00897956,0
14.4,4.3,0,0.216883,0.00948664,0
14.4,4.4,0,0.198434,0.00944824,0
14.4,4.5,0,0.179544,0.00969355,0
14.4,4.6,0,0.158623,0.00894708,0
14.4,4.7,0,0.140311,0.00821906,0
14.4,4.8,0,0.121363,0.00713009,0
14.4,4.9,0,0.105723,0.00572292,0
14.4,5,0,0.0956963,0.00507833,0
14.4,5.1,0,0.0777638,0.00264049,0
14.4,5.2,0,0.0677372,0.000698787,0
14.4,5.3,0,0.0607243,-0.00134884,0
14.4,5.4,0,0.0569142,-0.00345034,0
14.4,5.5,0,0.0564024,-0.00554836,0
14.4,5.6,0,0.0591889,-0.00758864,0
14.4,5.7,0,0.0651773,-0.00951985,0
14.4,5.8,0,0.0741778,-0.0112943,0
14.4,5.9,0,0.0859131,-0.0128733,0
14.4,6,0,0.10871,-0.0149482,0
14.4,6.1,0,0.119304,-0.0160297,0
14.4,6.2,0,0.133212,-0.0165251,0
14.4,6.3,0,0.151417,-0.0167071,0
14.4,6.4,0,0.171396,-0.0171142,0
14.4,6.5,0,0.190276,-0.0171874,0
14.4,6.6,0,0.208147,-0.0165617,0
14.4,6.7,0,0.225937,-0.0156393,0
14.4,6.8,0,0.242982,-0.0151046,0
14.4,6.9,0,0.257189,-0.0141355,0
14.4,7,0,0.268969,-0.0125484,0
14.4,7.1,0,0.280577,-0.01179,0
14.4,7.2,0,0.289714,-0.01075,0
14.4,7.3,0,0.29656,-0.00935271,0
14.4,7.4,0,0.302411,-0.00832076,0
14.4,7.5,0,0.307419,-0.00749884,0
14.4,7.6,0,0.311061,-0.00646271,0
14.4,7.7,0,0.313383,-0.00542255,0
14.4,7.8,0,0.315554,-0.00489948,0
14.4,7.9,0,0.317222,-0.00417515,0
14.4,8,0,0.317836,-0.00321546,0
14.4,8.1,0,0.318417,-0.00280745,0
14.4,8.2,0,0.318866,-0.00229124,0
14.4,8.3,0,0.318958,-0.00161154,0
14.4,8.4,0,0.318855,-0.00114001,0
14.4,8.5,0,0.318757,-0.000810855,0
14.4,8.6,0,0.318598,-0.000332371,0
14.4,8.7,0,0.318262,0.000187442,0
14.4,8.8,0,0.317926,0.00038471,0
14.4,8.9,0,0.317646,0.000727685,0
14.4,9,0,0.31725,0.00121253,0
14.4,9.1,0,0.316834,0.00140221,0
14.4,9.2,0,0.316468,0.00164812,0
14.4,9.3,0,0.316073,0.00200227,0
14.4,9.4,0,0.315639,0.0022578,0
14.4,9.5,0,0.315224,0.00241282,0
14.4,9.6,0,0.31483,0.002666,0
14.4,9.7,0,0.314391,0.00296522,0
14.4,9.8,0,0.313948,0.00304928,0
14.4,9.9,0,0.31355,0.00323465,0
14.4,10,0,0.313111,0.00350327,0
14.4,10.1,0,0.312663,0.00360341,0
14.4,10.2,0,0.312243,0.00372686,0
14.4,10.3,0,0.311811,0.00391969,0
14.4,10.4,0,0.311361,0.00406335,0
14.4,10.5,0,0.310924,0.00413125,0
14.4,10.6,0,0.3105,0.00426375,0
14.4,10.7,0,0.310045,0.00443597,0
14.4,10.8,0,0.309597,0.00445935,0
14.4,10.9,0,0.309174,0.00455348,0
14.4,11,0,0.308722,0.00469683,0
14.4,11.1,0,0.308273,0.00474135,0
14.4,11.2,0,0.307842,0.00479177,0
14.4,11.3,0,0.307403,0.00488784,0
14.4,11.4,0,0.306954,0.00495966,0
14.4,11.5,0,0.306521,0.00497246,0
14.4,11.6,0,0.306105,0.0050285,0
14.4,11.7,0,0.305671,0.00511822,0
14.4,11.8,0,0.305247,0.00509982,0
14.4,11.9,0,0.304871,0.00512632,0
14.4,12,0,0.304495,0.00518454,0
14.4,12.1,0,0.304125,0.00517872,0
14.4,12.2,0,0.303815,0.00516665,0
14.4,12.3,0,0.303557,0.00518422,0
14.4,12.4,0,0.303325,0.00518701,0
14.4,12.5,0,0.303132,0.00514189,0
14.4,12.6,0,0.303037,0.00514121,0
14.4,12.7,0,0.303031,0.00518804,0
14.5,0,0,0.304626,-0.00134175,0
14.5,0.1,0,0.304689,-0.00130617,0
14.5,0.2,0,0.304785,-0.00131321,0
14.5,0.3,0,0.305009,-0.00133257,0
14.5,0.4,0,0.305297,-0.00133112,0
14.5,0.5,0,0.305645,-0.00136222,0
14.5,0.6,0,0.306089,-0.00130038,0
14.5,0.7,0,0.306533,-0.00126693,0
14.5,0.8,0,0.30708,-0.00121883,0
14.5,0.9,0,0.307614,-0.00115521,0
14.5,1,0,0.308176,-0.00112336,0
14.5,1.1,0,0.308767,-0.00100268,0
14.5,1.2,0,0.30934,-0.00091344,0
14.5,1.3,0,0.309956,-0.000812888,0
14.5,1.4,0,0.31054,-0.000700813,0
14.5,1.5,0,0.311142,-0.000619747,0
14.5,1.6,0,0.311736,-0.000454813,0
14.5,1.7,0,0.312318,-0.000321646,0
14.5,1.8,0,0.312921,-0.000176392,0
14.5,1.9,0,0.31349,-2.31085e-05,0
14.5,2,0,0.314088,0.000105892,0
14.5,2.1,0,0.314628,0.000307185,0
14.5,2.2,0,0.315168,0.000480745,0
14.5,2.3,0,0.31571,0.000670221,0
14.5,2.4,0,0.316171,0.000866819,0
14.5,2.5,0,0.316673,0.00105739,0
14.5,2.6,0,0.316967,0.00129607,0
14.5,2.7,0,0.317223,0.00152467,0
14.5,2.8,0,0.317392,0.00178296,0
14.5,2.9,0,0.31716,0.00206326,0
14.5,3,0,0.316918,0.00238417,0
14.5,3.1,0,0.31594,0.00271501,0
14.5,3.2,0,0.314672,0.00307681,0
14.5,3.3,0,0.312853,0.00352261,0
14.5,3.4,0,0.309646,0.00399562,0
14.5,3.5,0,0.306135,0.00460044,0
14.5,3.6,0,0.300565,0.00512989,0
14.5,3.7,0,0.294226,0.00571478,0
14.5,3.8,0,0.286003,0.00648118,0
14.5,3.9,0,0.275435,0.00709286,0
14.5,4,0,0.264036,0.00793846,0
14.5,4.1,0,0.249411,0.00840143,0
14.5,4.2,0,0.234384,0.00881535,0
14.5,4.3,0,0.216469,0.00931108,0
14.5,4.4,0,0.198321,0.00920771,0
14.5,4.5,0,0.179727,0.00931354,0
14.5,4.6,0,0.15977,0.00852459,0
14.5,4.7,0,0.141261,0.00767192,0
14.5,4.8,0,0.122405,0.00658394,0
14.5,4.9,0,0.108704,0.00532032,0
14.5,5,0,0.0972082,0.00442812,0
14.5,5.1,0,0.0795479,0.00195902,0
14.5,5.2,0,0.0696651,9.30018e-06,0
14.5,5.3,0,0.0627426,-0.00203413,0
14.5,5.4,0,0.0589677,-0.00411967,0
14.5,5.5,0,0.0584363,-0.00619055,0
14.5,5.6,0,0.0611505,-0.0081935,0
14.5,5.7,0,0.0670172,-0.0100787,0
14.5,5.8,0,0.0758508,-0.0118006,0
14.5,5.9,0,0.087379,-0.0133226,0
14.5,6,0,0.109787,-0.0153027,0
14.5,6.1,0,0.121648,-0.0161601,0
14.5,6.2,0,0.135847,-0.0166041,0
14.5,6.3,0,0.151682,-0.0169411,0
14.5,6.4,0,0.171656,-0.0173467,0
14.5,6.5,0,0.189586,-0.0170363,0
14.5,6.6,0,0.207516,-0.0167259,0
14.5,6.7,0,0.225314,-0.0158462,0
14.5,6.8,0,0.24083,-0.0150818,0
14.5,6.9,0,0.255113,-0.0141323,0
14.5,7,0,0.267899,-0.0128012,0
14.5,7.1,0,0.278653,-0.01193,0
14.5,7.2,0,0.287419,-0.0108411,0
14.5,7.3,0,0.295485,-0.00963973,0
14.5,7.4,0,0.301335,-0.00860778,0
14.5,7.5,0,0.305694,-0.00767766,0
14.5,7.6,0,0.309981,-0.00673543,0
14.5,7.7,0,0.312501,-0.00572412,0
14.5,7.8,0,0.31441,-0.00509631,0
14.5,7.9,0,0.316079,-0.00437198,0
14.5,8,0,0.317158,-0.00351604,0
14.5,8.1,0,0.317698,-0.00305582,0
14.5,8.2,0,0.318119,-0.00250212,0
14.5,8.3,0,0.318436,-0.00190878,0
14.5,8.4,0,0.318333,-0.00143724,0
14.5,8.5,0,0.318242,-0.00102677,0
14.5,8.6,0,0.318151,-0.000597799,0
14.5,8.7,0,0.317852,-0.000104733,0
14.5,8.8,0,0.317544,0.000164055,0
14.5,8.9,0,0.317263,0.00050703,0
14.5,9,0,0.316921,0.000925981,0
14.5,9.1,0,0.316519,0.00114453,0
14.5,9.2,0,0.316168,0.00142348,0
14.5,9.3,0,0.315806,0.00172163,0
14.5,9.4,0,0.315372,0.00197717,0
14.5,9.5,0,0.314983,0.00218622,0
14.5,9.6,0,0.314601,0.00241382,0
14.5,9.7,0,0.314174,0.00269068,0
14.5,9.8,0,0.313752,0.00282179,0
14.5,9.9,0,0.313354,0.00300716,0
14.5,10,0,0.312935,0.00323492,0
14.5,10.1,0,0.312493,0.00334944,0
14.5,10.2,0,0.312084,0.00349953,0
14.5,10.3,0,0.31167,0.00365753,0
14.5,10.4,0,0.31122,0.0038012,0
14.5,10.5,0,0.310797,0.00390484,0
14.5,10.6,0,0.310379,0.0040249,0
14.5,10.7,0,0.309934,0.0041798,0
14.5,10.8,0,0.309497,0.00423436,0
14.5,10.9,0,0.309074,0.00432849,0
14.5,11,0,0.308637,0.00444623,0
14.5,11.1,0,0.30819,0.00449715,0
14.5,11.2,0,0.307766,0.00456842,0
14.5,11.3,0,0.307341,0.00464219,0
14.5,11.4,0,0.306892,0.00471401,0
14.5,11.5,0,0.306472,0.00475052,0
14.5,11.6,0,0.306058,0.00480064,0
14.5,11.7,0,0.305631,0.0048767,0
14.5,11.8,0,0.305227,0.0048769,0
14.5,11.9,0,0.304853,0.00490482,0
14.5,12,0,0.304478,0.00494627,0
14.5,12.1,0,0.304113,0.00494252,0
14.5,12.2,0,0.303837,0.00494571,0
14.5,12.3,0,0.303562,0.00494891,0
14.5,12.4,0,0.303329,0.00495164,0
14.5,12.5,0,0.30319,0.00493035,0
14.5,12.6,0,0.303086,0.0049255,0
14.5,12.7,0,0.303046,0.00495416,0
14.6,0,0,0.304649,-0.000951945,0
14.6,0.1,0,0.304734,-0.000944776,0
14.6,0.2,0,0.30483,-0.000951812,0
14.6,0.3,0,0.305033,-0.00096013,0
14.6,0.4,0,0.30532,-0.000958679,0
14.6,0.5,0,0.305628,-0.000968079,0
14.6,0.6,0,0.306072,-0.000925166,0
14.6,0.7,0,0.306515,-0.000891717,0
14.6,0.8,0,0.307023,-0.000843326,0
14.6,0.9,0,0.307556,-0.000779709,0
14.6,1,0,0.308099,-0.000726681,0
14.6,1.1,0,0.308678,-0.000626959,0
14.6,1.2,0,0.309251,-0.000537715,0
14.6,1.3,0,0.309842,-0.000437091,0
14.6,1.4,0,0.310426,-0.000325016,0
14.6,1.5,0,0.311016,-0.000223277,0
14.6,1.6,0,0.311602,-7.95211e-05,0
14.6,1.7,0,0.312184,5.36463e-05,0
14.6,1.8,0,0.312769,0.000197548,0
14.6,1.9,0,0.313338,0.000350831,0
14.6,2,0,0.313917,0.00049602,0
14.6,2.1,0,0.314457,0.000678824,0
14.6,2.2,0,0.314997,0.000852384,0
14.6,2.3,0,0.315512,0.00103893,0
14.6,2.4,0,0.315972,0.00123553,0
14.6,2.5,0,0.316447,0.00143012,0
14.6,2.6,0,0.316716,0.00166208,0
14.6,2.7,0,0.316971,0.00189068,0
14.6,2.8,0,0.317036,0.00214641,0
14.6,2.9,0,0.316804,0.00242671,0
14.6,3,0,0.316568,0.00272054,0
14.6,3.1,0,0.315397,0.00307202,0
14.6,3.2,0,0.314128,0.00343382,0
14.6,3.3,0,0.31203,0.00386069,0
14.6,3.4,0,0.308823,0.0043337,0
14.6,3.5,0,0.305515,0.00485065,0
14.6,3.6,0,0.299432,0.00541706,0
14.6,3.7,0,0.293093,0.00600196,0
14.6,3.8,0,0.284716,0.00665628,0
14.6,3.9,0,0.274149,0.00726795,0
14.6,4,0,0.263304,0.0079576,0
14.6,4.1,0,0.248412,0.00838787,0
14.6,4.2,0,0.233385,0.00880179,0
14.6,4.3,0,0.216355,0.00907055,0
14.6,4.4,0,0.198207,0.00896717,0
14.6,4.5,0,0.17991,0.00893354,0
14.6,4.6,0,0.160918,0.0081021,0
14.6,4.7,0,0.142409,0.00724943,0
14.6,4.8,0,0.125387,0.00618134,0
14.6,4.9,0,0.111686,0.00491772,0
14.6,5,0,0.0987201,0.00377792,0
14.6,5.1,0,0.081332,0.00127755,0
14.6,5.2,0,0.071593,-0.000680186,0
14.6,5.3,0,0.0647609,-0.00271942,0
14.6,5.4,0,0.0610211,-0.004789,0
14.6,5.5,0,0.0604702,-0.00683274,0
14.6,5.6,0,0.063112,-0.00879836,0
14.6,5.7,0,0.068857,-0.0106376,0
14.6,5.8,0,0.0775238,-0.0123069,0
14.6,5.9,0,0.0888449,-0.0137718,0
14.6,6,0,0.110863,-0.0156573,0
14.6,6.1,0,0.124282,-0.016239,0
14.6,6.2,0,0.138481,-0.016683,0
14.6,6.3,0,0.15268,-0.017127,0
14.6,6.4,0,0.170967,-0.0171956,0
14.6,6.5,0,0.188896,-0.0168852,0
14.6,6.6,0,0.206826,-0.0165748,0
14.6,6.7,0,0.224394,-0.0160086,0
14.6,6.8,0,0.238677,-0.015059,0
14.6,6.9,0,0.252961,-0.0141095,0
14.6,7,0,0.266829,-0.0130541,0
14.6,7.1,0,0.276358,-0.0120211,0
14.6,7.2,0,0.285124,-0.0109323,0
14.6,7.3,0,0.293891,-0.00984343,0
14.6,7.4,0,0.299684,-0.00879872,0
14.6,7.5,0,0.30397,-0.00785648,0
14.6,7.6,0,0.308257,-0.00691425,0
14.6,7.7,0,0.311598,-0.00601748,0
14.6,7.8,0,0.313267,-0.00529315,0
14.6,7.9,0,0.314936,-0.00456882,0
14.6,8,0,0.31648,-0.00381661,0
14.6,8.1,0,0.316952,-0.0032667,0
14.6,8.2,0,0.317372,-0.002713,0
14.6,8.3,0,0.317793,-0.00215929,0
14.6,8.4,0,0.317817,-0.00167167,0
14.6,8.5,0,0.317726,-0.00124269,0
14.6,8.6,0,0.317636,-0.000813719,0
14.6,8.7,0,0.317442,-0.000396908,0
14.6,8.8,0,0.317161,-5.66007e-05,0
14.6,8.9,0,0.316881,0.000286375,0
14.6,9,0,0.316592,0.000639431,0
14.6,9.1,0,0.316219,0.000919891,0
14.6,9.2,0,0.315868,0.00119883,0
14.6,9.3,0,0.315517,0.00147777,0
14.6,9.4,0,0.315122,0.00173202,0
14.6,9.5,0,0.314741,0.00195962,0
14.6,9.6,0,0.31436,0.00218723,0
14.6,9.7,0,0.313957,0.00241614,0
14.6,9.8,0,0.313556,0.00259431,0
14.6,9.9,0,0.313158,0.00277968,0
14.6,10,0,0.312759,0.00296657,0
14.6,10.1,0,0.312334,0.00312211,0
14.6,10.2,0,0.311925,0.00327219,0
14.6,10.3,0,0.311515,0.00342227,0
14.6,10.4,0,0.311087,0.00355838,0
14.6,10.5,0,0.310669,0.00367844,0
14.6,10.6,0,0.310251,0.00379849,0
14.6,10.7,0,0.309823,0.00392362,0
14.6,10.8,0,0.309397,0.00400937,0
14.6,10.9,0,0.308974,0.0041035,0
14.6,11,0,0.308551,0.00419763,0
14.6,11.1,0,0.308115,0.00427379,0
14.6,11.2,0,0.307691,0.00434507,0
14.6,11.3,0,0.307267,0.00441634,0
14.6,11.4,0,0.306835,0.00447845,0
14.6,11.5,0,0.306422,0.00452857,0
14.6,11.6,0,0.306009,0.0045787,0
14.6,11.7,0,0.30559,0.00463519,0
14.6,11.8,0,0.305208,0.00465541,0
14.6,11.9,0,0.304834,0.00468333,0
14.6,12,0,0.30446,0.00471125,0
14.6,12.1,0,0.304134,0.00472158,0
14.6,12.2,0,0.303859,0.00472478,0
14.6,12.3,0,0.303583,0.00472797,0
14.6,12.4,0,0.30335,0.00472365,0
14.6,12.5,0,0.303247,0.00471881,0
14.6,12.6,0,0.303144,0.00471396,0
14.6,12.7,0,0.303061,0.00472029,0
14.7,0,0,0.304666,-0.000597024,0
14.7,0.1,0,0.304748,-0.000581112,0
14.7,0.2,0,0.304845,-0.000588148,0
14.7,0.3,0,0.305026,-0.000592693,0
14.7,0.4,0,0.305313,-0.000591243,0
14.7,0.5,0,0.305608,-0.000608658,0
14.7,0.6,0,0.306035,-0.000555264,0
14.7,0.7,0,0.306478,-0.000521815,0
14.7,0.8,0,0.306957,-0.000472241,0
14.7,0.9,0,0.30749,-0.000408624,0
14.7,1,0,0.308021,-0.000363935,0
14.7,1.1,0,0.308586,-0.000255084,0
14.7,1.2,0,0.309159,-0.00016584,0
14.7,1.3,0,0.309728,-6.48085e-05,0
14.7,1.4,0,0.310312,4.72665e-05,0
14.7,1.5,0,0.310891,0.000142145,0
14.7,1.6,0,0.311469,0.000292481,0
14.7,1.7,0,0.312051,0.000425649,0
14.7,1.8,0,0.312619,0.000568288,0
14.7,1.9,0,0.313189,0.000721571,0
14.7,2,0,0.313751,0.000862356,0
14.7,2.1,0,0.314293,0.00104712,0
14.7,2.2,0,0.314833,0.00122068,0
14.7,2.3,0,0.315331,0.00140355,0
14.7,2.4,0,0.315792,0.00160014,0
14.7,2.5,0,0.31623,0.00179405,0
14.7,2.6,0,0.316512,0.00202185,0
14.7,2.7,0,0.316767,0.00225045,0
14.7,2.8,0,0.316789,0.00249941,0
14.7,2.9,0,0.316557,0.00277971,0
14.7,3,0,0.316242,0.00307446,0
14.7,3.1,0,0.315078,0.00341318,0
14.7,3.2,0,0.313809,0.00377498,0
14.7,3.3,0,0.311608,0.00417874,0
14.7,3.4,0,0.308401,0.00465175,0
14.7,3.5,0,0.304983,0.00515722,0
14.7,3.6,0,0.298909,0.00568818,0
14.7,3.7,0,0.29257,0.00627307,0
14.7,3.8,0,0.284184,0.00683879,0
14.7,3.9,0,0.273617,0.00745046,0
14.7,4,0,0.262801,0.00809077,0
14.7,4.1,0,0.248097,0.00843068,0
14.7,4.2,0,0.23307,0.0088446,0
14.7,4.3,0,0.216564,0.00894051,0
14.7,4.4,0,0.198416,0.00883713,0
14.7,4.5,0,0.180375,0.00875579,0
14.7,4.6,0,0.161859,0.00781083,0
14.7,4.7,0,0.14335,0.00695815,0
14.7,4.8,0,0.127024,0.00578008,0
14.7,4.9,0,0.113323,0.00451647,0
14.7,5,0,0.100389,0.00340592,0
14.7,5.1,0,0.0832215,0.000884826,0
14.7,5.2,0,0.0735864,-0.0010774,0
14.7,5.3,0,0.0668043,-0.00311173,0
14.7,5.4,0,0.0630603,-0.00516737,0
14.7,5.5,0,0.0624525,-0.00718881,0
14.7,5.6,0,0.0649882,-0.00912466,0
14.7,5.7,0,0.0705825,-0.010928,0
14.7,5.8,0,0.0790595,-0.0125565,0
14.7,5.9,0,0.0901578,-0.0139775,0
14.7,6,0,0.111777,-0.0157896,0
14.7,6.1,0,0.124929,-0.0164388,0
14.7,6.2,0,0.139128,-0.0168827,0
14.7,6.3,0,0.153327,-0.0173267,0
14.7,6.4,0,0.170652,-0.0172499,0
14.7,6.5,0,0.188581,-0.0169395,0
14.7,6.6,0,0.206511,-0.0166291,0
14.7,6.7,0,0.223442,-0.0160567,0
14.7,6.8,0,0.237726,-0.0151072,0
14.7,6.9,0,0.25201,-0.0141577,0
14.7,7,0,0.26581,-0.0131061,0
14.7,7.1,0,0.275247,-0.0121016,0
14.7,7.2,0,0.284013,-0.0110127,0
14.7,7.3,0,0.29278,-0.00992386,0
14.7,7.4,0,0.298712,-0.00892488,0
14.7,7.5,0,0.302999,-0.00798264,0
14.7,7.6,0,0.307285,-0.00704041,0
14.7,7.7,0,0.310834,-0.00617278,0
14.7,7.8,0,0.312502,-0.00544845,0
14.7,7.9,0,0.314171,-0.00472412,0
14.7,8,0,0.315777,-0.00397976,0
14.7,8.1,0,0.316366,-0.00344535,0
14.7,8.2,0,0.316786,-0.00289165,0
14.7,8.3,0,0.317207,-0.00233795,0
14.7,8.4,0,0.317362,-0.0018659,0
14.7,8.5,0,0.317271,-0.00143692,0
14.7,8.6,0,0.317181,-0.00100795,0
14.7,8.7,0,0.317079,-0.000602157,0
14.7,8.8,0,0.3168,-0.000261774,0
14.7,8.9,0,0.31652,8.12019e-05,0
14.7,9,0,0.316245,0.000430763,0
14.7,9.1,0,0.315928,0.000707444,0
14.7,9.2,0,0.315577,0.000986385,0
14.7,9.3,0,0.315226,0.00126533,0
14.7,9.4,0,0.314885,0.00151542,0
14.7,9.5,0,0.314504,0.00174302,0
14.7,9.6,0,0.314123,0.00197062,0
14.7,9.7,0,0.313758,0.00219464,0
14.7,9.8,0,0.313363,0.00237509,0
14.7,9.9,0,0.312965,0.00256046,0
14.7,10,0,0.312567,0.0027467,0
14.7,10.1,0,0.312177,0.00290177,0
14.7,10.2,0,0.311768,0.00305185,0
14.7,10.3,0,0.311358,0.00320193,0
14.7,10.4,0,0.31096,0.00333796,0
14.7,10.5,0,0.310543,0.00345801,0
14.7,10.6,0,0.310125,0.00357807,0
14.7,10.7,0,0.309717,0.00370035,0
14.7,10.8,0,0.309297,0.0037896,0
14.7,10.9,0,0.308874,0.00388373,0
14.7,11,0,0.308451,0.00397786,0
14.7,11.1,0,0.308039,0.00405511,0
14.7,11.2,0,0.307615,0.00412638,0
14.7,11.3,0,0.307191,0.00419765,0
14.7,11.4,0,0.306781,0.00426099,0
14.7,11.5,0,0.306368,0.00431111,0
14.7,11.6,0,0.305955,0.00436124,0
14.7,11.7,0,0.305552,0.00441591,0
14.7,11.8,0,0.305177,0.00443904,0
14.7,11.9,0,0.304802,0.00446696,0
14.7,12,0,0.304428,0.00449488,0
14.7,12.1,0,0.304127,0.00450621,0
14.7,12.2,0,0.303851,0.00450941,0
14.7,12.3,0,0.303576,0.0045126,0
14.7,12.4,0,0.303363,0.00451002,0
14.7,12.5,0,0.30326,0.00450517,0
14.7,12.6,0,0.303156,0.00450033,0
14.7,12.7,0,0.303075,0.00450515,0
14.8,0,0,0.304675,-0.000276986,0
14.8,0.1,0,0.304732,-0.000215178,0
14.8,0.2,0,0.304828,-0.000222214,0
14.8,0.3,0,0.304988,-0.000230264,0
14.8,0.4,0,0.305276,-0.000228814,0
14.8,0.5,0,0.305584,-0.00028396,0
14.8,0.6,0,0.305978,-0.000190677,0
14.8,0.7,0,0.306421,-0.000157228,0
14.8,0.8,0,0.306881,-0.000105573,0
14.8,0.9,0,0.307414,-4.19561e-05,0
14.8,1,0,0.307941,-3.51236e-05,0
14.8,1.1,0,0.308491,0.00011294,0
14.8,1.2,0,0.309063,0.000202185,0
14.8,1.3,0,0.309614,0.00030396,0
14.8,1.4,0,0.310198,0.000416035,0
14.8,1.5,0,0.310766,0.000476519,0
14.8,1.6,0,0.311338,0.000661195,0
14.8,1.7,0,0.311919,0.000794362,0
14.8,1.8,0,0.312473,0.000935829,0
14.8,1.9,0,0.313042,0.00108911,0
14.8,2,0,0.313588,0.0012049,0
14.8,2.1,0,0.314136,0.00141208,0
14.8,2.2,0,0.314676,0.00158564,0
14.8,2.3,0,0.31517,0.00176407,0
14.8,2.4,0,0.315631,0.00196067,0
14.8,2.5,0,0.316022,0.00214919,0
14.8,2.6,0,0.316355,0.0023754,0
14.8,2.7,0,0.316611,0.002604,0
14.8,2.8,0,0.316653,0.00284197,0
14.8,2.9,0,0.316421,0.00312227,0
14.8,3,0,0.31594,0.00344593,0
14.8,3.1,0,0.314983,0.0037385,0
14.8,3.2,0,0.313715,0.0041003,0
14.8,3.3,0,0.311586,0.00447676,0
14.8,3.4,0,0.308379,0.00494977,0
14.8,3.5,0,0.304538,0.00552015,0
14.8,3.6,0,0.298995,0.00594324,0
14.8,3.7,0,0.292656,0.00652813,0
14.8,3.8,0,0.284406,0.00702872,0
14.8,3.9,0,0.273839,0.00764039,0
14.8,4,0,0.262526,0.00833796,0
14.8,4.1,0,0.248466,0.00852987,0
14.8,4.2,0,0.233439,0.00894379,0
14.8,4.3,0,0.217096,0.00892096,0
14.8,4.4,0,0.198948,0.00881759,0
14.8,4.5,0,0.181122,0.00878031,0
14.8,4.6,0,0.162594,0.00765077,0
14.8,4.7,0,0.144085,0.00679809,0
14.8,4.8,0,0.127317,0.00538017,0
14.8,4.9,0,0.113616,0.00411656,0
14.8,5,0,0.102215,0.00331214,0
14.8,5.1,0,0.0852165,0.000780856,0
14.8,5.2,0,0.0756453,-0.00118235,0
14.8,5.3,0,0.0688729,-0.00321105,0
14.8,5.4,0,0.0650852,-0.00525477,0
14.8,5.5,0,0.0643833,-0.00725875,0
14.8,5.6,0,0.0667791,-0.0091724,0
14.8,5.7,0,0.0721937,-0.0109497,0
14.8,5.8,0,0.0804579,-0.0125495,0
14.8,5.9,0,0.0913176,-0.0139397,0
14.8,6,0,0.112529,-0.0156997,0
14.8,6.1,0,0.123589,-0.0167592,0
14.8,6.2,0,0.137788,-0.0172032,0
14.8,6.3,0,0.152925,-0.0173143,0
14.8,6.4,0,0.170712,-0.0175095,0
14.8,6.5,0,0.188641,-0.0171991,0
14.8,6.6,0,0.206571,-0.0168887,0
14.8,6.7,0,0.222934,-0.0159304,0
14.8,6.8,0,0.237976,-0.0152263,0
14.8,6.9,0,0.25226,-0.0142768,0
14.8,7,0,0.264801,-0.0129596,0
14.8,7.1,0,0.27532,-0.0121713,0
14.8,7.2,0,0.284086,-0.0110824,0
14.8,7.3,0,0.292247,-0.00990614,0
14.8,7.4,0,0.298408,-0.00898093,0
14.8,7.5,0,0.30278,-0.00805615,0
14.8,7.6,0,0.307066,-0.00711392,0
14.8,7.7,0,0.310063,-0.00616657,0
14.8,7.8,0,0.312117,-0.00556222,0
14.8,7.9,0,0.313786,-0.00483789,0
14.8,8,0,0.315156,-0.004019,0
14.8,8.1,0,0.31594,-0.00359179,0
14.8,8.2,0,0.316361,-0.00303809,0
14.8,8.3,0,0.316757,-0.00245619,0
14.8,8.4,0,0.316948,-0.00201851,0
14.8,8.5,0,0.316877,-0.00160946,0
14.8,8.6,0,0.316786,-0.00118048,0
14.8,8.7,0,0.316699,-0.000722375,0
14.8,8.8,0,0.316461,-0.000451465,0
14.8,8.9,0,0.316181,-0.000108489,0
14.8,9,0,0.315938,0.000284122,0
14.8,9.1,0,0.315646,0.000507195,0
14.8,9.2,0,0.315295,0.000786136,0
14.8,9.3,0,0.314955,0.00107694,0
14.8,9.4,0,0.314647,0.00132285,0
14.8,9.5,0,0.314272,0.00153641,0
14.8,9.6,0,0.313891,0.00176401,0
14.8,9.7,0,0.313552,0.00201587,0
14.8,9.8,0,0.313172,0.00216413,0
14.8,9.9,0,0.312774,0.0023495,0
14.8,10,0,0.312399,0.00255918,0
14.8,10.1,0,0.312022,0.00268842,0
14.8,10.2,0,0.311613,0.0028385,0
14.8,10.3,0,0.311208,0.00299319,0
14.8,10.4,0,0.31083,0.00313332,0
14.8,10.5,0,0.310418,0.00324358,0
14.8,10.6,0,0.310001,0.00336364,0
14.8,10.7,0,0.309607,0.00350397,0
14.8,10.8,0,0.309198,0.00357504,0
14.8,10.9,0,0.308776,0.00366917,0
14.8,11,0,0.308365,0.0037785,0
14.8,11.1,0,0.307962,0.00384108,0
14.8,11.2,0,0.307539,0.00391235,0
14.8,11.3,0,0.307117,0.00398534,0
14.8,11.4,0,0.306721,0.0040562,0
14.8,11.5,0,0.306311,0.00409813,0
14.8,11.6,0,0.305897,0.00414825,0
14.8,11.7,0,0.30551,0.00421714,0
14.8,11.8,0,0.305132,0.00422779,0
14.8,11.9,0,0.304758,0.00425571,0
14.8,12,0,0.304404,0.00429396,0
14.8,12.1,0,0.304089,0.00429641,0
14.8,12.2,0,0.303813,0.0042996,0
14.8,12.3,0,0.303538,0.0043028,0
14.8,12.4,0,0.303354,0.00430703,0
14.8,12.5,0,0.303228,0.00428945,0
14.8,12.6,0,0.303124,0.0042846,0
14.8,12.7,0,0.303086,0.00430875,0
14.9,0,0,0.304685,4.3051e-05,0
14.9,0.1,0,0.304715,0.000150755,0
14.9,0.2,0,0.304827,0.000101776,0
14.9,0.3,0,0.304986,9.35515e-05,0
14.9,0.4,0,0.305238,0.000133616,0
14.9,0.5,0,0.30556,4.07382e-05,0
14.9,0.6,0,0.305921,0.00017391,0
14.9,0.7,0,0.306368,0.00017145,0
14.9,0.8,0,0.306827,0.000223209,0
14.9,0.9,0,0.307338,0.000324712,0
14.9,1,0,0.307862,0.000293688,0
14.9,1.1,0,0.308395,0.000480965,0
14.9,1.2,0,0.30896,0.000535325,0
14.9,1.3,0,0.309509,0.000637137,0
14.9,1.4,0,0.310083,0.000784803,0
14.9,1.5,0,0.310641,0.000810894,0
14.9,1.6,0,0.311206,0.00102991,0
14.9,1.7,0,0.311776,0.00113396,0
14.9,1.8,0,0.312328,0.00127537,0
14.9,1.9,0,0.312896,0.00145665,0
14.9,2,0,0.313425,0.00154744,0
14.9,2.1,0,0.313979,0.00177703,0
14.9,2.2,0,0.314495,0.00193459,0
14.9,2.3,0,0.314988,0.0021128,0
14.9,2.4,0,0.315469,0.0023212,0
14.9,2.5,0,0.315814,0.00250434,0
14.9,2.6,0,0.316199,0.00272894,0
14.9,2.7,0,0.31637,0.00296703,0
14.9,2.8,0,0.316413,0.00320445,0
14.9,2.9,0,0.316285,0.00346483,0
14.9,3,0,0.315638,0.00381741,0
14.9,3.1,0,0.314889,0.00406382,0
14.9,3.2,0,0.313352,0.00447213,0
14.9,3.3,0,0.311227,0.00484722,0
14.9,3.4,0,0.308358,0.00524779,0
14.9,3.5,0,0.304094,0.00588308,0
14.9,3.6,0,0.299082,0.00619829,0
14.9,3.7,0,0.29224,0.00684883,0
14.9,3.8,0,0.283997,0.00734616,0
14.9,3.9,0,0.274061,0.00783032,0
14.9,4,0,0.262251,0.00858516,0
14.9,4.1,0,0.248835,0.00862906,0
14.9,4.2,0,0.233585,0.00907957,0
14.9,4.3,0,0.217251,0.0090508,0
14.9,4.4,0,0.19948,0.00879804,0
14.9,4.5,0,0.181869,0.00880484,0
14.9,4.6,0,0.163328,0.00749071,0
14.9,4.7,0,0.145446,0.00673613,0
14.9,4.8,0,0.128657,0.00530621,0
14.9,4.9,0,0.113909,0.00371665,0
14.9,5,0,0.10404,0.00321836,0
14.9,5.1,0,0.0872115,0.000676886,0
14.9,5.2,0,0.0777042,-0.0012873,0
14.9,5.3,0,0.0709415,-0.00331038,0
14.9,5.4,0,0.06711,-0.00534217,0
14.9,5.5,0,0.066314,-0.0073287,0
14.9,5.6,0,0.06857,-0.00922014,0
14.9,5.7,0,0.0738049,-0.0109714,0
14.9,5.8,0,0.0818563,-0.0125424,0
14.9,5.9,0,0.0924775,-0.013902,0
14.9,6,0,0.113281,-0.0156098,0
14.9,6.1,0,0.122639,-0.0170032,0
14.9,6.2,0,0.136447,-0.0175237,0
14.9,6.3,0,0.152944,-0.0171525,0
14.9,6.4,0,0.170731,-0.0173492,0
14.9,6.5,0,0.188701,-0.0174586,0
14.9,6.6,0,0.20597,-0.0167564,0
14.9,6.7,0,0.222244,-0.0157451,0
14.9,6.8,0,0.238226,-0.0153455,0
14.9,6.9,0,0.25242,-0.0143771,0
14.9,7,0,0.263793,-0.012813,0
14.9,7.1,0,0.275066,-0.0121756,0
14.9,7.2,0,0.284159,-0.0111521,0
14.9,7.3,0,0.291267,-0.00982372,0
14.9,7.4,0,0.297427,-0.0088985,0
14.9,7.5,0,0.302561,-0.00812966,0
14.9,7.6,0,0.3064,-0.00711864,0
14.9,7.7,0,0.30926,-0.00615015,0
14.9,7.8,0,0.311731,-0.00567599,0
14.9,7.9,0,0.3134,-0.00495166,0
14.9,8,0,0.314536,-0.00405823,0
14.9,8.1,0,0.315433,-0.00369342,0
14.9,8.2,0,0.315936,-0.00318452,0
14.9,8.3,0,0.316277,-0.0025412,0
14.9,8.4,0,0.316468,-0.00210352,0
14.9,8.5,0,0.316482,-0.00178199,0
14.9,8.6,0,0.316401,-0.00131905,0
14.9,8.7,0,0.31632,-0.000842594,0
14.9,8.8,0,0.316122,-0.000641155,0
14.9,8.9,0,0.315842,-0.00029818,0
14.9,9,0,0.315631,0.00013748,0
14.9,9.1,0,0.31535,0.00033555,0
14.9,9.2,0,0.315013,0.000585887,0
14.9,9.3,0,0.314704,0.000911251,0
14.9,9.4,0,0.314396,0.00115716,0
14.9,9.5,0,0.314039,0.0013298,0
14.9,9.6,0,0.313672,0.00157225,0
14.9,9.7,0,0.313346,0.00183709,0
14.9,9.8,0,0.312982,0.00195317,0
14.9,9.9,0,0.312584,0.00213854,0
14.9,10,0,0.31223,0.00237167,0
14.9,10.1,0,0.311858,0.00249184,0
14.9,10.2,0,0.311458,0.00262515,0
14.9,10.3,0,0.31107,0.00280009,0
14.9,10.4,0,0.310693,0.00294022,0
14.9,10.5,0,0.310293,0.00302915,0
14.9,10.6,0,0.309882,0.00315675,0
14.9,10.7,0,0.309498,0.00330759,0
14.9,10.8,0,0.3091,0.00336049,0
14.9,10.9,0,0.308677,0.00345462,0
14.9,11,0,0.308279,0.00358044,0
14.9,11.1,0,0.307879,0.00363927,0
14.9,11.2,0,0.307462,0.00369833,0
14.9,11.3,0,0.307053,0.00378663,0
14.9,11.4,0,0.306657,0.00385749,0
14.9,11.5,0,0.306253,0.00388514,0
14.9,11.6,0,0.305845,0.00393956,0
14.9,11.7,0,0.305468,0.00401836,0
14.9,11.8,0,0.305088,0.00401742,0
14.9,11.9,0,0.304714,0.00404446,0
14.9,12,0,0.304385,0.00409553,0
14.9,12.1,0,0.304068,0.00409662,0
14.9,12.2,0,0.303776,0.0040898,0
14.9,12.3,0,0.30354,0.00410548,0
14.9,12.4,0,0.303356,0.00410976,0
14.9,12.5,0,0.303196,0.00407372,0
14.9,12.6,0,0.3031,0.00407248,0
14.9,12.7,0,0.303097,0.00411234,0
15,0,0,0.304696,0.000363088,0
15,0.1,0,0.304709,0.00049833,0
15,0.2,0,0.304827,0.000423559,0
15,0.3,0,0.304987,0.000415335,0
15,0.4,0,0.305206,0.000480952,0
15,0.5,0,0.305536,0.000365436,0
15,0.6,0,0.305878,0.000522541,0
15,0.7,0,0.306316,0.000498237,0
15,0.8,0,0.306774,0.000549996,0
15,0.9,0,0.30726,0.000676237,0
15,1,0,0.307782,0.0006225,0
15,1.1,0,0.308306,0.000833304,0
15,1.2,0,0.308856,0.000866629,0
15,1.3,0,0.309406,0.000968441,0
15,1.4,0,0.309965,0.00113981,0
15,1.5,0,0.310516,0.00114527,0
15,1.6,0,0.311077,0.00138489,0
15,1.7,0,0.311631,0.00147203,0
15,1.8,0,0.312184,0.00161344,0
15,1.9,0,0.312743,0.00181419,0
15,2,0,0.313263,0.00188999,0
15,2.1,0,0.31382,0.00213303,0
15,2.2,0,0.314312,0.0022827,0
15,2.3,0,0.314806,0.00246091,0
15,2.4,0,0.315289,0.00267957,0
15,2.5,0,0.315606,0.00285948,0
15,2.6,0,0.316022,0.00308312,0
15,2.7,0,0.316124,0.00333056,0
15,2.8,0,0.316167,0.00356798,0
15,2.9,0,0.316082,0.00381895,0
15,3,0,0.315335,0.00418888,0
15,3.1,0,0.314711,0.0044076,0
15,3.2,0,0.312975,0.0048464,0
15,3.3,0,0.310851,0.0052215,0
15,3.4,0,0.308167,0.00557177,0
15,3.5,0,0.303649,0.00624601,0
15,3.6,0,0.298956,0.0064965,0
15,3.7,0,0.291797,0.00717298,0
15,3.8,0,0.283554,0.00767031,0
15,3.9,0,0.274084,0.00804316,0
15,4,0,0.261977,0.00883235,0
15,4.1,0,0.248947,0.00878745,0
15,4.2,0,0.23372,0.00921727,0
15,4.3,0,0.217385,0.0091885,0
15,4.4,0,0.200098,0.00879612,0
15,4.5,0,0.182616,0.00882936,0
15,4.6,0,0.164068,0.00740448,0
15,4.7,0,0.146841,0.00667933,0
15,4.8,0,0.130052,0.00524941,0
15,4.9,0,0.114815,0.00343919,0
15,5,0,0.105866,0.00312457,0
15,5.1,0,0.0892065,0.000572916,0
15,5.2,0,0.0797632,-0.00139224,0
15,5.3,0,0.07301,-0.0034097,0
15,5.4,0,0.0691349,-0.00542957,0
15,5.5,0,0.0682448,-0.00739864,0
15,5.6,0,0.0703609,-0.00926787,0
15,5.7,0,0.0754161,-0.0109931,0
15,5.8,0,0.0832547,-0.0125353,0
15,5.9,0,0.0936373,-0.0138642,0
15,6,0,0.114033,-0.0155199,0
15,6.1,0,0.123391,-0.0169133,0
15,6.2,0,0.135619,-0.0176624,0
15,6.3,0,0.152964,-0.0169907,0
15,6.4,0,0.17075,-0.0171874,0
15,6.5,0,0.188761,-0.0177182,0
15,6.6,0,0.20528,-0.016571,0
15,6.7,0,0.221553,-0.0155597,0
15,6.8,0,0.238013,-0.0153146,0
15,6.9,0,0.251412,-0.0142306,0
15,7,0,0.262785,-0.0126665,0
15,7.1,0,0.274058,-0.0120291,0
15,7.2,0,0.283957,-0.0111821,0
15,7.3,0,0.290287,-0.00974129,0
15,7.4,0,0.296447,-0.00881607,0
15,7.5,0,0.302342,-0.00820316,0
15,7.6,0,0.305597,-0.00710222,0
15,7.7,0,0.308458,-0.00613373,0
15,7.8,0,0.311092,-0.00571058,0
15,7.9,0,0.31279,-0.00499423,0
15,8,0,0.313915,-0.00409747,0
15,8.1,0,0.314813,-0.00373266,0
15,8.2,0,0.315502,-0.00332201,0
15,8.3,0,0.315797,-0.0026262,0
15,8.4,0,0.315988,-0.00218852,0
15,8.5,0,0.316087,-0.00195453,0
15,8.6,0,0.316022,-0.00143927,0
15,8.7,0,0.31594,-0.000962812,0
15,8.8,0,0.315754,-0.000780557,0
15,8.9,0,0.31553,-0.000451729,0
15,9,0,0.315325,-9.16106e-06,0
15,9.1,0,0.315044,0.000188909,0
15,9.2,0,0.314731,0.00038667,0
15,9.3,0,0.314453,0.000745563,0
15,9.4,0,0.314145,0.000991476,0
15,9.5,0,0.313806,0.00112441,0
15,9.6,0,0.313466,0.00139348,0
15,9.7,0,0.31314,0.00165831,0
15,9.8,0,0.312778,0.00176923,0
15,9.9,0,0.312409,0.00194455,0
15,10,0,0.312061,0.00218415,0
15,10.1,0,0.31169,0.00230432,0
15,10.2,0,0.311303,0.0024118,0
15,10.3,0,0.310933,0.00260699,0
15,10.4,0,0.310556,0.00274712,0
15,10.5,0,0.310167,0.00281782,0
15,10.6,0,0.309772,0.00296037,0
15,10.7,0,0.309388,0.00311121,0
15,10.8,0,0.308991,0.0031633,0
15,10.9,0,0.308586,0.00325009,0
15,11,0,0.308194,0.00338238,0
15,11.1,0,0.307793,0.00344121,0
15,11.2,0,0.307386,0.0034843,0
15,11.3,0,0.30699,0.00358792,0
15,11.4,0,0.306594,0.00365878,0
15,11.5,0,0.306194,0.00367588,0
15,11.6,0,0.305803,0.00374078,0
15,11.7,0,0.305427,0.00381958,0
15,11.8,0,0.305046,0.00381865,0
15,11.9,0,0.304682,0.00383952,0
15,12,0,0.304366,0.00389711,0
15,12.1,0,0.304048,0.00389819,0
15,12.2,0,0.303738,0.00388,0
15,12.3,0,0.303541,0.0039082,0
15,12.4,0,0.303358,0.00391248,0
15,12.5,0,0.303176,0.00386495,0
15,12.6,0,0.303112,0.00387608,0
15,12.7,0,0.303109,0.00391594,0
15.1,0,0,0.304706,0.000683126,0
15.1,0.1,0,0.304719,0.000818368,0
15.1,0.2,0,0.304828,0.000745343,0
15.1,0.3,0,0.304987,0.000737118,0
15.1,0.4,0,0.305182,0.00080565,0
15.1,0.5,0,0.305512,0.000690134,0
15.1,0.6,0,0.305854,0.000847239,0
15.1,0.7,0,0.306263,0.000825025,0
15.1,0.8,0,0.306722,0.000876784,0
15.1,0.9,0,0.307181,0.00100505,0
15.1,1,0,0.307702,0.000951311,0
15.1,1.1,0,0.308226,0.00116212,0
15.1,1.2,0,0.308753,0.00119793,0
15.1,1.3,0,0.309302,0.00129975,0
15.1,1.4,0,0.30984,0.00147419,0
15.1,1.5,0,0.310391,0.00147964,0
15.1,1.6,0,0.310952,0.00171926,0
15.1,1.7,0,0.311487,0.0018101,0
15.1,1.8,0,0.31204,0.00195151,0
15.1,1.9,0,0.31258,0.00215674,0
15.1,2,0,0.3131,0.00223253,0
15.1,2.1,0,0.313657,0.00247557,0
15.1,2.2,0,0.31413,0.00263081,0
15.1,2.3,0,0.314623,0.00280902,0
15.1,2.4,0,0.315081,0.00303471,0
15.1,2.5,0,0.315398,0.00321462,0
15.1,2.6,0,0.315814,0.00343826,0
15.1,2.7,0,0.315879,0.00369409,0
15.1,2.8,0,0.315922,0.00393151,0
15.1,2.9,0,0.315779,0.00419042,0
15.1,3,0,0.315033,0.00456035,0
15.1,3.1,0,0.314409,0.00477907,0
15.1,3.2,0,0.312599,0.00522068,0
15.1,3.3,0,0.310474,0.00559577,0
15.1,3.4,0,0.307723,0.0059347,0
15.1,3.5,0,0.303205,0.00660894,0
15.1,3.6,0,0.298511,0.00685943,0
15.1,3.7,0,0.291354,0.00749713,0
15.1,3.8,0,0.283111,0.00799447,0
15.1,3.9,0,0.273809,0.00829035,0
15.1,4,0,0.261702,0.00907954,0
15.1,4.1,0,0.248672,0.00903464,0
15.1,4.2,0,0.233854,0.00935497,0
15.1,4.3,0,0.217519,0.00932621,0
15.1,4.4,0,0.200845,0.00882064,0
15.1,4.5,0,0.183362,0.00885388,0
15.1,4.6,0,0.164815,0.007429,0
15.1,4.7,0,0.148236,0.00662253,0
15.1,4.8,0,0.131447,0.00519262,0
15.1,4.9,0,0.116641,0.0033454,0
15.1,5,0,0.107692,0.00303079,0
15.1,5.1,0,0.0912015,0.000468946,0
15.1,5.2,0,0.0818221,-0.00149719,0
15.1,5.3,0,0.0750786,-0.00350903,0
15.1,5.4,0,0.0711597,-0.00551697,0
15.1,5.5,0,0.0701755,-0.00746859,0
15.1,5.6,0,0.0721518,-0.00931561,0
15.1,5.7,0,0.0770272,-0.0110148,0
15.1,5.8,0,0.0846531,-0.0125283,0
15.1,5.9,0,0.0947971,-0.0138264,0
15.1,6,0,0.114786,-0.01543,0
15.1,6.1,0,0.124143,-0.0168234,0
15.1,6.2,0,0.135638,-0.0175006,0
15.1,6.3,0,0.152983,-0.0168289,0
15.1,6.4,0,0.170769,-0.0170256,0
15.1,6.5,0,0.188368,-0.0174377,0
15.1,6.6,0,0.204589,-0.0163857,0
15.1,6.7,0,0.220862,-0.0153743,0
15.1,6.8,0,0.237322,-0.0151292,0
15.1,6.9,0,0.250404,-0.0140841,0
15.1,7,0,0.261776,-0.01252,0
15.1,7.1,0,0.273049,-0.0118826,0
15.1,7.2,0,0.282977,-0.0110997,0
15.1,7.3,0,0.289306,-0.00965886,0
15.1,7.4,0,0.295467,-0.00873365,0
15.1,7.5,0,0.301251,-0.00811156,0
15.1,7.6,0,0.304795,-0.0070858,0
15.1,7.7,0,0.307655,-0.00611732,0
15.1,7.8,0,0.310289,-0.00569416,0
15.1,7.9,0,0.312169,-0.00503346,0
15.1,8,0,0.313294,-0.0041367,0
15.1,8.1,0,0.314192,-0.00377189,0
15.1,8.2,0,0.315002,-0.00339582,0
15.1,8.3,0,0.315317,-0.00271121,0
15.1,8.4,0,0.315508,-0.00227353,0
15.1,8.5,0,0.31562,-0.00202948,0
15.1,8.6,0,0.315642,-0.00155949,0
15.1,8.7,0,0.315561,-0.00108303,0
15.1,8.8,0,0.315374,-0.000900775,0
15.1,8.9,0,0.315223,-0.00059837,0
15.1,9,0,0.315018,-0.000155803,0
15.1,9.1,0,0.314737,4.22674e-05,0
15.1,9.2,0,0.314475,0.000232782,0
15.1,9.3,0,0.314202,0.000579874,0
15.1,9.4,0,0.313894,0.000825787,0
15.1,9.5,0,0.313561,0.000964849,0
15.1,9.6,0,0.31326,0.0012147,0
15.1,9.7,0,0.312934,0.00147954,0
15.1,9.8,0,0.312572,0.00159045,0
15.1,9.9,0,0.31224,0.00175703,0
15.1,10,0,0.311892,0.00199663,0
15.1,10.1,0,0.311521,0.00211681,0
15.1,10.2,0,0.31116,0.00222564,0
15.1,10.3,0,0.310796,0.00241389,0
15.1,10.4,0,0.310419,0.00255402,0
15.1,10.5,0,0.310031,0.00262661,0
15.1,10.6,0,0.309663,0.00276399,0
15.1,10.7,0,0.309278,0.00291483,0
15.1,10.8,0,0.308881,0.00296692,0
15.1,10.9,0,0.308501,0.00305203,0
15.1,11,0,0.308108,0.00318432,0
15.1,11.1,0,0.307708,0.00324314,0
15.1,11.2,0,0.307316,0.00328971,0
15.1,11.3,0,0.306927,0.00338921,0
15.1,11.4,0,0.306531,0.00346007,0
15.1,11.5,0,0.30613,0.00347717,0
15.1,11.6,0,0.305761,0.00354201,0
15.1,11.7,0,0.305385,0.0036208,0
15.1,11.8,0,0.305005,0.00361987,0
15.1,11.9,0,0.304662,0.0036411,0
15.1,12,0,0.304347,0.00369868,0
15.1,12.1,0,0.304029,0.00369977,0
15.1,12.2,0,0.303738,0.0036852,0
15.1,12.3,0,0.303543,0.00371093,0
15.1,12.4,0,0.30336,0.00371521,0
15.1,12.5,0,0.303178,0.00366767,0
15.1,12.6,0,0.303123,0.00367968,0
15.1,12.7,0,0.30312,0.00371954,0
15.2,0,0,0.304716,0.00100316,0
15.2,0.1,0,0.304743,0.00110088,0
15.2,0.2,0,0.304828,0.00106713,0
15.2,0.3,0,0.304987,0.0010589,0
15.2,0.4,0,0.30519,0.0010958,0
15.2,0.5,0,0.305488,0.00101483,0
15.2,0.6,0,0.305833,0.00113981,0
15.2,0.7,0,0.306211,0.00115181,0
15.2,0.8,0,0.306669,0.00120357,0
15.2,0.9,0,0.307121,0.00129996,0
15.2,1,0,0.307622,0.00128012,0
15.2,1.1,0,0.308139,0.00145972,0
15.2,1.2,0,0.308649,0.00152924,0
15.2,1.3,0,0.309198,0.00163105,0
15.2,1.4,0,0.309724,0.00177672,0
15.2,1.5,0,0.310266,0.00181402,0
15.2,1.6,0,0.310816,0.00202759,0
15.2,1.7,0,0.311343,0.00214817,0
15.2,1.8,0,0.311896,0.00228958,0
15.2,1.9,0,0.312419,0.00247423,0
15.2,2,0,0.312937,0.00257507,0
15.2,2.1,0,0.313473,0.00280379,0
15.2,2.2,0,0.313947,0.00297891,0
15.2,2.3,0,0.314441,0.00315713,0
15.2,2.4,0,0.314856,0.0033793,0
15.2,2.5,0,0.31519,0.00356976,0
15.2,2.6,0,0.31553,0.00380189,0
15.2,2.7,0,0.315633,0.00405762,0
15.2,2.8,0,0.315676,0.00429504,0
15.2,2.9,0,0.315384,0.00457972,0
15.2,3,0,0.314731,0.00493182,0
15.2,3.1,0,0.313867,0.00519216,0
15.2,3.2,0,0.312222,0.00559496,0
15.2,3.3,0,0.310097,0.00597005,0
15.2,3.4,0,0.306976,0.00636245,0
15.2,3.5,0,0.30276,0.00697187,0
15.2,3.6,0,0.297617,0.00728109,0
15.2,3.7,0,0.290911,0.00782128,0
15.2,3.8,0,0.282668,0.00831862,0
15.2,3.9,0,0.272969,0.00865164,0
15.2,4,0,0.261427,0.00932674,0
15.2,4.1,0,0.248197,0.00931457,0
15.2,4.2,0,0.233988,0.00949267,0
15.2,4.3,0,0.217654,0.00946391,0
15.2,4.4,0,0.201254,0.00897883,0
15.2,4.5,0,0.184109,0.0088784,0
15.2,4.6,0,0.166123,0.0075413,0
15.2,4.7,0,0.149631,0.00656573,0
15.2,4.8,0,0.132841,0.00513582,0
15.2,4.9,0,0.119403,0.00354327,0
15.2,5,0,0.109518,0.00293701,0
15.2,5.1,0,0.0931964,0.000364976,0
15.2,5.2,0,0.083881,-0.00160214,0
15.2,5.3,0,0.0771472,-0.00360835,0
15.2,5.4,0,0.0731846,-0.00560437,0
15.2,5.5,0,0.0721063,-0.00753854,0
15.2,5.6,0,0.0739427,-0.00936335,0
15.2,5.7,0,0.0786384,-0.0110365,0
15.2,5.8,0,0.0860515,-0.0125212,0
15.2,5.9,0,0.095957,-0.0137886,0
15.2,6,0,0.115538,-0.0153401,0
15.2,6.1,0,0.124981,-0.0167029,0
15.2,6.2,0,0.137484,-0.0169805,0
15.2,6.3,0,0.153002,-0.016667,0
15.2,6.4,0,0.170788,-0.0168638,0
15.2,6.5,0,0.187636,-0.0168309,0
15.2,6.6,0,0.203898,-0.0162003,0
15.2,6.7,0,0.220172,-0.0151889,0
15.2,6.8,0,0.235678,-0.0147427,0
15.2,6.9,0,0.249227,-0.013883,0
15.2,7,0,0.260768,-0.0123735,0
15.2,7.1,0,0.272041,-0.0117361,0
15.2,7.2,0,0.280927,-0.0108034,0
15.2,7.3,0,0.288326,-0.00957644,0
15.2,7.4,0,0.294486,-0.00865122,0
15.2,7.5,0,0.299687,-0.0079392,0
15.2,7.6,0,0.303992,-0.00706939,0
15.2,7.7,0,0.306852,-0.0061009,0
15.2,7.8,0,0.309335,-0.00562991,0
15.2,7.9,0,0.311425,-0.00503432,0
15.2,8,0,0.312674,-0.00417593,0
15.2,8.1,0,0.313571,-0.00381113,0
15.2,8.2,0,0.314327,-0.00337363,0
15.2,8.3,0,0.314837,-0.00279621,0
15.2,8.4,0,0.315028,-0.00235853,0
15.2,8.5,0,0.315155,-0.00206217,0
15.2,8.6,0,0.315263,-0.00167971,0
15.2,8.7,0,0.315181,-0.00120325,0
15.2,8.8,0,0.315012,-0.000998344,0
15.2,8.9,0,0.3149,-0.000716497,0
15.2,9,0,0.314711,-0.000302444,0
15.2,9.1,0,0.31443,-0.000104374,0
15.2,9.2,0,0.3142,0.000120701,0
15.2,9.3,0,0.313952,0.000414185,0
15.2,9.4,0,0.313643,0.000660098,0
15.2,9.5,0,0.313337,0.000826995,0
15.2,9.6,0,0.313054,0.00103593,0
15.2,9.7,0,0.312728,0.00130076,0
15.2,9.8,0,0.312375,0.0014213,0
15.2,9.9,0,0.312063,0.00158645,0
15.2,10,0,0.311724,0.00180912,0
15.2,10.1,0,0.311352,0.00192929,0
15.2,10.2,0,0.311009,0.00205837,0
15.2,10.3,0,0.310659,0.0022208,0
15.2,10.4,0,0.310282,0.00236093,0
15.2,10.5,0,0.309909,0.00245157,0
15.2,10.6,0,0.309553,0.00256761,0
15.2,10.7,0,0.309169,0.00271845,0
15.2,10.8,0,0.308775,0.0027754,0
15.2,10.9,0,0.308408,0.00286563,0
15.2,11,0,0.308023,0.00298625,0
15.2,11.1,0,0.307622,0.00304508,0
15.2,11.2,0,0.307243,0.00310697,0
15.2,11.3,0,0.306863,0.00319049,0
15.2,11.4,0,0.306467,0.00326136,0
15.2,11.5,0,0.306083,0.00329251,0
15.2,11.6,0,0.30572,0.00334323,0
15.2,11.7,0,0.305344,0.00342203,0
15.2,11.8,0,0.304968,0.00342339,0
15.2,11.9,0,0.304645,0.00345211,0
15.2,12,0,0.304327,0.00350025,0
15.2,12.1,0,0.30401,0.00350134,0
15.2,12.2,0,0.303758,0.0034993,0
15.2,12.3,0,0.303545,0.00351366,0
15.2,12.4,0,0.303361,0.00351794,0
15.2,12.5,0,0.303218,0.00348727,0
15.2,12.6,0,0.303136,0.00348444,0
15.2,12.7,0,0.303131,0.00352314,0
15.3,0,0,0.304725,0.0013232,0
15.3,0.1,0,0.30477,0.00137676,0
15.3,0.2,0,0.304836,0.00137514,0
15.3,0.3,0,0.304991,0.00136937,0
15.3,0.4,0,0.305204,0.00137985,0
15.3,0.5,0,0.305464,0.00133953,0
15.3,0.6,0,0.305814,0.00142671,0
15.3,0.7,0,0.306168,0.00146663,0
15.3,0.8,0,0.306615,0.001519,0
15.3,0.9,0,0.307064,0.00158889,0
15.3,1,0,0.307543,0.00160893,0
15.3,1.1,0,0.308051,0.00175181,0
15.3,1.2,0,0.30855,0.00184878,0
15.3,1.3,0,0.309091,0.00195204,0
15.3,1.4,0,0.309609,0.00207363,0
15.3,1.5,0,0.310141,0.00214839,0
15.3,1.6,0,0.310679,0.00233132,0
15.3,1.7,0,0.3112,0.00247594,0
15.3,1.8,0,0.311746,0.00262015,0
15.3,1.9,0,0.312259,0.0027873,0
15.3,2,0,0.312774,0.00291762,0
15.3,2.1,0,0.313285,0.00312949,0
15.3,2.2,0,0.313763,0.0033203,0
15.3,2.3,0,0.314244,0.00350362,0
15.3,2.4,0,0.314627,0.00372202,0
15.3,2.5,0,0.314982,0.0039249,0
15.3,2.6,0,0.315233,0.00416702,0
15.3,2.7,0,0.315372,0.00442163,0
15.3,2.8,0,0.315381,0.00466725,0
15.3,2.9,0,0.314973,0.00497216,0
15.3,3,0,0.314428,0.00530329,0
15.3,3.1,0,0.313282,0.00561259,0
15.3,3.2,0,0.311783,0.00598308,0
15.3,3.3,0,0.309594,0.0063638,0
15.3,3.4,0,0.306177,0.00680164,0
15.3,3.5,0,0.302316,0.0073348,0
15.3,3.6,0,0.296643,0.00771311,0
15.3,3.7,0,0.290309,0.0081778,0
15.3,3.8,0,0.282076,0.00865995,0
15.3,3.9,0,0.27203,0.00903305,0
15.3,4,0,0.261152,0.00957393,0
15.3,4.1,0,0.247688,0.00960028,0
15.3,4.2,0,0.233929,0.00967477,0
15.3,4.3,0,0.217852,0.00961483,0
15.3,4.4,0,0.201603,0.0091606,0
15.3,4.5,0,0.184856,0.00890292,0
15.3,4.6,0,0.16753,0.00766908,0
15.3,4.7,0,0.15103,0.00656431,0
15.3,4.8,0,0.134696,0.00517086,0
15.3,4.9,0,0.122331,0.0037926,0
15.3,5,0,0.111344,0.00284323,0
15.3,5.1,0,0.0951914,0.000261006,0
15.3,5.2,0,0.0859399,-0.00170709,0
15.3,5.3,0,0.0792158,-0.00370768,0
15.3,5.4,0,0.0752095,-0.00569177,0
15.3,5.5,0,0.074037,-0.00760848,0
15.3,5.6,0,0.0757336,-0.00941109,0
15.3,5.7,0,0.0802496,-0.0110582,0
15.3,5.8,0,0.0874499,-0.0125142,0
15.3,5.9,0,0.0971168,-0.0137509,0
15.3,6,0,0.11629,-0.0152501,0
15.3,6.1,0,0.127093,-0.0161307,0
15.3,6.2,0,0.139596,-0.0164083,0
15.3,6.3,0,0.153021,-0.0165052,0
15.3,6.4,0,0.170617,-0.0165891,0
15.3,6.5,0,0.186905,-0.0162242,0
15.3,6.6,0,0.203193,-0.0158593,0
15.3,6.7,0,0.219481,-0.0150036,0
15.3,6.8,0,0.233729,-0.0142916,0
15.3,6.9,0,0.247278,-0.013432,0
15.3,7,0,0.259759,-0.012227,0
15.3,7.1,0,0.270034,-0.0114454,0
15.3,7.2,0,0.278865,-0.0105048,0
15.3,7.3,0,0.287345,-0.00949401,0
15.3,7.4,0,0.293425,-0.00855638,0
15.3,7.5,0,0.298122,-0.00776685,0
15.3,7.6,0,0.302819,-0.00697733,0
15.3,7.7,0,0.306049,-0.00608448,0
15.3,7.8,0,0.308297,-0.00553896,0
15.3,7.9,0,0.310387,-0.00494337,0
15.3,8,0,0.312053,-0.00421517,0
15.3,8.1,0,0.312905,-0.00379925,0
15.3,8.2,0,0.313651,-0.00335143,0
15.3,8.3,0,0.314357,-0.00288122,0
15.3,8.4,0,0.314548,-0.00244236,0
15.3,8.5,0,0.31469,-0.00209485,0
15.3,8.6,0,0.314832,-0.00174734,0
15.3,8.7,0,0.314802,-0.00132347,0
15.3,8.8,0,0.314665,-0.00107551,0
15.3,8.9,0,0.314553,-0.000793666,0
15.3,9,0,0.314405,-0.000449086,0
15.3,9.1,0,0.314146,-0.000226256,0
15.3,9.2,0,0.313925,8.61955e-06,0
15.3,9.3,0,0.313701,0.000248496,0
15.3,9.4,0,0.313392,0.000494409,0
15.3,9.5,0,0.313112,0.00068914,0
15.3,9.6,0,0.312835,0.000886468,0
15.3,9.7,0,0.312522,0.00112199,0
15.3,9.8,0,0.312191,0.00126597,0
15.3,9.9,0,0.311879,0.00143111,0
15.3,10,0,0.311555,0.0016216,0
15.3,10.1,0,0.311194,0.00175394,0
15.3,10.2,0,0.310858,0.00189111,0
15.3,10.3,0,0.310522,0.00202828,0
15.3,10.4,0,0.310145,0.00216783,0
15.3,10.5,0,0.309787,0.00227652,0
15.3,10.6,0,0.309433,0.00238898,0
15.3,10.7,0,0.309059,0.00252207,0
15.3,10.8,0,0.308679,0.00259551,0
15.3,10.9,0,0.308311,0.00268575,0
15.3,11,0,0.307937,0.00278819,0
15.3,11.1,0,0.307543,0.00285445,0
15.3,11.2,0,0.307171,0.00292422,0
15.3,11.3,0,0.306799,0.00299399,0
15.3,11.4,0,0.306404,0.00306264,0
15.3,11.5,0,0.306036,0.003108,0
15.3,11.6,0,0.305673,0.00315798,0
15.3,11.7,0,0.305302,0.00322325,0
15.3,11.8,0,0.304951,0.00323743,0
15.3,11.9,0,0.304629,0.00326616,0
15.3,12,0,0.304308,0.00330182,0
15.3,12.1,0,0.304005,0.00330754,0
15.3,12.2,0,0.303778,0.0033134,0
15.3,12.3,0,0.303551,0.00331927,0
15.3,12.4,0,0.303363,0.00332066,0
15.3,12.5,0,0.303263,0.00330933,0
15.3,12.6,0,0.303181,0.0033065,0
15.3,12.7,0,0.303142,0.00332673,0
15.4,0,0,0.304736,0.00164324,0
15.4,0.1,0,0.304797,0.00165265,0
15.4,0.2,0,0.304863,0.00165103,0
15.4,0.3,0,0.305005,0.00165342,0
15.4,0.4,0,0.305218,0.0016639,0
15.4,0.5,0,0.30544,0.00166423,0
15.4,0.6,0,0.305794,0.00171361,0
15.4,0.7,0,0.306148,0.00175353,0
15.4,0.8,0,0.306559,0.00180793,0
15.4,0.9,0,0.307008,0.00187783,0
15.4,1,0,0.307463,0.00193775,0
15.4,1.1,0,0.307963,0.0020439,0
15.4,1.2,0,0.308462,0.00214087,0
15.4,1.3,0,0.308977,0.00224895,0
15.4,1.4,0,0.309495,0.00237054,0
15.4,1.5,0,0.310016,0.00248277,0
15.4,1.6,0,0.310541,0.00263505,0
15.4,1.7,0,0.311063,0.00277967,0
15.4,1.8,0,0.311586,0.00293322,0
15.4,1.9,0,0.312099,0.00310038,0
15.4,2,0,0.312612,0.00326016,0
15.4,2.1,0,0.313097,0.00345518,0
15.4,2.2,0,0.313575,0.00364599,0
15.4,2.3,0,0.314016,0.00384634,0
15.4,2.4,0,0.314398,0.00406475,0
15.4,2.5,0,0.314774,0.00428005,0
15.4,2.6,0,0.314936,0.00453215,0
15.4,2.7,0,0.315075,0.00478676,0
15.4,2.8,0,0.314969,0.00505969,0
15.4,2.9,0,0.314561,0.00536461,0
15.4,3,0,0.314126,0.00567476,0
15.4,3.1,0,0.312698,0.00603302,0
15.4,3.2,0,0.311198,0.00640351,0
15.4,3.3,0,0.308794,0.00680298,0
15.4,3.4,0,0.305377,0.00724082,0
15.4,3.5,0,0.301871,0.00769773,0
15.4,3.6,0,0.295669,0.00814514,0
15.4,3.7,0,0.289335,0.00860982,0
15.4,3.8,0,0.281137,0.00904137,0
15.4,3.9,0,0.27109,0.00941447,0
15.4,4,0,0.260877,0.00982112,0
15.4,4.1,0,0.247178,0.00988599,0
15.4,4.2,0,0.23342,0.00996048,0
15.4,4.3,0,0.218201,0.0097966,0
15.4,4.4,0,0.201952,0.00934237,0
15.4,4.5,0,0.185603,0.00892744,0
15.4,4.6,0,0.168937,0.00779686,0
15.4,4.7,0,0.152437,0.00669209,0
15.4,4.8,0,0.137624,0.00542019,0
15.4,4.9,0,0.125259,0.00404193,0
15.4,5,0,0.113169,0.00274944,0
15.4,5.1,0,0.0971864,0.000157036,0
15.4,5.2,0,0.0879989,-0.00181203,0
15.4,5.3,0,0.0812844,-0.003807,0
15.4,5.4,0,0.0772343,-0.00577917,0
15.4,5.5,0,0.0759678,-0.00767843,0
15.4,5.6,0,0.0775245,-0.00945882,0
15.4,5.7,0,0.0818608,-0.0110799,0
15.4,5.8,0,0.0888483,-0.0125071,0
15.4,5.9,0,0.0982766,-0.0137131,0
15.4,6,0,0.117042,-0.0151602,0
15.4,6.1,0,0.129205,-0.0155585,0
15.4,6.2,0,0.141708,-0.0158361,0
15.4,6.3,0,0.154211,-0.0161137,0
15.4,6.4,0,0.169885,-0.0159823,0
15.4,6.5,0,0.186173,-0.0156174,0
15.4,6.6,0,0.202461,-0.0152525,0
15.4,6.7,0,0.218232,-0.0147002,0
15.4,6.8,0,0.23178,-0.0138406,0
15.4,6.9,0,0.245329,-0.012981,0
15.4,7,0,0.258751,-0.0120804,0
15.4,7.1,0,0.267972,-0.0111467,0
15.4,7.2,0,0.276803,-0.0102061,0
15.4,7.3,0,0.285635,-0.00926555,0
15.4,7.4,0,0.291861,-0.00838403,0
15.4,7.5,0,0.296558,-0.0075945,0
15.4,7.6,0,0.301255,-0.00680498,0
15.4,7.7,0,0.305169,-0.00604359,0
15.4,7.8,0,0.307259,-0.005448,0
15.4,7.9,0,0.30935,-0.00485242,0
15.4,8,0,0.311432,-0.0042544,0
15.4,8.1,0,0.31223,-0.00377705,0
15.4,8.2,0,0.312976,-0.00332924,0
15.4,8.3,0,0.313722,-0.00288142,0
15.4,8.4,0,0.314084,-0.00247505,0
15.4,8.5,0,0.314225,-0.00212754,0
15.4,8.6,0,0.314367,-0.00178003,0
15.4,8.7,0,0.314429,-0.00143453,0
15.4,8.8,0,0.314317,-0.00115268,0
15.4,8.9,0,0.314206,-0.000870835,0
15.4,9,0,0.314094,-0.000588987,0
15.4,9.1,0,0.313871,-0.000338338,0
15.4,9.2,0,0.313649,-0.000103462,0
15.4,9.3,0,0.313428,0.000131414,0
15.4,9.4,0,0.313165,0.000353959,0
15.4,9.5,0,0.312888,0.000551286,0
15.4,9.6,0,0.312611,0.000748613,0
15.4,9.7,0,0.312318,0.000945484,0
15.4,9.8,0,0.312006,0.00111063,0
15.4,9.9,0,0.311695,0.00127578,0
15.4,10,0,0.311383,0.00144093,0
15.4,10.1,0,0.311043,0.00158667,0
15.4,10.2,0,0.310707,0.00172384,0
15.4,10.3,0,0.310371,0.00186101,0
15.4,10.4,0,0.31002,0.00198901,0
15.4,10.5,0,0.309665,0.00210147,0
15.4,10.6,0,0.309311,0.00221394,0
15.4,10.7,0,0.308949,0.0023257,0
15.4,10.8,0,0.308582,0.00241562,0
15.4,10.9,0,0.308215,0.00250586,0
15.4,11,0,0.307848,0.0025961,0
15.4,11.1,0,0.307471,0.0026717,0
15.4,11.2,0,0.307099,0.00274147,0
15.4,11.3,0,0.306726,0.00281124,0
15.4,11.4,0,0.306352,0.00287353,0
15.4,11.5,0,0.305989,0.0029235,0
15.4,11.6,0,0.305626,0.00297347,0
15.4,11.7,0,0.30526,0.00302447,0
15.4,11.8,0,0.304935,0.00305148,0
15.4,11.9,0,0.304612,0.0030802,0
15.4,12,0,0.30429,0.00310893,0
15.4,12.1,0,0.304025,0.00312164,0
15.4,12.2,0,0.303798,0.00312751,0
15.4,12.3,0,0.303571,0.00313337,0
15.4,12.4,0,0.303389,0.00313421,0
15.4,12.5,0,0.303308,0.00313138,0
15.4,12.6,0,0.303227,0.00312855,0
15.4,12.7,0,0.303154,0.00313033,0
15.5,0,0,0.30474,0.00191809,0
15.5,0.1,0,0.304792,0.00192932,0
15.5,0.2,0,0.304858,0.0019277,0
15.5,0.3,0,0.30498,0.00193082,0
15.5,0.4,0,0.305193,0.00194131,0
15.5,0.5,0,0.305413,0.00194427,0
15.5,0.6,0,0.305745,0.0019929,0
15.5,0.7,0,0.306099,0.00203283,0
15.5,0.8,0,0.306486,0.00208997,0
15.5,0.9,0,0.306935,0.00215986,0
15.5,1,0,0.307379,0.00222385,0
15.5,1.1,0,0.307868,0.00232978,0
15.5,1.2,0,0.308366,0.00242676,0
15.5,1.3,0,0.30886,0.00254015,0
15.5,1.4,0,0.309378,0.00266174,0
15.5,1.5,0,0.309881,0.00277892,0
15.5,1.6,0,0.310404,0.00293335,0
15.5,1.7,0,0.310926,0.00307797,0
15.5,1.8,0,0.311429,0.00324082,0
15.5,1.9,0,0.311942,0.00340798,0
15.5,2,0,0.312429,0.00357377,0
15.5,2.1,0,0.312921,0.0037749,0
15.5,2.2,0,0.313399,0.00396571,0
15.5,2.3,0,0.313821,0.00418169,0
15.5,2.4,0,0.314203,0.0044001,0
15.5,2.5,0,0.314532,0.00462271,0
15.5,2.6,0,0.314722,0.00488714,0
15.5,2.7,0,0.314861,0.00514175,0
15.5,2.8,0,0.314739,0.00543793,0
15.5,2.9,0,0.314331,0.00574285,0
15.5,3,0,0.313784,0.00605988,0
15.5,3.1,0,0.31246,0.00643592,0
15.5,3.2,0,0.310961,0.00680641,0
15.5,3.3,0,0.308576,0.00722711,0
15.5,3.4,0,0.305158,0.00766495,0
15.5,3.5,0,0.30144,0.00811692,0
15.5,3.6,0,0.295526,0.00857923,0
15.5,3.7,0,0.289192,0.00904392,0
15.5,3.8,0,0.281163,0.00946503,0
15.5,3.9,0,0.271117,0.00983813,0
15.5,4,0,0.260731,0.0102099,0
15.5,4.1,0,0.247498,0.0102739,0
15.5,4.2,0,0.23374,0.0103484,0
15.5,4.3,0,0.218926,0.010132,0
15.5,4.4,0,0.202677,0.00967773,0
15.5,4.5,0,0.186456,0.00924539,0
15.5,4.6,0,0.170091,0.00808582,0
15.5,4.7,0,0.15359,0.00698105,0
15.5,4.8,0,0.138804,0.00564067,0
15.5,4.9,0,0.126439,0.00426241,0
15.5,5,0,0.114945,0.00309873,0
15.5,5.1,0,0.0990953,0.000532749,0
15.5,5.2,0,0.0899508,-0.00141519,0
15.5,5.3,0,0.0832302,-0.00338785,0
15.5,5.4,0,0.0791259,-0.00533747,0
15.5,5.5,0,0.0777595,-0.00721496,0
15.5,5.6,0,0.079175,-0.00897516,0
15.5,5.7,0,0.0833342,-0.0105782,0
15.5,5.8,0,0.0901157,-0.0119903,0
15.5,5.9,0,0.0993166,-0.0131844,0
15.5,6,0,0.117701,-0.0146198,0
15.5,6.1,0,0.12856,-0.0151628,0
15.5,6.2,0,0.141063,-0.0154405,0
15.5,6.3,0,0.153566,-0.0157181,0
15.5,6.4,0,0.169457,-0.0156156,0
15.5,6.5,0,0.185745,-0.0152507,0
15.5,6.6,0,0.202033,-0.0148858,0
15.5,6.7,0,0.21772,-0.0143171,0
15.5,6.8,0,0.231304,-0.0134703,0
15.5,6.9,0,0.244853,-0.0126107,0
15.5,7,0,0.25785,-0.0116705,0
15.5,7.1,0,0.267496,-0.0108198,0
15.5,7.2,0,0.276327,-0.00987923,0
15.5,7.3,0,0.285158,-0.00893865,0
15.5,7.4,0,0.291391,-0.00814198,0
15.5,7.5,0,0.296088,-0.00735246,0
15.5,7.6,0,0.300785,-0.00656293,0
15.5,7.7,0,0.304662,-0.00588085,0
15.5,7.8,0,0.306817,-0.005301,0
15.5,7.9,0,0.308907,-0.00470541,0
15.5,8,0,0.310886,-0.00410943,0
15.5,8.1,0,0.311831,-0.00371509,0
15.5,8.2,0,0.312577,-0.00326728,0
15.5,8.3,0,0.313323,-0.00281946,0
15.5,8.4,0,0.313735,-0.00248246,0
15.5,8.5,0,0.313877,-0.00213495,0
15.5,8.6,0,0.314018,-0.00178744,0
15.5,8.7,0,0.314131,-0.00147104,0
15.5,8.8,0,0.314018,-0.00121255,0
15.5,8.9,0,0.313907,-0.000930703,0
15.5,9,0,0.313815,-0.000636016,0
15.5,9.1,0,0.313619,-0.000437264,0
15.5,9.2,0,0.313397,-0.000202388,0
15.5,9.3,0,0.313175,3.24877e-05,0
15.5,9.4,0,0.312954,0.000227295,0
15.5,9.5,0,0.312677,0.000424622,0
15.5,9.6,0,0.312399,0.00062195,0
15.5,9.7,0,0.312144,0.000821025,0
15.5,9.8,0,0.311831,0.000964971,0
15.5,9.9,0,0.311519,0.00113012,0
15.5,10,0,0.311216,0.00130418,0
15.5,10.1,0,0.310899,0.00142787,0
15.5,10.2,0,0.310563,0.00156504,0
15.5,10.3,0,0.310227,0.00170221,0
15.5,10.4,0,0.309903,0.00182151,0
15.5,10.5,0,0.309548,0.00193398,0
15.5,10.6,0,0.309194,0.00204644,0
15.5,10.7,0,0.308852,0.00216897,0
15.5,10.8,0,0.308489,0.0022426,0
15.5,10.9,0,0.308122,0.00233283,0
15.5,11,0,0.307757,0.00242718,0
15.5,11.1,0,0.307399,0.00249536,0
15.5,11.2,0,0.307026,0.00256513,0
15.5,11.3,0,0.306654,0.0026349,0
15.5,11.4,0,0.306298,0.00269545,0
15.5,11.5,0,0.305935,0.00274542,0
15.5,11.6,0,0.305572,0.00279539,0
15.5,11.7,0,0.305222,0.00285686,0
15.5,11.8,0,0.304898,0.00287287,0
15.5,11.9,0,0.304576,0.0029016,0
15.5,12,0,0.304255,0.00293133,0
15.5,12.1,0,0.304004,0.00294322,0
15.5,12.2,0,0.303777,0.00294908,0
15.5,12.3,0,0.30355,0.00295495,0
15.5,12.4,0,0.303382,0.00295442,0
15.5,12.5,0,0.3033,0.00295159,0
15.5,12.6,0,0.303219,0.00294876,0
15.5,12.7,0,0.303161,0.0029624,0
15.6,0,0,0.304743,0.00217787,0
15.6,0.1,0,0.304777,0.00220626,0
15.6,0.2,0,0.304844,0.00220159,0
15.6,0.3,0,0.304948,0.00220331,0
15.6,0.4,0,0.305155,0.0022165,0
15.6,0.5,0,0.305385,0.00220943,0
15.6,0.6,0,0.305686,0.00226967,0
15.6,0.7,0,0.306041,0.0023079,0
15.6,0.8,0,0.306412,0.00236741,0
15.6,0.9,0,0.306857,0.00243959,0
15.6,1,0,0.307293,0.00249571,0
15.6,1.1,0,0.30777,0.0026136,0
15.6,1.2,0,0.308266,0.00270916,0
15.6,1.3,0,0.308744,0.00282694,0
15.6,1.4,0,0.309261,0.00295104,0
15.6,1.5,0,0.309742,0.00306234,0
15.6,1.6,0,0.310267,0.00322983,0
15.6,1.7,0,0.310784,0.00337362,0
15.6,1.8,0,0.311273,0.00354391,0
15.6,1.9,0,0.311787,0.00371376,0
15.6,2,0,0.31224,0.00387774,0
15.6,2.1,0,0.31275,0.00409263,0
15.6,2.2,0,0.313219,0.00428372,0
15.6,2.3,0,0.31363,0.00451183,0
15.6,2.4,0,0.314019,0.00473299,0
15.6,2.5,0,0.314278,0.00496122,0
15.6,2.6,0,0.314536,0.00523875,0
15.6,2.7,0,0.314652,0.00549551,0
15.6,2.8,0,0.314542,0.00580921,0
15.6,2.9,0,0.314161,0.00611635,0
15.6,3,0,0.313428,0.00644955,0
15.6,3.1,0,0.312338,0.00683298,0
15.6,3.2,0,0.310781,0.00720745,0
15.6,3.3,0,0.308474,0.00764578,0
15.6,3.4,0,0.305134,0.00808406,0
15.6,3.5,0,0.301014,0.00855486,0
15.6,3.6,0,0.295659,0.00901401,0
15.6,3.7,0,0.289229,0.00948081,0
15.6,3.8,0,0.281372,0.00990429,0
15.6,3.9,0,0.271465,0.0102759,0
15.6,4,0,0.260628,0.0106459,0
15.6,4.1,0,0.248095,0.010696,0
15.6,4.2,0,0.234284,0.0107698,0
15.6,4.3,0,0.219672,0.010525,0
15.6,4.4,0,0.203526,0.0100643,0
15.6,4.5,0,0.187344,0.00966114,0
15.6,4.6,0,0.17116,0.00842851,0
15.6,4.7,0,0.15473,0.00734453,0
15.6,4.8,0,0.139567,0.00589869,0
15.6,4.9,0,0.127037,0.00447327,0
15.6,5,0,0.116704,0.00359571,0
15.6,5.1,0,0.100975,0.00106836,0
15.6,5.2,0,0.0918671,-0.000851077,0
15.6,5.3,0,0.0851352,-0.00279586,0
15.6,5.4,0,0.0809731,-0.0047194,0
15.6,5.5,0,0.0795049,-0.00657369,0
15.6,5.6,0,0.0807786,-0.00831437,0
15.6,5.7,0,0.0847618,-0.00990211,0
15.6,5.8,0,0.0913394,-0.0113035,0
15.6,5.9,0,0.100317,-0.0124921,0
15.6,6,0,0.118329,-0.0139291,0
15.6,6.1,0,0.126996,-0.0148261,0
15.6,6.2,0,0.139499,-0.0151037,0
15.6,6.3,0,0.153453,-0.0150829,0
15.6,6.4,0,0.169205,-0.0152384,0
15.6,6.5,0,0.185418,-0.014964,0
15.6,6.6,0,0.201667,-0.0145617,0
15.6,6.7,0,0.217099,-0.0137444,0
15.6,6.8,0,0.231319,-0.0131269,0
15.6,6.9,0,0.244868,-0.0122673,0
15.6,7,0,0.256997,-0.0112,0
15.6,7.1,0,0.267549,-0.0104835,0
15.6,7.2,0,0.27638,-0.00954292,0
15.6,7.3,0,0.284516,-0.0085818,0
15.6,7.4,0,0.291038,-0.00784198,0
15.6,7.5,0,0.295983,-0.00708718,0
15.6,7.6,0,0.300673,-0.00629777,0
15.6,7.7,0,0.304044,-0.0056235,0
15.6,7.8,0,0.306573,-0.00513531,0
15.6,7.9,0,0.308663,-0.00453973,0
15.6,8,0,0.310426,-0.00394298,0
15.6,8.1,0,0.311523,-0.00363989,0
15.6,8.2,0,0.31227,-0.00319207,0
15.6,8.3,0,0.312986,-0.0027341,0
15.6,8.4,0,0.313406,-0.00243917,0
15.6,8.5,0,0.313566,-0.00213394,0
15.6,8.6,0,0.313708,-0.00178643,0
15.6,8.7,0,0.313852,-0.00144385,0
15.6,8.8,0,0.313736,-0.00126665,0
15.6,8.9,0,0.313624,-0.000984804,0
15.6,9,0,0.313583,-0.000658256,0
15.6,9.1,0,0.313374,-0.000531805,0
15.6,9.2,0,0.313152,-0.000296929,0
15.6,9.3,0,0.312958,-4.198e-05,0
15.6,9.4,0,0.312753,0.000141279,0
15.6,9.5,0,0.31247,0.000301689,0
15.6,9.6,0,0.312193,0.000499016,0
15.6,9.7,0,0.311975,0.000731201,0
15.6,9.8,0,0.311659,0.000822537,0
15.6,9.9,0,0.311347,0.000987684,0
15.6,10,0,0.311072,0.00119277,0
15.6,10.1,0,0.310757,0.0012719,0
15.6,10.2,0,0.310421,0.00140907,0
15.6,10.3,0,0.310095,0.00155995,0
15.6,10.4,0,0.309783,0.00168327,0
15.6,10.5,0,0.309433,0.001769,0
15.6,10.6,0,0.309079,0.00188147,0
15.6,10.7,0,0.308752,0.00203025,0
15.6,10.8,0,0.308396,0.00207186,0
15.6,10.9,0,0.308029,0.00216209,0
15.6,11,0,0.307677,0.00228036,0
15.6,11.1,0,0.307326,0.00232157,0
15.6,11.2,0,0.306954,0.00239093,0
15.6,11.3,0,0.306586,0.00246859,0
15.6,11.4,0,0.306239,0.00253892,0
15.6,11.5,0,0.30588,0.00256948,0
15.6,11.6,0,0.305517,0.00261946,0
15.6,11.7,0,0.305182,0.00270076,0
15.6,11.8,0,0.304855,0.00269671,0
15.6,11.9,0,0.304532,0.00272544,0
15.6,12,0,0.304235,0.00277307,0
15.6,12.1,0,0.30397,0.00276959,0
15.6,12.2,0,0.303742,0.00277315,0
15.6,12.3,0,0.303523,0.00278326,0
15.6,12.4,0,0.303378,0.00279443,0
15.6,12.5,0,0.303275,0.0027712,0
15.6,12.6,0,0.303194,0.00276837,0
15.6,12.7,0,0.303167,0.00280395,0
15.7,0,0,0.304746,0.00243765,0
15.7,0.1,0,0.304761,0.00248319,0
15.7,0.2,0,0.304839,0.00246327,0
15.7,0.3,0,0.304943,0.002465,0
15.7,0.4,0,0.305116,0.00249169,0
15.7,0.5,0,0.305357,0.00247459,0
15.7,0.6,0,0.305627,0.00254644,0
15.7,0.7,0,0.305984,0.00257618,0
15.7,0.8,0,0.306355,0.00263568,0
15.7,0.9,0,0.306778,0.00271932,0
15.7,1,0,0.307206,0.00276758,0
15.7,1.1,0,0.307672,0.00289742,0
15.7,1.2,0,0.308152,0.00298591,0
15.7,1.3,0,0.30863,0.00310368,0
15.7,1.4,0,0.309144,0.00324034,0
15.7,1.5,0,0.309603,0.00334575,0
15.7,1.6,0,0.31013,0.00352632,0
15.7,1.7,0,0.31062,0.00366592,0
15.7,1.8,0,0.311109,0.00383621,0
15.7,1.9,0,0.311632,0.00401954,0
15.7,2,0,0.312051,0.0041817,0
15.7,2.1,0,0.312578,0.00441036,0
15.7,2.2,0,0.313,0.00460284,0
15.7,2.3,0,0.313412,0.00483095,0
15.7,2.4,0,0.313836,0.00506588,0
15.7,2.5,0,0.314023,0.00529973,0
15.7,2.6,0,0.31435,0.00559036,0
15.7,2.7,0,0.314352,0.0058579,0
15.7,2.8,0,0.314242,0.0061716,0
15.7,2.9,0,0.31399,0.00648986,0
15.7,3,0,0.313072,0.00683922,0
15.7,3.1,0,0.312216,0.00723004,0
15.7,3.2,0,0.310373,0.00762437,0
15.7,3.3,0,0.308065,0.0080627,0
15.7,3.4,0,0.305109,0.00850316,0
15.7,3.5,0,0.300588,0.0089928,0
15.7,3.6,0,0.295793,0.0094488,0
15.7,3.7,0,0.288882,0.00992618,0
15.7,3.8,0,0.281025,0.0103497,0
15.7,3.9,0,0.271813,0.0107136,0
15.7,4,0,0.260525,0.0110819,0
15.7,4.1,0,0.248692,0.011118,0
15.7,4.2,0,0.234615,0.0111887,0
15.7,4.3,0,0.220003,0.0109438,0
15.7,4.4,0,0.204376,0.0104509,0
15.7,4.5,0,0.188232,0.0100769,0
15.7,4.6,0,0.172229,0.0087712,0
15.7,4.7,0,0.156154,0.00779117,0
15.7,4.8,0,0.140991,0.00634533,0
15.7,4.9,0,0.127635,0.00468414,0
15.7,5,0,0.118463,0.00409269,0
15.7,5.1,0,0.102856,0.00160396,0
15.7,5.2,0,0.0937833,-0.000286967,0
15.7,5.3,0,0.0870402,-0.00220388,0
15.7,5.4,0,0.0828203,-0.00410134,0
15.7,5.5,0,0.0812503,-0.00593241,0
15.7,5.6,0,0.0823823,-0.00765357,0
15.7,5.7,0,0.0861893,-0.00922602,0
15.7,5.8,0,0.0925632,-0.0106167,0
15.7,5.9,0,0.101317,-0.0117997,0
15.7,6,0,0.118958,-0.0132385,0
15.7,6.1,0,0.126389,-0.0143348,0
15.7,6.2,0,0.137935,-0.014767,0
15.7,6.3,0,0.153431,-0.0144287,0
15.7,6.4,0,0.169184,-0.0145842,0
15.7,6.5,0,0.18509,-0.0146773,0
15.7,6.6,0,0.201046,-0.013989,0
15.7,6.7,0,0.216478,-0.0131717,0
15.7,6.8,0,0.231334,-0.0127836,0
15.7,6.9,0,0.244604,-0.0118832,0
15.7,7,0,0.256143,-0.0107296,0
15.7,7.1,0,0.267101,-0.0100731,0
15.7,7.2,0,0.276432,-0.0092066,0
15.7,7.3,0,0.283725,-0.00822058,0
15.7,7.4,0,0.290247,-0.00748076,0
15.7,7.5,0,0.295879,-0.0068219,0
15.7,7.6,0,0.300055,-0.00604042,0
15.7,7.7,0,0.303427,-0.00536614,0
15.7,7.8,0,0.306329,-0.00496962,0
15.7,7.9,0,0.308375,-0.00437388,0
15.7,8,0,0.309967,-0.00377652,0
15.7,8.1,0,0.311115,-0.00350373,0
15.7,8.2,0,0.311963,-0.00311686,0
15.7,8.3,0,0.312637,-0.00264456,0
15.7,8.4,0,0.313057,-0.00234963,0
15.7,8.5,0,0.313256,-0.00213293,0
15.7,8.6,0,0.313426,-0.00176187,0
15.7,8.7,0,0.313573,-0.00141666,0
15.7,8.8,0,0.313453,-0.00132075,0
15.7,8.9,0,0.313346,-0.00103605,0
15.7,9,0,0.31335,-0.000680495,0
15.7,9.1,0,0.313139,-0.000569692,0
15.7,9.2,0,0.312908,-0.00039147,0
15.7,9.3,0,0.31276,-0.000102687,0
15.7,9.4,0,0.312555,8.05726e-05,0
15.7,9.5,0,0.312263,0.000178755,0
15.7,9.6,0,0.312015,0.000402026,0
15.7,9.7,0,0.311805,0.000641376,0
15.7,9.8,0,0.311487,0.000684813,0
15.7,9.9,0,0.311175,0.000845249,0
15.7,10,0,0.310928,0.00108136,0
15.7,10.1,0,0.310614,0.001156,0
15.7,10.2,0,0.31028,0.00125309,0
15.7,10.3,0,0.309974,0.00143268,0
15.7,10.4,0,0.309662,0.00155601,0
15.7,10.5,0,0.309317,0.00160402,0
15.7,10.6,0,0.308974,0.00173403,0
15.7,10.7,0,0.308652,0.00189153,0
15.7,10.8,0,0.308302,0.00190769,0
15.7,10.9,0,0.307937,0.00199135,0
15.7,11,0,0.307597,0.00213354,0
15.7,11.1,0,0.307247,0.00217475,0
15.7,11.2,0,0.306882,0.00221673,0
15.7,11.3,0,0.306526,0.00231619,0
15.7,11.4,0,0.306178,0.00238652,0
15.7,11.5,0,0.305824,0.00239355,0
15.7,11.6,0,0.30547,0.00245447,0
15.7,11.7,0,0.305141,0.00254465,0
15.7,11.8,0,0.304812,0.00252699,0
15.7,11.9,0,0.304489,0.00254929,0
15.7,12,0,0.304215,0.00261482,0
15.7,12.1,0,0.30395,0.00261134,0
15.7,12.2,0,0.303706,0.00259721,0
15.7,12.3,0,0.303521,0.00262456,0
15.7,12.4,0,0.303377,0.00263573,0
15.7,12.5,0,0.30325,0.0025908,0
15.7,12.6,0,0.303182,0.00259756,0
15.7,12.7,0,0.303173,0.00264551,0
15.8,0,0,0.304749,0.00269744,0
15.8,0.1,0,0.304758,0.00274898,0
15.8,0.2,0,0.304833,0.00272496,0
15.8,0.3,0,0.304937,0.00272669,0
15.8,0.4,0,0.305085,0.00276036,0
15.8,0.5,0,0.305329,0.00273975,0
15.8,0.6,0,0.305589,0.00281566,0
15.8,0.7,0,0.305927,0.00284445,0
15.8,0.8,0,0.306298,0.00290396,0
15.8,0.9,0,0.306695,0.00299394,0
15.8,1,0,0.307121,0.00303945,0
15.8,1.1,0,0.307582,0.00317347,0
15.8,1.2,0,0.308039,0.00326265,0
15.8,1.3,0,0.308517,0.00338043,0
15.8,1.4,0,0.309012,0.00352581,0
15.8,1.5,0,0.309465,0.00362916,0
15.8,1.6,0,0.309992,0.00381431,0
15.8,1.7,0,0.310457,0.00395822,0
15.8,1.8,0,0.310946,0.00412851,0
15.8,1.9,0,0.311454,0.00432414,0
15.8,2,0,0.311862,0.00448567,0
15.8,2.1,0,0.312395,0.00471914,0
15.8,2.2,0,0.312782,0.00492196,0
15.8,2.3,0,0.313194,0.00515007,0
15.8,2.4,0,0.313606,0.00540242,0
15.8,2.5,0,0.313769,0.00563823,0
15.8,2.6,0,0.31412,0.00593345,0
15.8,2.7,0,0.314052,0.00622029,0
15.8,2.8,0,0.313942,0.00653399,0
15.8,2.9,0,0.3137,0.00687387,0
15.8,3,0,0.312717,0.00722889,0
15.8,3.1,0,0.311942,0.0076223,0
15.8,3.2,0,0.309964,0.00804129,0
15.8,3.3,0,0.307656,0.00847963,0
15.8,3.4,0,0.304823,0.00893452,0
15.8,3.5,0,0.300162,0.00943075,0
15.8,3.6,0,0.295562,0.00988564,0
15.8,3.7,0,0.288535,0.0103715,0
15.8,3.8,0,0.280678,0.010795,0
15.8,3.9,0,0.271868,0.0111502,0
15.8,4,0,0.260421,0.0115179,0
15.8,4.1,0,0.248834,0.0115491,0
15.8,4.2,0,0.234945,0.0116075,0
15.8,4.3,0,0.220333,0.0113627,0
15.8,4.4,0,0.20525,0.0108564,0
15.8,4.5,0,0.18912,0.0104926,0
15.8,4.6,0,0.17318,0.00916138,0
15.8,4.7,0,0.157578,0.00823782,0
15.8,4.8,0,0.142415,0.00679198,0
15.8,4.9,0,0.128988,0.00508098,0
15.8,5,0,0.120222,0.00458967,0
15.8,5.1,0,0.104736,0.00213957,0
15.8,5.2,0,0.0956996,0.000277143,0
15.8,5.3,0,0.0889452,-0.0016119,0
15.8,5.4,0,0.0846675,-0.00348327,0
15.8,5.5,0,0.0829957,-0.00529114,0
15.8,5.6,0,0.083986,-0.00699278,0
15.8,5.7,0,0.0876168,-0.00854992,0
15.8,5.8,0,0.0937869,-0.00992996,0
15.8,5.9,0,0.102317,-0.0111074,0
15.8,6,0,0.119586,-0.0125478,0
15.8,6.1,0,0.127017,-0.0136442,0
15.8,6.2,0,0.137338,-0.0142312,0
15.8,6.3,0,0.15341,-0.0137745,0
15.8,6.4,0,0.169162,-0.01393,0
15.8,6.5,0,0.184763,-0.0143906,0
15.8,6.6,0,0.200425,-0.0134163,0
15.8,6.7,0,0.215857,-0.012599,0
15.8,6.8,0,0.230877,-0.0122699,0
15.8,6.9,0,0.243751,-0.0114127,0
15.8,7,0,0.25529,-0.0102592,0
15.8,7.1,0,0.266247,-0.00960271,0
15.8,7.2,0,0.276054,-0.00885756,0
15.8,7.3,0,0.282934,-0.00785935,0
15.8,7.4,0,0.289457,-0.00711953,0
15.8,7.5,0,0.295741,-0.00655197,0
15.8,7.6,0,0.299437,-0.00578307,0
15.8,7.7,0,0.302809,-0.00510879,0
15.8,7.8,0,0.305764,-0.00472527,0
15.8,7.9,0,0.307916,-0.00420743,0
15.8,8,0,0.309507,-0.00361007,0
15.8,8.1,0,0.310655,-0.00333728,0
15.8,8.2,0,0.311639,-0.00303599,0
15.8,8.3,0,0.312288,-0.00255502,0
15.8,8.4,0,0.312707,-0.0022601,0
15.8,8.5,0,0.31294,-0.00211738,0
15.8,8.6,0,0.313147,-0.00173468,0
15.8,8.7,0,0.313294,-0.00138946,0
15.8,8.8,0,0.313174,-0.00129568,0
15.8,8.9,0,0.313113,-0.00105829,0
15.8,9,0,0.313118,-0.000702735,0
15.8,9.1,0,0.312906,-0.000591932,0
15.8,9.2,0,0.312676,-0.000476543,0
15.8,9.3,0,0.312562,-0.000163394,0
15.8,9.4,0,0.312357,1.98658e-05,0
15.8,9.5,0,0.312059,7.32359e-05,0
15.8,9.6,0,0.311846,0.000312202,0
15.8,9.7,0,0.311636,0.000551551,0
15.8,9.8,0,0.311317,0.000594989,0
15.8,9.9,0,0.31103,0.00073303,0
15.8,10,0,0.310784,0.000969955,0
15.8,10.1,0,0.31047,0.00104459,0
15.8,10.2,0,0.310141,0.00110183,0
15.8,10.3,0,0.309853,0.00130542,0
15.8,10.4,0,0.309541,0.00142874,0
15.8,10.5,0,0.3092,0.00145396,0
15.8,10.6,0,0.308874,0.0015953,0
15.8,10.7,0,0.308552,0.0017528,0
15.8,10.8,0,0.308203,0.00176897,0
15.8,10.9,0,0.307855,0.00184115,0
15.8,11,0,0.307517,0.00198673,0
15.8,11.1,0,0.307167,0.00202794,0
15.8,11.2,0,0.306811,0.00204359,0
15.8,11.3,0,0.306466,0.00216379,0
15.8,11.4,0,0.306118,0.00223413,0
15.8,11.5,0,0.305766,0.00222964,0
15.8,11.6,0,0.305429,0.00229837,0
15.8,11.7,0,0.3051,0.00238855,0
15.8,11.8,0,0.304772,0.00237089,0
15.8,11.9,0,0.304463,0.00238643,0
15.8,12,0,0.304195,0.00245657,0
15.8,12.1,0,0.30393,0.00245309,0
15.8,12.2,0,0.303671,0.00242128,0
15.8,12.3,0,0.303519,0.00246586,0
15.8,12.4,0,0.303375,0.00247704,0
15.8,12.5,0,0.303239,0.00242401,0
15.8,12.6,0,0.303188,0.00243911,0
15.8,12.7,0,0.303179,0.00248706,0
15.9,0,0,0.304752,0.00295722,0
15.9,0.1,0,0.304761,0.00300724,0
15.9,0.2,0,0.304827,0.00298665,0
15.9,0.3,0,0.304931,0.00298837,0
15.9,0.4,0,0.30506,0.00302417,0
15.9,0.5,0,0.3053,0.00300491,0
15.9,0.6,0,0.305561,0.00307997,0
15.9,0.7,0,0.30587,0.00311273,0
15.9,0.8,0,0.306241,0.00317224,0
15.9,0.9,0,0.306611,0.00326466,0
15.9,1,0,0.307035,0.00331131,0
15.9,1.1,0,0.307495,0.00344463,0
15.9,1.2,0,0.307926,0.0035394,0
15.9,1.3,0,0.308404,0.00365718,0
15.9,1.4,0,0.308874,0.00380797,0
15.9,1.5,0,0.309326,0.00391258,0
15.9,1.6,0,0.309851,0.0040973,0
15.9,1.7,0,0.310294,0.00425052,0
15.9,1.8,0,0.310782,0.00442082,0
15.9,1.9,0,0.311264,0.00462675,0
15.9,2,0,0.311672,0.00478963,0
15.9,2.1,0,0.312201,0.00502324,0
15.9,2.2,0,0.312564,0.00524108,0
15.9,2.3,0,0.312975,0.00546919,0
15.9,2.4,0,0.313349,0.00573955,0
15.9,2.5,0,0.313515,0.00597674,0
15.9,2.6,0,0.313854,0.00627304,0
15.9,2.7,0,0.313752,0.00658267,0
15.9,2.8,0,0.313642,0.00689637,0
15.9,2.9,0,0.313331,0.00726242,0
15.9,3,0,0.312361,0.00761856,0
15.9,3.1,0,0.311558,0.00801395,0
15.9,3.2,0,0.309555,0.00845821,0
15.9,3.3,0,0.307247,0.00889655,0
15.9,3.4,0,0.304359,0.00937224,0
15.9,3.5,0,0.299736,0.00986869,0
15.9,3.6,0,0.295088,0.0103246,0
15.9,3.7,0,0.288188,0.0108169,0
15.9,3.8,0,0.280331,0.0112404,0
15.9,3.9,0,0.271695,0.011587,0
15.9,4,0,0.260318,0.011954,0
15.9,4.1,0,0.248704,0.0119848,0
15.9,4.2,0,0.235276,0.0120263,0
15.9,4.3,0,0.220664,0.0117815,0
15.9,4.4,0,0.206087,0.0112754,0
15.9,4.5,0,0.190008,0.0109084,0
15.9,4.6,0,0.174104,0.00958753,0
15.9,4.7,0,0.159002,0.00868446,0
15.9,4.8,0,0.143839,0.00723862,0
15.9,4.9,0,0.130829,0.00560154,0
15.9,5,0,0.121981,0.00508665,0
15.9,5.1,0,0.106616,0.00267518,0
15.9,5.2,0,0.0976158,0.000841253,0
15.9,5.3,0,0.0908501,-0.00101991,0
15.9,5.4,0,0.0865146,-0.0028652,0
15.9,5.5,0,0.0847411,-0.00464987,0
15.9,5.6,0,0.0855897,-0.00633198,0
15.9,5.7,0,0.0890443,-0.00787382,0
15.9,5.8,0,0.0950106,-0.0092432,0
15.9,5.9,0,0.103317,-0.0104151,0
15.9,6,0,0.120214,-0.0118572,0
15.9,6.1,0,0.127645,-0.0129535,0
15.9,6.2,0,0.137587,-0.0135334,0
15.9,6.3,0,0.153388,-0.0131203,0
15.9,6.4,0,0.169141,-0.0132758,0
15.9,6.5,0,0.184481,-0.0135273,0
15.9,6.6,0,0.199804,-0.0128436,0
15.9,6.7,0,0.215237,-0.0120263,0
15.9,6.8,0,0.23025,-0.0116963,0
15.9,6.9,0,0.242897,-0.0109423,0
15.9,7,0,0.254436,-0.00978879,0
15.9,7.1,0,0.265394,-0.00913229,0
15.9,7.2,0,0.275047,-0.00846431,0
15.9,7.3,0,0.282143,-0.00749813,0
15.9,7.4,0,0.288666,-0.00675831,0
15.9,7.5,0,0.29459,-0.00619631,0
15.9,7.6,0,0.298819,-0.00552571,0
15.9,7.7,0,0.302191,-0.00485144,0
15.9,7.8,0,0.305146,-0.00446791,0
15.9,7.9,0,0.307456,-0.00404097,0
15.9,8,0,0.309048,-0.00344362,0
15.9,8.1,0,0.310196,-0.00317083,0
15.9,8.2,0,0.311235,-0.0029141,0
15.9,8.3,0,0.311938,-0.00246548,0
15.9,8.4,0,0.312358,-0.00217056,0
15.9,8.5,0,0.312609,-0.00201251,0
15.9,8.6,0,0.312868,-0.00170749,0
15.9,8.7,0,0.313015,-0.00136227,0
15.9,8.8,0,0.312895,-0.00126849,0
15.9,8.9,0,0.312881,-0.00108053,0
15.9,9,0,0.312885,-0.000724975,0
15.9,9.1,0,0.312673,-0.000614172,0
15.9,9.2,0,0.312484,-0.000503257,0
15.9,9.3,0,0.312364,-0.0002241,0
15.9,9.4,0,0.312159,-4.0841e-05,0
15.9,9.5,0,0.311878,2.80952e-05,0
15.9,9.6,0,0.311677,0.000222377,0
15.9,9.7,0,0.311467,0.000461727,0
15.9,9.8,0,0.311148,0.000505164,0
15.9,9.9,0,0.310886,0.000621622,0
15.9,10,0,0.31064,0.000858547,0
15.9,10.1,0,0.310326,0.000933183,0
15.9,10.2,0,0.310019,0.00100067,0
15.9,10.3,0,0.309732,0.00117815,0
15.9,10.4,0,0.30942,0.00130148,0
15.9,10.5,0,0.309084,0.00133601,0
15.9,10.6,0,0.308774,0.00145658,0
15.9,10.7,0,0.308453,0.00161408,0
15.9,10.8,0,0.308103,0.00163025,0
15.9,10.9,0,0.307776,0.00169433,0
15.9,11,0,0.307438,0.00183991,0
15.9,11.1,0,0.307087,0.00188112,0
15.9,11.2,0,0.306745,0.0019104,0
15.9,11.3,0,0.306405,0.0020114,0
15.9,11.4,0,0.306058,0.00208173,0
15.9,11.5,0,0.30571,0.00208198,0
15.9,11.6,0,0.305388,0.00214226,0
15.9,11.7,0,0.30506,0.00223244,0
15.9,11.8,0,0.304731,0.00221478,0
15.9,11.9,0,0.304443,0.00222832,0
15.9,12,0,0.304174,0.00229832,0
15.9,12.1,0,0.30391,0.00229483,0
15.9,12.2,0,0.303679,0.00227587,0
15.9,12.3,0,0.303518,0.00230717,0
15.9,12.4,0,0.303373,0.00231834,0
15.9,12.5,0,0.303241,0.00226802,0
15.9,12.6,0,0.303194,0.00228067,0
15.9,12.7,0,0.303186,0.00232862,0
16,0,0,0.304755,0.003217,0
16,0.1,0,0.304774,0.00325177,0
16,0.2,0,0.304821,0.00324833,0
16,0.3,0,0.304925,0.00325006,0
16,0.4,0,0.305064,0.00327583,0
16,0.5,0,0.305272,0.00327007,0
16,0.6,0,0.305534,0.00333664,0
16,0.7,0,0.305813,0.003381,0
16,0.8,0,0.306184,0.00344051,0
16,0.9,0,0.306547,0.00352507,0
16,1,0,0.306948,0.00358318,0
16,1.1,0,0.307393,0.00370942,0
16,1.2,0,0.307813,0.00381615,0
16,1.3,0,0.308291,0.00393392,0
16,1.4,0,0.30874,0.00407883,0
16,1.5,0,0.309188,0.00419599,0
16,1.6,0,0.309686,0.00437653,0
16,1.7,0,0.31013,0.00454283,0
16,1.8,0,0.310619,0.00471312,0
16,1.9,0,0.311067,0.00491724,0
16,2,0,0.311483,0.0050936,0
16,2.1,0,0.311965,0.0053286,0
16,2.2,0,0.312345,0.0055602,0
16,2.3,0,0.312757,0.00578831,0
16,2.4,0,0.31306,0.00606428,0
16,2.5,0,0.313261,0.00631524,0
16,2.6,0,0.313486,0.00662232,0
16,2.7,0,0.313452,0.00694506,0
16,2.8,0,0.313342,0.00725876,0
16,2.9,0,0.312845,0.00764097,0
16,3,0,0.312005,0.00800823,0
16,3.1,0,0.310915,0.00842348,0
16,3.2,0,0.309146,0.00887514,0
16,3.3,0,0.306838,0.00931347,0
16,3.4,0,0.303549,0.009808,0
16,3.5,0,0.29931,0.0103066,0
16,3.6,0,0.294182,0.0107732,0
16,3.7,0,0.287841,0.0112623,0
16,3.8,0,0.279984,0.0116857,0
16,3.9,0,0.270897,0.0120306,0
16,4,0,0.260215,0.01239,0
16,4.1,0,0.248334,0.0124176,0
16,4.2,0,0.235607,0.0124452,0
16,4.3,0,0.220995,0.0122003,0
16,4.4,0,0.206456,0.0117234,0
16,4.5,0,0.190896,0.0113242,0
16,4.6,0,0.175347,0.0101072,0
16,4.7,0,0.160426,0.00913111,0
16,4.8,0,0.145263,0.00768527,0
16,4.9,0,0.133414,0.0063343,0
16,5,0,0.12374,0.00558363,0
16,5.1,0,0.108496,0.00321078,0
16,5.2,0,0.0995321,0.00140536,0
16,5.3,0,0.0927551,-0.000427929,0
16,5.4,0,0.0883618,-0.00224713,0
16,5.5,0,0.0864865,-0.0040086,0
16,5.6,0,0.0871933,-0.00567119,0
16,5.7,0,0.0904719,-0.00719772,0
16,5.8,0,0.0962344,-0.00855643,0
16,5.9,0,0.104317,-0.00972272,0
16,6,0,0.120842,-0.0111665,0
16,6.1,0,0.128757,-0.0121634,0
16,6.2,0,0.139757,-0.0125253,0
16,6.3,0,0.153367,-0.0124661,0
16,6.4,0,0.169119,-0.0126216,0
16,6.5,0,0.184166,-0.0125872,0
16,6.6,0,0.199184,-0.012271,0
16,6.7,0,0.214616,-0.0114537,0
16,6.8,0,0.22876,-0.0109965,0
16,6.9,0,0.24177,-0.0103735,0
16,7,0,0.253582,-0.00931838,0
16,7.1,0,0.264373,-0.00865695,0
16,7.2,0,0.27335,-0.00796898,0
16,7.3,0,0.281352,-0.00713691,0
16,7.4,0,0.287875,-0.00639709,0
16,7.5,0,0.293286,-0.00584301,0
16,7.6,0,0.298202,-0.00526836,0
16,7.7,0,0.301573,-0.00459408,0
16,7.8,0,0.304336,-0.00420988,0
16,7.9,0,0.306793,-0.00382458,0
16,8,0,0.308588,-0.00327716,0
16,8.1,0,0.309733,-0.0030032,0
16,8.2,0,0.310734,-0.00273332,0
16,8.3,0,0.311589,-0.00237595,0
16,8.4,0,0.312009,-0.00208102,0
16,8.5,0,0.31229,-0.00189679,0
16,8.6,0,0.312589,-0.0016803,0
16,8.7,0,0.312736,-0.00133508,0
16,8.8,0,0.312655,-0.00121657,0
16,8.9,0,0.312651,-0.00104908,0
16,9,0,0.312653,-0.000747215,0
16,9.1,0,0.312441,-0.000636411,0
16,9.2,0,0.312298,-0.000491663,0
16,9.3,0,0.312166,-0.000284807,0
16,9.4,0,0.311961,-0.000101548,0
16,9.5,0,0.311718,4.97316e-07,0
16,9.6,0,0.311507,0.000132552,0
16,9.7,0,0.311297,0.000371902,0
16,9.8,0,0.310997,0.000435831,0
16,9.9,0,0.310744,0.000551046,0
16,10,0,0.310496,0.000747139,0
16,10.1,0,0.310182,0.000821774,0
16,10.2,0,0.309896,0.000917974,0
16,10.3,0,0.309611,0.00105089,0
16,10.4,0,0.309299,0.00117421,0
16,10.5,0,0.308979,0.001235,0
16,10.6,0,0.308674,0.00132096,0
16,10.7,0,0.308353,0.00147536,0
16,10.8,0,0.30801,0.00150456,0
16,10.9,0,0.307689,0.00157607,0
16,11,0,0.307358,0.0016931,0
16,11.1,0,0.307007,0.0017343,0
16,11.2,0,0.306677,0.00178538,0
16,11.3,0,0.306345,0.001859,0
16,11.4,0,0.305997,0.00192933,0
16,11.5,0,0.305664,0.00194941,0
16,11.6,0,0.305347,0.00199081,0
16,11.7,0,0.305019,0.00207633,0
16,11.8,0,0.304701,0.00206636,0
16,11.9,0,0.304426,0.00209012,0
16,12,0,0.304154,0.00214006,0
16,12.1,0,0.30389,0.00213658,0
16,12.2,0,0.303693,0.00213486,0
16,12.3,0,0.303516,0.00214847,0
16,12.4,0,0.303371,0.00215964,0
16,12.5,0,0.303271,0.00213127,0
16,12.6,0,0.303208,0.00212902,0
16,12.7,0,0.303192,0.00217017,0
16.1,0,0,0.304758,0.00347679,0
16.1,0.1,0,0.304787,0.00349631,0
16.1,0.2,0,0.304826,0.00350058,0
16.1,0.3,0,0.304925,0.00350623,0
16.1,0.4,0,0.305068,0.00352748,0
16.1,0.5,0,0.305244,0.00353523,0
16.1,0.6,0,0.305508,0.00359331,0
16.1,0.7,0,0.305773,0.0036429,0
16.1,0.8,0,0.306123,0.00370446,0
16.1,0.9,0,0.306482,0.00378548,0
16.1,1,0,0.306863,0.00385504,0
16.1,1.1,0,0.307292,0.00397422,0
16.1,1.2,0,0.307706,0.00408632,0
16.1,1.3,0,0.308166,0.00420744,0
16.1,1.4,0,0.308605,0.0043497,0
16.1,1.5,0,0.309049,0.00447941,0
16.1,1.6,0,0.309521,0.00465577,0
16.1,1.7,0,0.309966,0.00482794,0
16.1,1.8,0,0.310437,0.00500442,0
16.1,1.9,0,0.31087,0.00520773,0
16.1,2,0,0.311294,0.00539756,0
16.1,2.1,0,0.311729,0.00563396,0
16.1,2.2,0,0.312117,0.00587175,0
16.1,2.3,0,0.3125,0.00611052,0
16.1,2.4,0,0.31277,0.00638902,0
16.1,2.5,0,0.313006,0.00665375,0
16.1,2.6,0,0.313117,0.00697161,0
16.1,2.7,0,0.313114,0.00730024,0
16.1,2.8,0,0.31294,0.00763004,0
16.1,2.9,0,0.31236,0.00801953,0
16.1,3,0,0.31165,0.0083979,0
16.1,3.1,0,0.310273,0.00883301,0
16.1,3.2,0,0.308609,0.00928799,0
16.1,3.3,0,0.306209,0.00974076,0
16.1,3.4,0,0.302738,0.0102438,0
16.1,3.5,0,0.298884,0.0107446,0
16.1,3.6,0,0.293275,0.0112217,0
16.1,3.7,0,0.287186,0.0117094,0
16.1,3.8,0,0.279389,0.0121301,0
16.1,3.9,0,0.270098,0.0124742,0
16.1,4,0,0.260111,0.012826,0
16.1,4.1,0,0.247965,0.0128504,0
16.1,4.2,0,0.235553,0.0128717,0
16.1,4.3,0,0.221347,0.0126352,0
16.1,4.4,0,0.206825,0.0121714,0
16.1,4.5,0,0.191784,0.0117399,0
16.1,4.6,0,0.17659,0.0106269,0
16.1,4.7,0,0.161751,0.00961794,0
16.1,4.8,0,0.147326,0.00828927,0
16.1,4.9,0,0.135999,0.00706705,0
16.1,5,0,0.125499,0.00608061,0
16.1,5.1,0,0.110376,0.00374639,0
16.1,5.2,0,0.101448,0.00196947,0
16.1,5.3,0,0.0946601,0.000164054,0
16.1,5.4,0,0.090209,-0.00162907,0
16.1,5.5,0,0.0882319,-0.00336732,0
16.1,5.6,0,0.088797,-0.00501039,0
16.1,5.7,0,0.0918994,-0.00652162,0
16.1,5.8,0,0.0974581,-0.00786967,0
16.1,5.9,0,0.105317,-0.00903038,0
16.1,6,0,0.12147,-0.0104759,0
16.1,6.1,0,0.130928,-0.0111553,0
16.1,6.2,0,0.141928,-0.0115172,0
16.1,6.3,0,0.153346,-0.0118119,0
16.1,6.4,0,0.16895,-0.0118233,0
16.1,6.5,0,0.183851,-0.011647,0
16.1,6.6,0,0.198752,-0.0114706,0
16.1,6.7,0,0.213995,-0.010881,0
16.1,6.8,0,0.227271,-0.0102968,0
16.1,6.9,0,0.240281,-0.00967378,0
16.1,7,0,0.252729,-0.00884796,0
16.1,7.1,0,0.262677,-0.00816162,0
16.1,7.2,0,0.271653,-0.00747366,0
16.1,7.3,0,0.280562,-0.00677569,0
16.1,7.4,0,0.286885,-0.00603894,0
16.1,7.5,0,0.291982,-0.00548971,0
16.1,7.6,0,0.297079,-0.00494048,0
16.1,7.7,0,0.300955,-0.00433673,0
16.1,7.8,0,0.303503,-0.00395176,0
16.1,7.9,0,0.30596,-0.00356646,0
16.1,8,0,0.308129,-0.00311071,0
16.1,8.1,0,0.309231,-0.00282241,0
16.1,8.2,0,0.310232,-0.00255254,0
16.1,8.3,0,0.311233,-0.00228266,0
16.1,8.4,0,0.311668,-0.00198435,0
16.1,8.5,0,0.311972,-0.00178107,0
16.1,8.6,0,0.312276,-0.00157779,0
16.1,8.7,0,0.312457,-0.00130789,0
16.1,8.8,0,0.312426,-0.00115752,0
16.1,8.9,0,0.312422,-0.000990028,0
16.1,9,0,0.31242,-0.000769455,0
16.1,9.1,0,0.312253,-0.000625953,0
16.1,9.2,0,0.312112,-0.000480068,0
16.1,9.3,0,0.31197,-0.000334183,0
16.1,9.4,0,0.311768,-0.000157066,0
16.1,9.5,0,0.311557,-2.71006e-05,0
16.1,9.6,0,0.311346,0.000102865,0
16.1,9.7,0,0.311128,0.000282078,0
16.1,9.8,0,0.310856,0.000377033,0
16.1,9.9,0,0.310603,0.000492248,0
16.1,10,0,0.310352,0.000635731,0
16.1,10.1,0,0.310055,0.000734792,0
16.1,10.2,0,0.309772,0.000835277,0
16.1,10.3,0,0.309489,0.000935762,0
16.1,10.4,0,0.309179,0.00104802,0
16.1,10.5,0,0.308873,0.00113399,0
16.1,10.6,0,0.308568,0.00121995,0
16.1,10.7,0,0.308253,0.00133664,0
16.1,10.8,0,0.307923,0.00138976,0
16.1,10.9,0,0.307602,0.00146127,0
16.1,11,0,0.307278,0.00154628,0
16.1,11.1,0,0.306936,0.00160351,0
16.1,11.2,0,0.306609,0.00166037,0
16.1,11.3,0,0.306282,0.00171723,0
16.1,11.4,0,0.305937,0.00177693,0
16.1,11.5,0,0.305619,0.00181685,0
16.1,11.6,0,0.305302,0.00185825,0
16.1,11.7,0,0.304979,0.00192023,0
16.1,11.8,0,0.304683,0.00192816,0
16.1,11.9,0,0.304408,0.00195192,0
16.1,12,0,0.304134,0.00198181,0
16.1,12.1,0,0.303891,0.001989,0
16.1,12.2,0,0.303706,0.00199384,0
16.1,12.3,0,0.303522,0.00199868,0
16.1,12.4,0,0.30337,0.00200095,0
16.1,12.5,0,0.303301,0.00199452,0
16.1,12.6,0,0.303237,0.00199227,0
16.1,12.7,0,0.303198,0.00201173,0
16.2,0,0,0.304761,0.00373657,0
16.2,0.1,0,0.3048,0.00374085,0
16.2,0.2,0,0.304839,0.00374512,0
16.2,0.3,0,0.30493,0.00375788,0
16.2,0.4,0,0.305073,0.00377914,0
16.2,0.5,0,0.305216,0.00380039,0
16.2,0.6,0,0.305481,0.00384998,0
16.2,0.7,0,0.305747,0.00389957,0
16.2,0.8,0,0.306059,0.00396487,0
16.2,0.9,0,0.306418,0.00404589,0
16.2,1,0,0.306777,0.00412691,0
16.2,1.1,0,0.307191,0.00423901,0
16.2,1.2,0,0.307605,0.00435112,0
16.2,1.3,0,0.308031,0.0044783,0
16.2,1.4,0,0.308471,0.00462056,0
16.2,1.5,0,0.30891,0.00476282,0
16.2,1.6,0,0.309355,0.004935,0
16.2,1.7,0,0.3098,0.00510717,0
16.2,1.8,0,0.310239,0.00529491,0
16.2,1.9,0,0.310672,0.00549822,0
16.2,2,0,0.311105,0.00570153,0
16.2,2.1,0,0.311493,0.00593932,0
16.2,2.2,0,0.311881,0.00617711,0
16.2,2.3,0,0.31221,0.00643526,0
16.2,2.4,0,0.312481,0.00671376,0
16.2,2.5,0,0.312752,0.00699226,0
16.2,2.6,0,0.312749,0.00732089,0
16.2,2.7,0,0.312745,0.00764953,0
16.2,2.8,0,0.312454,0.00800859,0
16.2,2.9,0,0.311874,0.00839808,0
16.2,3,0,0.311294,0.00878757,0
16.2,3.1,0,0.30963,0.00924255,0
16.2,3.2,0,0.307966,0.00969753,0
16.2,3.3,0,0.305399,0.0101765,0
16.2,3.4,0,0.301928,0.0106795,0
16.2,3.5,0,0.298458,0.0111825,0
16.2,3.6,0,0.292369,0.0116702,0
16.2,3.7,0,0.28628,0.0121579,0
16.2,3.8,0,0.27859,0.0125738,0
16.2,3.9,0,0.269299,0.0129179,0
16.2,4,0,0.260008,0.013262,0
16.2,4.1,0,0.247596,0.0132833,0
16.2,4.2,0,0.235183,0.0133045,0
16.2,4.3,0,0.221716,0.0130833,0
16.2,4.4,0,0.207194,0.0126195,0
16.2,4.5,0,0.192672,0.0121557,0
16.2,4.6,0,0.177833,0.0111467,0
16.2,4.7,0,0.162994,0.0101376,0
16.2,4.8,0,0.149911,0.00902203,0
16.2,4.9,0,0.138584,0.00779981,0
16.2,5,0,0.127257,0.00657759,0
16.2,5.1,0,0.112257,0.004282,0
16.2,5.2,0,0.103365,0.00253358,0
16.2,5.3,0,0.0965651,0.000756038,0
16.2,5.4,0,0.0920562,-0.001011,0
16.2,5.5,0,0.0899773,-0.00272605,0
16.2,5.6,0,0.0904007,-0.0043496,0
16.2,5.7,0,0.0933269,-0.00584552,0
16.2,5.8,0,0.0986818,-0.0071829,0
16.2,5.9,0,0.106317,-0.00833805,0
16.2,6,0,0.122098,-0.0097852,0
16.2,6.1,0,0.133099,-0.0101472,0
16.2,6.2,0,0.144099,-0.0105091,0
16.2,6.3,0,0.155099,-0.0108711,0
16.2,6.4,0,0.168635,-0.0108832,0
16.2,6.5,0,0.183536,-0.0107068,0
16.2,6.6,0,0.198437,-0.0105305,0
16.2,6.7,0,0.212771,-0.0102201,0
16.2,6.8,0,0.225781,-0.00959707,0
16.2,6.9,0,0.238791,-0.00897404,0
16.2,7,0,0.251801,-0.00835101,0
16.2,7.1,0,0.26098,-0.0076663,0
16.2,7.2,0,0.269956,-0.00697833,0
16.2,7.3,0,0.278932,-0.00629037,0
16.2,7.4,0,0.285581,-0.00568564,0
16.2,7.5,0,0.290678,-0.00513641,0
16.2,7.6,0,0.295776,-0.00458718,0
16.2,7.7,0,0.300213,-0.00407893,0
16.2,7.8,0,0.302669,-0.00369364,0
16.2,7.9,0,0.305126,-0.00330834,0
16.2,8,0,0.307583,-0.00292305,0
16.2,8.1,0,0.30873,-0.00264163,0
16.2,8.2,0,0.309731,-0.00237176,0
16.2,8.3,0,0.310732,-0.00210188,0
16.2,8.4,0,0.31135,-0.00186863,0
16.2,8.5,0,0.311654,-0.00166535,0
16.2,8.6,0,0.311958,-0.00146207,0
16.2,8.7,0,0.312201,-0.00126595,0
16.2,8.8,0,0.312197,-0.00109846,0
16.2,8.9,0,0.312193,-0.000930974,0
16.2,9,0,0.312189,-0.000763485,0
16.2,9.1,0,0.312068,-0.000614359,0
16.2,9.2,0,0.311926,-0.000468474,0
16.2,9.3,0,0.311784,-0.000322589,0
16.2,9.4,0,0.311608,-0.000184664,0
16.2,9.5,0,0.311397,-5.46985e-05,0
16.2,9.6,0,0.311186,7.52668e-05,0
16.2,9.7,0,0.310969,0.00020302,0
16.2,9.8,0,0.310715,0.000318235,0
16.2,9.9,0,0.310462,0.00043345,0
16.2,10,0,0.310209,0.000548665,0
16.2,10.1,0,0.309932,0.000652095,0
16.2,10.2,0,0.309649,0.00075258,0
16.2,10.3,0,0.309366,0.000853065,0
16.2,10.4,0,0.309073,0.000947015,0
16.2,10.5,0,0.308768,0.00103298,0
16.2,10.6,0,0.308463,0.00111894,0
16.2,10.7,0,0.308156,0.00120346,0
16.2,10.8,0,0.307835,0.00127496,0
16.2,10.9,0,0.307515,0.00134647,0
16.2,11,0,0.307194,0.00141798,0
16.2,11.1,0,0.306868,0.0014785,0
16.2,11.2,0,0.306541,0.00153536,0
16.2,11.3,0,0.306214,0.00159221,0
16.2,11.4,0,0.305891,0.00164288,0
16.2,11.5,0,0.305573,0.00168428,0
16.2,11.6,0,0.305256,0.00172568,0
16.2,11.7,0,0.304941,0.0017662,0
16.2,11.8,0,0.304666,0.00178996,0
16.2,11.9,0,0.304391,0.00181371,0
16.2,12,0,0.304116,0.00183747,0
16.2,12.1,0,0.303905,0.00184799,0
16.2,12.2,0,0.30372,0.00185283,0
16.2,12.3,0,0.303535,0.00185766,0
16.2,12.4,0,0.303393,0.00186002,0
16.2,12.5,0,0.30333,0.00185777,0
16.2,12.6,0,0.303267,0.00185553,0
16.2,12.7,0,0.303204,0.00185328,0
16.3,0,0,0.304748,0.00392071,0
16.3,0.1,0,0.304788,0.00398262,0
16.3,0.2,0,0.304826,0.0039869,0
16.3,0.3,0,0.304892,0.00400134,0
16.3,0.4,0,0.305035,0.0040226,0
16.3,0.5,0,0.305174,0.00398846,0
16.3,0.6,0,0.305418,0.00409656,0
16.3,0.7,0,0.305683,0.00414615,0
16.3,0.8,0,0.30597,0.00421509,0
16.3,0.9,0,0.306329,0.00429611,0
16.3,1,0,0.306672,0.00431723,0
16.3,1.1,0,0.307077,0.00449395,0
16.3,1.2,0,0.307491,0.00460605,0
16.3,1.3,0,0.307893,0.00473956,0
16.3,1.4,0,0.308332,0.00488183,0
16.3,1.5,0,0.308739,0.00495669,0
16.3,1.6,0,0.309191,0.00520453,0
16.3,1.7,0,0.309636,0.0053767,0
16.3,1.8,0,0.310049,0.00557501,0
16.3,1.9,0,0.310482,0.00577832,0
16.3,2,0,0.31086,0.00590524,0
16.3,2.1,0,0.311278,0.00623281,0
16.3,2.2,0,0.311666,0.0064706,0
16.3,2.3,0,0.311975,0.00674559,0
16.3,2.4,0,0.312246,0.00702409,0
16.3,2.5,0,0.312411,0.00721786,0
16.3,2.6,0,0.312503,0.00765223,0
16.3,2.7,0,0.3125,0.00798087,0
16.3,2.8,0,0.312217,0.00836582,0
16.3,2.9,0,0.311637,0.00875531,0
16.3,3,0,0.31082,0.00905214,0
16.3,3.1,0,0.309438,0.00963114,0
16.3,3.2,0,0.307774,0.0100861,0
16.3,3.3,0,0.305304,0.0106022,0
16.3,3.4,0,0.301833,0.0111052,0
16.3,3.5,0,0.297913,0.0114982,0
16.3,3.6,0,0.292437,0.0121387,0
16.3,3.7,0,0.286348,0.0126263,0
16.3,3.8,0,0.278883,0.0130901,0
16.3,3.9,0,0.269592,0.0134342,0
16.3,4,0,0.25978,0.0136378,0
16.3,4.1,0,0.248149,0.0138516,0
16.3,4.2,0,0.235736,0.0138729,0
16.3,4.3,0,0.222524,0.0137087,0
16.3,4.4,0,0.208002,0.0132449,0
16.3,4.5,0,0.193304,0.012664,0
16.3,4.6,0,0.178842,0.0118407,0
16.3,4.7,0,0.164003,0.0108317,0
16.3,4.8,0,0.150465,0.00971799,0
16.3,4.9,0,0.139138,0.00849577,0
16.3,5,0,0.128667,0.00732141,0
16.3,5.1,0,0.113807,0.00509953,0
16.3,5.2,0,0.104979,0.00339998,0
16.3,5.3,0,0.0982082,0.00166584,0
16.3,5.4,0,0.0936915,-6.46594e-05,0
16.3,5.5,0,0.0915688,-0.00175141,0
16.3,5.6,0,0.0919135,-0.0033559,0
16.3,5.7,0,0.0947289,-0.00484255,0
16.3,5.8,0,0.0999451,-0.00618054,0
16.3,5.9,0,0.107419,-0.00734605,0
16.3,6,0,0.122919,-0.00882751,0
16.3,6.1,0,0.131836,-0.00931453,0
16.3,6.2,0,0.142837,-0.00967649,0
16.3,6.3,0,0.154132,-0.0100348,0
16.3,6.4,0,0.168381,-0.0102329,0
16.3,6.5,0,0.183282,-0.0100565,0
16.3,6.6,0,0.198183,-0.00988019,0
16.3,6.7,0,0.212752,-0.00959149,0
16.3,6.8,0,0.225866,-0.00899358,0
16.3,6.9,0,0.238876,-0.00837055,0
16.3,7,0,0.251374,-0.00782134,0
16.3,7.1,0,0.261196,-0.00713087,0
16.3,7.2,0,0.270172,-0.0064429,0
16.3,7.3,0,0.279098,-0.00576655,0
16.3,7.4,0,0.285718,-0.00525251,0
16.3,7.5,0,0.290815,-0.00470328,0
16.3,7.6,0,0.295912,-0.00415405,0
16.3,7.7,0,0.300076,-0.00378086,0
16.3,7.8,0,0.302678,-0.00337362,0
16.3,7.9,0,0.305135,-0.00298833,0
16.3,8,0,0.307416,-0.0027116,0
16.3,8.1,0,0.308645,-0.00242296,0
16.3,8.2,0,0.309646,-0.00215309,0
16.3,8.3,0,0.310647,-0.00188321,0
16.3,8.4,0,0.311217,-0.00173323,0
16.3,8.5,0,0.311521,-0.00152995,0
16.3,8.6,0,0.311826,-0.00132667,0
16.3,8.7,0,0.312071,-0.0012061,0
16.3,8.8,0,0.312048,-0.00102815,0
16.3,8.9,0,0.312044,-0.000860665,0
16.3,9,0,0.312072,-0.0007349,0
16.3,9.1,0,0.31192,-0.000595342,0
16.3,9.2,0,0.311778,-0.000449457,0
16.3,9.3,0,0.311637,-0.000303572,0
16.3,9.4,0,0.311469,-0.000205921,0
16.3,9.5,0,0.311258,-7.59561e-05,0
16.3,9.6,0,0.311047,5.40092e-05,0
16.3,9.7,0,0.310868,0.000148993,0
16.3,9.8,0,0.310589,0.000265848,0
16.3,9.9,0,0.310336,0.000381063,0
16.3,10,0,0.310107,0.000483979,0
16.3,10.1,0,0.30982,0.000575721,0
16.3,10.2,0,0.309537,0.000676206,0
16.3,10.3,0,0.309254,0.000776691,0
16.3,10.4,0,0.308976,0.000852238,0
16.3,10.5,0,0.308671,0.0009382,0
16.3,10.6,0,0.308366,0.00102416,0
16.3,10.7,0,0.308088,0.00109974,0
16.3,10.8,0,0.307753,0.00116643,0
16.3,10.9,0,0.307433,0.00123794,0
16.3,11,0,0.307124,0.0013085,0
16.3,11.1,0,0.306801,0.00135989,0
16.3,11.2,0,0.306474,0.00141675,0
16.3,11.3,0,0.306146,0.0014736,0
16.3,11.4,0,0.305837,0.00151792,0
16.3,11.5,0,0.305519,0.00155867,0
16.3,11.6,0,0.305202,0.00160007,0
16.3,11.7,0,0.304911,0.00164383,0
16.3,11.8,0,0.304621,0.00166004,0
16.3,11.9,0,0.304346,0.0016838,0
16.3,12,0,0.304081,0.00170934,0
16.3,12.1,0,0.303867,0.00171504,0
16.3,12.2,0,0.303683,0.00171988,0
16.3,12.3,0,0.303498,0.00172471,0
16.3,12.4,0,0.303373,0.00172388,0
16.3,12.5,0,0.303305,0.00171908,0
16.3,12.6,0,0.303242,0.00171684,0
16.3,12.7,0,0.303211,0.00172778,0
16.4,0,0,0.304736,0.00410486,0
16.4,0.1,0,0.304775,0.0042244,0
16.4,0.2,0,0.30481,0.00420341,0
16.4,0.3,0,0.304862,0.00421878,0
16.4,0.4,0,0.304997,0.00426606,0
16.4,0.5,0,0.305132,0.00417652,0
16.4,0.6,0,0.305355,0.00434315,0
16.4,0.7,0,0.305616,0.00436702,0
16.4,0.8,0,0.30589,0.00443796,0
16.4,0.9,0,0.306241,0.00454632,0
16.4,1,0,0.306567,0.00450755,0
16.4,1.1,0,0.306964,0.00474888,0
16.4,1.2,0,0.307367,0.00483248,0
16.4,1.3,0,0.307754,0.00496948,0
16.4,1.4,0,0.308193,0.00514309,0
16.4,1.5,0,0.308568,0.00515055,0
16.4,1.6,0,0.309026,0.00547406,0
16.4,1.7,0,0.309453,0.0056139,0
16.4,1.8,0,0.309852,0.00581803,0
16.4,1.9,0,0.310292,0.00605842,0
16.4,2,0,0.310616,0.00610894,0
16.4,2.1,0,0.311063,0.00652631,0
16.4,2.2,0,0.311418,0.00672776,0
16.4,2.3,0,0.311716,0.007012,0
16.4,2.4,0,0.312011,0.00733443,0
16.4,2.5,0,0.31207,0.00744346,0
16.4,2.6,0,0.312257,0.00798358,0
16.4,2.7,0,0.312183,0.00827242,0
16.4,2.8,0,0.311905,0.00867161,0
16.4,2.9,0,0.311401,0.00911254,0
16.4,3,0,0.310346,0.00931671,0
16.4,3.1,0,0.309245,0.0100197,0
16.4,3.2,0,0.307428,0.0104301,0
16.4,3.3,0,0.305012,0.0109666,0
16.4,3.4,0,0.301738,0.0115309,0
16.4,3.5,0,0.297367,0.0118138,0
16.4,3.6,0,0.292505,0.0126071,0
16.4,3.7,0,0.286178,0.0130383,0
16.4,3.8,0,0.278837,0.0135284,0
16.4,3.9,0,0.269884,0.0139505,0
16.4,4,0,0.259553,0.0140137,0
16.4,4.1,0,0.248701,0.01442,0
16.4,4.2,0,0.236111,0.0143773,0
16.4,4.3,0,0.223039,0.0142445,0
16.4,4.4,0,0.20881,0.0138703,0
16.4,4.5,0,0.193935,0.0131724,0
16.4,4.6,0,0.17985,0.0125348,0
16.4,4.7,0,0.16505,0.0114956,0
16.4,4.8,0,0.151262,0.0103829,0
16.4,4.9,0,0.139691,0.00919173,0
16.4,5,0,0.130077,0.00806522,0
16.4,5.1,0,0.115357,0.00591706,0
16.4,5.2,0,0.106594,0.00426637,0
16.4,5.3,0,0.0998514,0.00257564,0
16.4,5.4,0,0.0953269,0.000881679,0
16.4,5.5,0,0.0931602,-0.000776777,0
16.4,5.6,0,0.0934262,-0.00236221,0
16.4,5.7,0,0.0961309,-0.00383958,0
16.4,5.8,0,0.101208,-0.00517819,0
16.4,5.9,0,0.108521,-0.00635405,0
16.4,6,0,0.12374,-0.00786983,0
16.4,6.1,0,0.130574,-0.00848189,0
16.4,6.2,0,0.141575,-0.00884385,0
16.4,6.3,0,0.154417,-0.00918303,0
16.4,6.4,0,0.168394,-0.00948262,0
16.4,6.5,0,0.183027,-0.00940627,0
16.4,6.6,0,0.197929,-0.00921648,0
16.4,6.7,0,0.212499,-0.00890592,0
16.4,6.8,0,0.22595,-0.00839009,0
16.4,6.9,0,0.238961,-0.00776706,0
16.4,7,0,0.25088,-0.00730133,0
16.4,7.1,0,0.261412,-0.00659544,0
16.4,7.2,0,0.270388,-0.00590747,0
16.4,7.3,0,0.27863,-0.00538671,0
16.4,7.4,0,0.285485,-0.00485199,0
16.4,7.5,0,0.290952,-0.00427015,0
16.4,7.6,0,0.295924,-0.00376467,0
16.4,7.7,0,0.299739,-0.00351288,0
16.4,7.8,0,0.302687,-0.00305361,0
16.4,7.9,0,0.305144,-0.00266831,0
16.4,8,0,0.307197,-0.00253282,0
16.4,8.1,0,0.30856,-0.0022043,0
16.4,8.2,0,0.309561,-0.00193442,0
16.4,8.3,0,0.310501,-0.00177125,0
16.4,8.4,0,0.311073,-0.0016182,0
16.4,8.5,0,0.311389,-0.00139454,0
16.4,8.6,0,0.311696,-0.00120388,0
16.4,8.7,0,0.311957,-0.00115525,0
16.4,8.8,0,0.3119,-0.000957846,0
16.4,8.9,0,0.311896,-0.000790357,0
16.4,9,0,0.311972,-0.000728489,0
16.4,9.1,0,0.311774,-0.000576748,0
16.4,9.2,0,0.311631,-0.00043044,0
16.4,9.3,0,0.311535,-0.000324354,0
16.4,9.4,0,0.311369,-0.000233016,0
16.4,9.5,0,0.311119,-9.72138e-05,0
16.4,9.6,0,0.31091,3.16218e-05,0
16.4,9.7,0,0.310781,9.40949e-05,0
16.4,9.8,0,0.310463,0.000213462,0
16.4,9.9,0,0.31021,0.000328677,0
16.4,10,0,0.310026,0.000408703,0
16.4,10.1,0,0.309712,0.000499511,0
16.4,10.2,0,0.309424,0.000599832,0
16.4,10.3,0,0.30917,0.000689899,0
16.4,10.4,0,0.308902,0.000761378,0
16.4,10.5,0,0.308574,0.000843423,0
16.4,10.6,0,0.308269,0.000929385,0
16.4,10.7,0,0.308024,0.000997487,0
16.4,10.8,0,0.307671,0.00105789,0
16.4,10.9,0,0.307351,0.0011294,0
16.4,11,0,0.30707,0.00119773,0
16.4,11.1,0,0.306737,0.00124336,0
16.4,11.2,0,0.306406,0.00129814,0
16.4,11.3,0,0.306095,0.00135599,0
16.4,11.4,0,0.305796,0.00140094,0
16.4,11.5,0,0.305464,0.00143306,0
16.4,11.6,0,0.305147,0.00147446,0
16.4,11.7,0,0.304884,0.00152245,0
16.4,11.8,0,0.304577,0.00153013,0
16.4,11.9,0,0.304302,0.00155389,0
16.4,12,0,0.304069,0.00158522,0
16.4,12.1,0,0.30384,0.00158545,0
16.4,12.2,0,0.303646,0.00158693,0
16.4,12.3,0,0.30348,0.00159557,0
16.4,12.4,0,0.303374,0.00159859,0
16.4,12.5,0,0.30328,0.00158039,0
16.4,12.6,0,0.303217,0.00157815,0
16.4,12.7,0,0.303218,0.00160228,0
16.5,0,0,0.304723,0.004289,0
16.5,0.1,0,0.304763,0.00446618,0
16.5,0.2,0,0.30479,0.00438904,0
16.5,0.3,0,0.304841,0.00440441,0
16.5,0.4,0,0.304959,0.00450952,0
16.5,0.5,0,0.30509,0.00436459,0
16.5,0.6,0,0.305292,0.00458973,0
16.5,0.7,0,0.305545,0.00455647,0
16.5,0.8,0,0.305818,0.0046274,0
16.5,0.9,0,0.306153,0.00479654,0
16.5,1,0,0.306463,0.00469788,0
16.5,1.1,0,0.306851,0.00500382,0
16.5,1.2,0,0.307229,0.00502407,0
16.5,1.3,0,0.307616,0.00516107,0
16.5,1.4,0,0.308054,0.00540436,0
16.5,1.5,0,0.308396,0.00534442,0
16.5,1.6,0,0.308862,0.00574359,0
16.5,1.7,0,0.309247,0.00581159,0
16.5,1.8,0,0.309646,0.00601572,0
16.5,1.9,0,0.310102,0.00633853,0
16.5,2,0,0.310372,0.00631266,0
16.5,2.1,0,0.310849,0.0068198,0
16.5,2.2,0,0.31113,0.00694049,0
16.5,2.3,0,0.311428,0.00722474,0
16.5,2.4,0,0.311776,0.00764476,0
16.5,2.5,0,0.311728,0.00766906,0
16.5,2.6,0,0.312012,0.00831492,0
16.5,2.7,0,0.311778,0.00851534,0
16.5,2.8,0,0.3115,0.00891453,0
16.5,2.9,0,0.311164,0.00946977,0
16.5,3,0,0.309872,0.00958128,0
16.5,3.1,0,0.309053,0.0104083,0
16.5,3.2,0,0.306896,0.0107195,0
16.5,3.3,0,0.304479,0.011256,0
16.5,3.4,0,0.301643,0.0119567,0
16.5,3.5,0,0.296822,0.0121295,0
16.5,3.6,0,0.292573,0.0130756,0
16.5,3.7,0,0.285718,0.0133813,0
16.5,3.8,0,0.278377,0.0138713,0
16.5,3.9,0,0.270177,0.0144668,0
16.5,4,0,0.259325,0.0143895,0
16.5,4.1,0,0.249254,0.0149884,0
16.5,4.2,0,0.236267,0.0148036,0
16.5,4.3,0,0.223196,0.0146707,0
16.5,4.4,0,0.209618,0.0144957,0
16.5,4.5,0,0.194567,0.0136808,0
16.5,4.6,0,0.180859,0.0132288,0
16.5,4.7,0,0.166144,0.0121226,0
16.5,4.8,0,0.152356,0.0110099,0
16.5,4.9,0,0.140245,0.00988768,0
16.5,5,0,0.131487,0.00880904,0
16.5,5.1,0,0.116907,0.00673458,0
16.5,5.2,0,0.108208,0.00513276,0
16.5,5.3,0,0.101495,0.00348544,0
16.5,5.4,0,0.0969623,0.00182802,0
16.5,5.5,0,0.0947517,0.00019786,0
16.5,5.6,0,0.094939,-0.00136851,0
16.5,5.7,0,0.0975329,-0.0028366,0
16.5,5.8,0,0.102472,-0.00417582,0
16.5,5.9,0,0.109623,-0.00536205,0
16.5,6,0,0.12456,-0.00691214,0
16.5,6.1,0,0.130742,-0.00756339,0
16.5,6.2,0,0.140312,-0.00801121,0
16.5,6.3,0,0.154703,-0.00833125,0
16.5,6.4,0,0.16868,-0.00863084,0
16.5,6.5,0,0.182773,-0.00875601,0
16.5,6.6,0,0.197675,-0.00853091,0
16.5,6.7,0,0.212245,-0.00822034,0
16.5,6.8,0,0.226035,-0.0077866,0
16.5,6.9,0,0.238715,-0.00721123,0
16.5,7,0,0.250387,-0.00678132,0
16.5,7.1,0,0.261058,-0.00607237,0
16.5,7.2,0,0.270604,-0.00537204,0
16.5,7.3,0,0.278163,-0.00500686,0
16.5,7.4,0,0.285018,-0.00447215,0
16.5,7.5,0,0.291089,-0.00383702,0
16.5,7.6,0,0.295587,-0.00349669,0
16.5,7.7,0,0.299402,-0.0032449,0
16.5,7.8,0,0.302658,-0.00273922,0
16.5,7.9,0,0.305048,-0.00241259,0
16.5,8,0,0.306978,-0.00235404,0
16.5,8.1,0,0.308351,-0.00202224,0
16.5,8.2,0,0.309476,-0.00171575,0
16.5,8.3,0,0.310353,-0.00166384,0
16.5,8.4,0,0.310925,-0.0015108,0
16.5,8.5,0,0.311257,-0.00125914,0
16.5,8.6,0,0.311582,-0.00115303,0
16.5,8.7,0,0.311842,-0.0011044,0
16.5,8.8,0,0.311759,-0.000891893,0
16.5,8.9,0,0.311764,-0.000741745,0
16.5,9,0,0.311873,-0.000722078,0
16.5,9.1,0,0.311674,-0.000570337,0
16.5,9.2,0,0.311483,-0.000411423,0
16.5,9.3,0,0.311443,-0.000352533,0
16.5,9.4,0,0.311276,-0.000261194,0
16.5,9.5,0,0.31098,-0.000118471,0
16.5,9.6,0,0.310823,-2.32764e-05,0
16.5,9.7,0,0.310693,3.91968e-05,0
16.5,9.8,0,0.31035,0.000160222,0
16.5,9.9,0,0.310093,0.000271166,0
16.5,10,0,0.309945,0.000333426,0
16.5,10.1,0,0.309631,0.000424235,0
16.5,10.2,0,0.309312,0.000523458,0
16.5,10.3,0,0.309097,0.000599206,0
16.5,10.4,0,0.308829,0.000670685,0
16.5,10.5,0,0.308477,0.000748646,0
16.5,10.6,0,0.308202,0.000827741,0
16.5,10.7,0,0.30796,0.000895229,0
16.5,10.8,0,0.307597,0.000952217,0
16.5,10.9,0,0.307272,0.00102063,0
16.5,11,0,0.307017,0.00108696,0
16.5,11.1,0,0.306684,0.00113259,0
16.5,11.2,0,0.306339,0.00117954,0
16.5,11.3,0,0.306053,0.00123902,0
16.5,11.4,0,0.305754,0.00128396,0
16.5,11.5,0,0.30541,0.00130745,0
16.5,11.6,0,0.305114,0.00135225,0
16.5,11.7,0,0.304856,0.00140108,0
16.5,11.8,0,0.304542,0.00140509,0
16.5,11.9,0,0.304257,0.00142398,0
16.5,12,0,0.304057,0.0014611,0
16.5,12.1,0,0.303827,0.00146133,0
16.5,12.2,0,0.303609,0.00145398,0
16.5,12.3,0,0.303481,0.00147028,0
16.5,12.4,0,0.303376,0.0014733,0
16.5,12.5,0,0.303255,0.0014417,0
16.5,12.6,0,0.303214,0.00144851,0
16.5,12.7,0,0.303225,0.00147677,0
16.6,0,0,0.304711,0.00447315,0
16.6,0.1,0,0.30475,0.00465608,0
16.6,0.2,0,0.30477,0.00457467,0
16.6,0.3,0,0.304821,0.00459004,0
16.6,0.4,0,0.304917,0.00470312,0
16.6,0.5,0,0.305048,0.00455266,0
16.6,0.6,0,0.305248,0.00478365,0
16.6,0.7,0,0.305473,0.00474592,0
16.6,0.8,0,0.305746,0.00481685,0
16.6,0.9,0,0.30605,0.00499285,0
16.6,1,0,0.306358,0.0048882,0
16.6,1.1,0,0.306745,0.0052006,0
16.6,1.2,0,0.307091,0.00521566,0
16.6,1.3,0,0.307478,0.00535266,0
16.6,1.4,0,0.307886,0.00560496,0
16.6,1.5,0,0.308225,0.00553829,0
16.6,1.6,0,0.308691,0.00594502,0
16.6,1.7,0,0.30904,0.00600928,0
16.6,1.8,0,0.30944,0.00621341,0
16.6,1.9,0,0.309863,0.00654988,0
16.6,2,0,0.310128,0.00651637,0
16.6,2.1,0,0.310608,0.00703249,0
16.6,2.2,0,0.310842,0.00715322,0
16.6,2.3,0,0.31114,0.00743747,0
16.6,2.4,0,0.311446,0.00787884,0
16.6,2.5,0,0.311387,0.00789466,0
16.6,2.6,0,0.31168,0.00855109,0
16.6,2.7,0,0.311374,0.00875825,0
16.6,2.8,0,0.311096,0.00915744,0
16.6,2.9,0,0.310714,0.00974361,0
16.6,3,0,0.309398,0.00984585,0
16.6,3.1,0,0.308607,0.0106853,0
16.6,3.2,0,0.306363,0.0110089,0
16.6,3.3,0,0.303946,0.0115454,0
16.6,3.4,0,0.301143,0.0122833,0
16.6,3.5,0,0.296276,0.0124451,0
16.6,3.6,0,0.292089,0.0134065,0
16.6,3.7,0,0.285259,0.0137242,0
16.6,3.8,0,0.277917,0.0142143,0
16.6,3.9,0,0.270001,0.0148567,0
16.6,4,0,0.259097,0.0147654,0
16.6,4.1,0,0.249105,0.0153835,0
16.6,4.2,0,0.236424,0.0152298,0
16.6,4.3,0,0.223352,0.0150969,0
16.6,4.4,0,0.210268,0.0150158,0
16.6,4.5,0,0.195198,0.0141892,0
16.6,4.6,0,0.181528,0.0137558,0
16.6,4.7,0,0.167239,0.0127496,0
16.6,4.8,0,0.153451,0.0116369,0
16.6,4.9,0,0.141569,0.0106267,0
16.6,5,0,0.132897,0.00955285,0
16.6,5.1,0,0.118458,0.00755211,0
16.6,5.2,0,0.109823,0.00599916,0
16.6,5.3,0,0.103138,0.00439523,0
16.6,5.4,0,0.0985977,0.00277435,0
16.6,5.5,0,0.0963431,0.0011725,0
16.6,5.6,0,0.0964517,-0.000374812,0
16.6,5.7,0,0.0989349,-0.00183363,0
16.6,5.8,0,0.103735,-0.00317346,0
16.6,5.9,0,0.110725,-0.00437006,0
16.6,6,0,0.125381,-0.00595445,0
16.6,6.1,0,0.131563,-0.0066057,0
16.6,6.2,0,0.140408,-0.00716178,0
16.6,6.3,0,0.154988,-0.00747947,0
16.6,6.4,0,0.168966,-0.00777906,0
16.6,6.5,0,0.182617,-0.00806653,0
16.6,6.6,0,0.197422,-0.00784533,0
16.6,6.7,0,0.211992,-0.00753477,0
16.6,6.8,0,0.225784,-0.00710164,0
16.6,6.9,0,0.238221,-0.00669121,0
16.6,7,0,0.249893,-0.0062613,0
16.6,7.1,0,0.260564,-0.00555236,0
16.6,7.2,0,0.2703,-0.00495504,0
16.6,7.3,0,0.277695,-0.00462702,0
16.6,7.4,0,0.28455,-0.00409231,0
16.6,7.5,0,0.291045,-0.0034198,0
16.6,7.6,0,0.29525,-0.00322872,0
16.6,7.7,0,0.299066,-0.00297692,0
16.6,7.8,0,0.302321,-0.00247125,0
16.6,7.9,0,0.304829,-0.00223382,0
16.6,8,0,0.306759,-0.00217527,0
16.6,8.1,0,0.308132,-0.00184347,0
16.6,8.2,0,0.30935,-0.00156891,0
16.6,8.3,0,0.310205,-0.00155644,0
16.6,8.4,0,0.310777,-0.0014034,0
16.6,8.5,0,0.311118,-0.00113533,0
16.6,8.6,0,0.311468,-0.00110218,0
16.6,8.7,0,0.311728,-0.00105354,0
16.6,8.8,0,0.311645,-0.000841042,0
16.6,8.9,0,0.311664,-0.000735334,0
16.6,9,0,0.311773,-0.000715668,0
16.6,9.1,0,0.311575,-0.000563927,0
16.6,9.2,0,0.311365,-0.000417413,0
16.6,9.3,0,0.31135,-0.000380712,0
16.6,9.4,0,0.311184,-0.000289373,0
16.6,9.5,0,0.310866,-0.000143396,0
16.6,9.6,0,0.310736,-7.81745e-05,0
16.6,9.7,0,0.310606,-1.57014e-05,0
16.6,9.8,0,0.310263,0.000105324,0
16.6,9.9,0,0.310013,0.000195889,0
16.6,10,0,0.309865,0.00025815,0
16.6,10.1,0,0.30955,0.000348958,0
16.6,10.2,0,0.309216,0.000441153,0
16.6,10.3,0,0.309024,0.000508514,0
16.6,10.4,0,0.308756,0.000579993,0
16.6,10.5,0,0.308395,0.000656506,0
16.6,10.6,0,0.308138,0.000725483,0
16.6,10.7,0,0.307896,0.00079297,0
16.6,10.8,0,0.307534,0.000849959,0
16.6,10.9,0,0.307218,0.000909853,0
16.6,11,0,0.306963,0.000976185,0
16.6,11.1,0,0.30663,0.00102182,0
16.6,11.2,0,0.306279,0.00106141,0
16.6,11.3,0,0.306012,0.00112204,0
16.6,11.4,0,0.305713,0.00116698,0
16.6,11.5,0,0.305365,0.00118841,0
16.6,11.6,0,0.305087,0.00123087,0
16.6,11.7,0,0.304828,0.0012797,0
16.6,11.8,0,0.304514,0.00128372,0
16.6,11.9,0,0.304244,0.00129982,0
16.6,12,0,0.304044,0.00133698,0
16.6,12.1,0,0.303815,0.00133722,0
16.6,12.2,0,0.30358,0.00132303,0
16.6,12.3,0,0.303482,0.00134499,0
16.6,12.4,0,0.303377,0.00134801,0
16.6,12.5,0,0.303253,0.00131476,0
16.6,12.6,0,0.303221,0.00132301,0
16.6,12.7,0,0.303232,0.00135127,0
16.7,0,0,0.304698,0.00465729,0
16.7,0.1,0,0.304735,0.00482058,0
16.7,0.2,0,0.304749,0.0047603,0
16.7,0.3,0,0.3048,0.00477567,0
16.7,0.4,0,0.304882,0.00487095,0
16.7,0.5,0,0.305006,0.00474072,0
16.7,0.6,0,0.305203,0.00495172,0
16.7,0.7,0,0.305401,0.00493536,0
16.7,0.8,0,0.305674,0.0050063,0
16.7,0.9,0,0.305951,0.0051619,0
16.7,1,0,0.306253,0.00507852,0
16.7,1.1,0,0.306632,0.00536875,0
16.7,1.2,0,0.306953,0.00540725,0
16.7,1.3,0,0.30734,0.00554425,0
16.7,1.4,0,0.307715,0.00577444,0
16.7,1.5,0,0.308053,0.00573215,0
16.7,1.6,0,0.308505,0.00611374,0
16.7,1.7,0,0.308834,0.00620697,0
16.7,1.8,0,0.309233,0.0064111,0
16.7,1.9,0,0.309613,0.00672474,0
16.7,2,0,0.309883,0.00672007,0
16.7,2.1,0,0.310337,0.00720793,0
16.7,2.2,0,0.310553,0.00736595,0
16.7,2.3,0,0.310851,0.0076502,0
16.7,2.4,0,0.311086,0.00807028,0
16.7,2.5,0,0.311046,0.00812026,0
16.7,2.6,0,0.311283,0.00874574,0
16.7,2.7,0,0.310969,0.00900117,0
16.7,2.8,0,0.310691,0.00940036,0
16.7,2.9,0,0.310181,0.00996817,0
16.7,3,0,0.308924,0.0101104,0
16.7,3.1,0,0.308014,0.0109152,0
16.7,3.2,0,0.30583,0.0112983,0
16.7,3.3,0,0.303414,0.0118348,0
16.7,3.4,0,0.300444,0.0125513,0
16.7,3.5,0,0.295731,0.0127608,0
16.7,3.6,0,0.291358,0.0136782,0
16.7,3.7,0,0.284799,0.0140671,0
16.7,3.8,0,0.277457,0.0145572,0
16.7,3.9,0,0.26951,0.0151719,0
16.7,4,0,0.258869,0.0151412,0
16.7,4.1,0,0.248738,0.0157096,0
16.7,4.2,0,0.23658,0.015656,0
16.7,4.3,0,0.223509,0.0155232,0
16.7,4.4,0,0.210671,0.0154545,0
16.7,4.5,0,0.19583,0.0146976,0
16.7,4.6,0,0.18219,0.0142407,0
16.7,4.7,0,0.168333,0.0133766,0
16.7,4.8,0,0.154545,0.0122639,0
16.7,4.9,0,0.143169,0.0113464,0
16.7,5,0,0.134307,0.0102967,0
16.7,5.1,0,0.120008,0.00836964,0
16.7,5.2,0,0.111437,0.00686555,0
16.7,5.3,0,0.104781,0.00530503,0
16.7,5.4,0,0.100233,0.00372069,0
16.7,5.5,0,0.0979346,0.00214713,0
16.7,5.6,0,0.0979645,0.000618885,0
16.7,5.7,0,0.100337,-0.000830658,0
16.7,5.8,0,0.104998,-0.00217111,0
16.7,5.9,0,0.111827,-0.00337806,0
16.7,6,0,0.126202,-0.00499676,0
16.7,6.1,0,0.132383,-0.00564802,0
16.7,6.2,0,0.14147,-0.00626334,0
16.7,6.3,0,0.155274,-0.00662769,0
16.7,6.4,0,0.169251,-0.00692727,0
16.7,6.5,0,0.182904,-0.00717944,0
16.7,6.6,0,0.197168,-0.00715976,0
16.7,6.7,0,0.211738,-0.00684919,0
16.7,6.8,0,0.225382,-0.00643755,0
16.7,6.9,0,0.237727,-0.0061712,0
16.7,7,0,0.249399,-0.00574129,0
16.7,7.1,0,0.26007,-0.00503235,0
16.7,7.2,0,0.269486,-0.00458274,0
16.7,7.3,0,0.277227,-0.00424718,0
16.7,7.4,0,0.284083,-0.00371246,0
16.7,7.5,0,0.290127,-0.0031971,0
16.7,7.6,0,0.294914,-0.00296074,0
16.7,7.7,0,0.298729,-0.00270895,0
16.7,7.8,0,0.301952,-0.00222329,0
16.7,7.9,0,0.30461,-0.00205504,0
16.7,8,0,0.306539,-0.00199649,0
16.7,8.1,0,0.307913,-0.00166469,0
16.7,8.2,0,0.30912,-0.00148562,0
16.7,8.3,0,0.310056,-0.00144904,0
16.7,8.4,0,0.310629,-0.001296,0
16.7,8.5,0,0.310985,-0.0010986,0
16.7,8.6,0,0.311354,-0.00105133,0
16.7,8.7,0,0.311614,-0.00100269,0
16.7,8.8,0,0.311532,-0.000791859,0
16.7,8.9,0,0.311565,-0.000728923,0
16.7,9,0,0.311673,-0.000709257,0
16.7,9.1,0,0.311475,-0.000557516,0
16.7,9.2,0,0.311306,-0.00045467,0
16.7,9.3,0,0.311257,-0.000408891,0
16.7,9.4,0,0.311091,-0.000317552,0
16.7,9.5,0,0.31081,-0.000195801,0
16.7,9.6,0,0.310648,-0.000133073,0
16.7,9.7,0,0.310519,-7.05995e-05,0
16.7,9.8,0,0.310175,5.04261e-05,0
16.7,9.9,0,0.309933,0.000120547,0
16.7,10,0,0.309784,0.000182873,0
16.7,10.1,0,0.30947,0.000273682,0
16.7,10.2,0,0.309169,0.000351378,0
16.7,10.3,0,0.308951,0.000417821,0
16.7,10.4,0,0.308683,0.0004893,0
16.7,10.5,0,0.308342,0.000561291,0
16.7,10.6,0,0.308074,0.000623225,0
16.7,10.7,0,0.307832,0.000690712,0
16.7,10.8,0,0.30747,0.0007477,0
16.7,10.9,0,0.307167,0.00079997,0
16.7,11,0,0.30691,0.000865412,0
16.7,11.1,0,0.306577,0.000911043,0
16.7,11.2,0,0.306251,0.00095189,0
16.7,11.3,0,0.30597,0.00100506,0
16.7,11.4,0,0.305671,0.00105,0
16.7,11.5,0,0.305337,0.0010735,0
16.7,11.6,0,0.305059,0.00110949,0
16.7,11.7,0,0.304801,0.00115832,0
16.7,11.8,0,0.304486,0.00116234,0
16.7,11.9,0,0.304236,0.0011779,0
16.7,12,0,0.304032,0.00121286,0
16.7,12.1,0,0.303803,0.0012131,0
16.7,12.2,0,0.303606,0.00120657,0
16.7,12.3,0,0.303484,0.0012197,0
16.7,12.4,0,0.303378,0.00122272,0
16.7,12.5,0,0.303266,0.0011944,0
16.7,12.6,0,0.303228,0.00119751,0
16.7,12.7,0,0.303239,0.00122577,0
16.8,0,0,0.304686,0.00484144,0
16.8,0.1,0,0.304714,0.00494857,0
16.8,0.2,0,0.304729,0.00494593,0
16.8,0.3,0,0.30478,0.0049613,0
16.8,0.4,0,0.304857,0.00500119,0
16.8,0.5,0,0.304964,0.00492879,0
16.8,0.6,0,0.305152,0.00508265,0
16.8,0.7,0,0.305329,0.00512481,0
16.8,0.8,0,0.305603,0.00519574,0
16.8,0.9,0,0.305863,0.00529145,0
16.8,1,0,0.306149,0.00526884,0
16.8,1.1,0,0.306503,0.00549573,0
16.8,1.2,0,0.306815,0.00559885,0
16.8,1.3,0,0.307202,0.00573584,0
16.8,1.4,0,0.307545,0.00589864,0
16.8,1.5,0,0.307882,0.00592602,0
16.8,1.6,0,0.308292,0.00623577,0
16.8,1.7,0,0.308628,0.00640466,0
16.8,1.8,0,0.309027,0.00660878,0
16.8,1.9,0,0.309353,0.00684604,0
16.8,2,0,0.309639,0.00692379,0
16.8,2.1,0,0.31002,0.00733088,0
16.8,2.2,0,0.310265,0.00757868,0
16.8,2.3,0,0.310563,0.00786293,0
16.8,2.4,0,0.310691,0.00819827,0
16.8,2.5,0,0.310705,0.00834586,0
16.8,2.6,0,0.310783,0.00888292,0
16.8,2.7,0,0.310564,0.00924409,0
16.8,2.8,0,0.310287,0.00964328,0
16.8,2.9,0,0.309539,0.0101184,0
16.8,3,0,0.308451,0.010375,0
16.8,3.1,0,0.3072,0.0110805,0
16.8,3.2,0,0.305297,0.0115877,0
16.8,3.3,0,0.302881,0.0121242,0
16.8,3.4,0,0.299461,0.0127306,0
16.8,3.5,0,0.295185,0.0130765,0
16.8,3.6,0,0.290285,0.0138684,0
16.8,3.7,0,0.284339,0.0144101,0
16.8,3.8,0,0.276997,0.0149001,0
16.8,3.9,0,0.26853,0.0153744,0
16.8,4,0,0.258642,0.015517,0
16.8,4.1,0,0.248114,0.0159433,0
16.8,4.2,0,0.236737,0.0160823,0
16.8,4.3,0,0.223665,0.0159494,0
16.8,4.4,0,0.210651,0.0157637,0
16.8,4.5,0,0.196462,0.015206,0
16.8,4.6,0,0.182907,0.014682,0
16.8,4.7,0,0.169428,0.0140036,0
16.8,4.8,0,0.155639,0.0128909,0
16.8,4.9,0,0.145119,0.0120213,0
16.8,5,0,0.135717,0.0110405,0
16.8,5.1,0,0.121558,0.00918717,0
16.8,5.2,0,0.113052,0.00773194,0
16.8,5.3,0,0.106424,0.00621483,0
16.8,5.4,0,0.101868,0.00466703,0
16.8,5.5,0,0.099526,0.00312177,0
16.8,5.6,0,0.0994772,0.00161258,0
16.8,5.7,0,0.101739,0.000172315,0
16.8,5.8,0,0.106262,-0.00116874,0
16.8,5.9,0,0.11293,-0.00238606,0
16.8,6,0,0.127022,-0.00403908,0
16.8,6.1,0,0.134076,-0.00467954,0
16.8,6.2,0,0.143839,-0.00528652,0
16.8,6.3,0,0.15556,-0.00577591,0
16.8,6.4,0,0.169537,-0.00607549,0
16.8,6.5,0,0.18319,-0.00629235,0
16.8,6.6,0,0.196915,-0.00647418,0
16.8,6.7,0,0.211485,-0.00616362,0
16.8,6.8,0,0.22455,-0.00583546,0
16.8,6.9,0,0.237003,-0.00559544,0
16.8,7,0,0.248905,-0.00522128,0
16.8,7.1,0,0.25927,-0.004582,0
16.8,7.2,0,0.268308,-0.00421831,0
16.8,7.3,0,0.27676,-0.00386733,0
16.8,7.4,0,0.283615,-0.00333262,0
16.8,7.5,0,0.289186,-0.0029824,0
16.8,7.6,0,0.294577,-0.00269276,0
16.8,7.7,0,0.298392,-0.00244097,0
16.8,7.8,0,0.301388,-0.00209655,0
16.8,7.9,0,0.304116,-0.00191762,0
16.8,8,0,0.30632,-0.00181772,0
16.8,8.1,0,0.307672,-0.00152287,0
16.8,8.2,0,0.308838,-0.00141811,0
16.8,8.3,0,0.309908,-0.00134164,0
16.8,8.4,0,0.31048,-0.0011886,0
16.8,8.5,0,0.310855,-0.00107576,0
16.8,8.6,0,0.311238,-0.0010033,0
16.8,8.7,0,0.3115,-0.00095184,0
16.8,8.8,0,0.311467,-0.000804905,0
16.8,8.9,0,0.311496,-0.000740227,0
16.8,9,0,0.311573,-0.000702846,0
16.8,9.1,0,0.311387,-0.000561319,0
16.8,9.2,0,0.311261,-0.000495455,0
16.8,9.3,0,0.311164,-0.00043707,0
16.8,9.4,0,0.310998,-0.000345731,0
16.8,9.5,0,0.310769,-0.000257621,0
16.8,9.6,0,0.310571,-0.000189469,0
16.8,9.7,0,0.310432,-0.000125498,0
16.8,9.8,0,0.31013,-2.53122e-05,0
16.8,9.9,0,0.309891,4.27589e-05,0
16.8,10,0,0.309703,0.000107597,0
16.8,10.1,0,0.309393,0.000196963,0
16.8,10.2,0,0.309128,0.000261783,0
16.8,10.3,0,0.308878,0.000327128,0
16.8,10.4,0,0.30861,0.000398607,0
16.8,10.5,0,0.308302,0.000463117,0
16.8,10.6,0,0.308018,0.000522323,0
16.8,10.7,0,0.307768,0.000588454,0
16.8,10.8,0,0.307428,0.000643663,0
16.8,10.9,0,0.307132,0.000695474,0
16.8,11,0,0.306857,0.000754639,0
16.8,11.1,0,0.306523,0.00080027,0
16.8,11.2,0,0.306223,0.000842745,0
16.8,11.3,0,0.305929,0.00088808,0
16.8,11.4,0,0.30563,0.000933026,0
16.8,11.5,0,0.305322,0.000960757,0
16.8,11.6,0,0.305037,0.000991979,0
16.8,11.7,0,0.304773,0.00103694,0
16.8,11.8,0,0.304481,0.0010449,0
16.8,11.9,0,0.304241,0.00106231,0
16.8,12,0,0.304019,0.00108874,0
16.8,12.1,0,0.30379,0.00108898,0
16.8,12.2,0,0.303632,0.00109011,0
16.8,12.3,0,0.303485,0.00109441,0
16.8,12.4,0,0.303379,0.00109743,0
16.8,12.5,0,0.303299,0.00108229,0
16.8,12.6,0,0.30325,0.00107955,0
16.8,12.7,0,0.303245,0.00110027,0
16.9,0,0,0.304673,0.00502558,0
16.9,0.1,0,0.304694,0.00507657,0
16.9,0.2,0,0.304708,0.00508545,0
16.9,0.3,0,0.304756,0.00510261,0
16.9,0.4,0,0.304833,0.00513142,0
16.9,0.5,0,0.304922,0.00511686,0
16.9,0.6,0,0.305102,0.00521358,0
16.9,0.7,0,0.305275,0.00526744,0
16.9,0.8,0,0.305518,0.00533727,0
16.9,0.9,0,0.305775,0.00542101,0
16.9,1,0,0.306044,0.00545916,0
16.9,1.1,0,0.306373,0.00562271,0
16.9,1.2,0,0.306684,0.00573875,0
16.9,1.3,0,0.307038,0.00587351,0
16.9,1.4,0,0.307374,0.00602283,0
16.9,1.5,0,0.307711,0.00611989,0
16.9,1.6,0,0.308079,0.00635779,0
16.9,1.7,0,0.308417,0.00654181,0
16.9,1.8,0,0.308778,0.00674536,0
16.9,1.9,0,0.309092,0.00696733,0
16.9,2,0,0.309395,0.00712749,0
16.9,2.1,0,0.309702,0.00745383,0
16.9,2.2,0,0.309953,0.00771959,0
16.9,2.3,0,0.31019,0.00800787,0
16.9,2.4,0,0.310297,0.00832627,0
16.9,2.5,0,0.310363,0.00857146,0
16.9,2.6,0,0.310283,0.0090201,0
16.9,2.7,0,0.310083,0.00940241,0
16.9,2.8,0,0.309692,0.00981207,0
16.9,2.9,0,0.308898,0.0102687,0
16.9,3,0,0.307977,0.0106396,0
16.9,3.1,0,0.306386,0.0112459,0
16.9,3.2,0,0.304539,0.0117779,0
16.9,3.3,0,0.301988,0.0123256,0
16.9,3.4,0,0.298478,0.01291,0
16.9,3.5,0,0.29464,0.0133921,0
16.9,3.6,0,0.289212,0.0140585,0
16.9,3.7,0,0.283388,0.0146308,0
16.9,3.8,0,0.276121,0.0151307,0
16.9,3.9,0,0.26755,0.0155768,0
16.9,4,0,0.258414,0.0158929,0
16.9,4.1,0,0.24749,0.016177,0
16.9,4.2,0,0.236269,0.0163545,0
16.9,4.3,0,0.22368,0.016282,0
16.9,4.4,0,0.210631,0.0160729,0
16.9,4.5,0,0.197093,0.0157144,0
16.9,4.6,0,0.183625,0.0151234,0
16.9,4.7,0,0.170221,0.0144821,0
16.9,4.8,0,0.157419,0.0135562,0
16.9,4.9,0,0.14707,0.0126961,0
16.9,5,0,0.137127,0.0117843,0
16.9,5.1,0,0.123108,0.0100047,0
16.9,5.2,0,0.114666,0.00859834,0
16.9,5.3,0,0.108067,0.00712463,0
16.9,5.4,0,0.103504,0.00561337,0
16.9,5.5,0,0.101117,0.00409641,0
16.9,5.6,0,0.10099,0.00260628,0
16.9,5.7,0,0.103141,0.00117529,0
16.9,5.8,0,0.107525,-0.000166385,0
16.9,5.9,0,0.114032,-0.00139406,0
16.9,6,0,0.127843,-0.00308139,0
16.9,6.1,0,0.136445,-0.00370272,0
16.9,6.2,0,0.146207,-0.00430969,0
16.9,6.3,0,0.15597,-0.00491666,0
16.9,6.4,0,0.169823,-0.0051971,0
16.9,6.5,0,0.183477,-0.00540525,0
16.9,6.6,0,0.197131,-0.00561341,0
16.9,6.7,0,0.211231,-0.00547804,0
16.9,6.8,0,0.223717,-0.00523336,0
16.9,6.9,0,0.236171,-0.00499334,0
16.9,7,0,0.248411,-0.00470126,0
16.9,7.1,0,0.258093,-0.00421757,0
16.9,7.2,0,0.26713,-0.00385388,0
16.9,7.3,0,0.276168,-0.00349019,0
16.9,7.4,0,0.282845,-0.00305815,0
16.9,7.5,0,0.288245,-0.00276771,0
16.9,7.6,0,0.293645,-0.00247727,0
16.9,7.7,0,0.298055,-0.00217299,0
16.9,7.8,0,0.300823,-0.00196981,0
16.9,7.9,0,0.303551,-0.00179088,0
16.9,8,0,0.306101,-0.00163894,0
16.9,8.1,0,0.30739,-0.00145536,0
16.9,8.2,0,0.308555,-0.0013506,0
16.9,8.3,0,0.309721,-0.00124585,0
16.9,8.4,0,0.310342,-0.00112536,0
16.9,8.5,0,0.310725,-0.00105291,0
16.9,8.6,0,0.311108,-0.000980451,0
16.9,8.7,0,0.311386,-0.000900989,0
16.9,8.8,0,0.311401,-0.000817951,0
16.9,8.9,0,0.31143,-0.000753273,0
16.9,9,0,0.311474,-0.000696435,0
16.9,9.1,0,0.311342,-0.000602104,0
16.9,9.2,0,0.311217,-0.00053624,0
16.9,9.3,0,0.311091,-0.000470376,0
16.9,9.4,0,0.310926,-0.000387592,0
16.9,9.5,0,0.310728,-0.00031944,0
16.9,9.6,0,0.31053,-0.000251288,0
16.9,9.7,0,0.310345,-0.000180396,0
16.9,9.8,0,0.310088,-0.0001031,0
16.9,9.9,0,0.309849,-3.50292e-05,0
16.9,10,0,0.309622,3.23202e-05,0
16.9,10.1,0,0.309351,0.000107368,0
16.9,10.2,0,0.309086,0.000172189,0
16.9,10.3,0,0.308821,0.000237009,0
16.9,10.4,0,0.308546,0.000305737,0
16.9,10.5,0,0.308262,0.000364943,0
16.9,10.6,0,0.307978,0.000424149,0
16.9,10.7,0,0.307704,0.000486196,0
16.9,10.8,0,0.307393,0.000539167,0
16.9,10.9,0,0.307096,0.000590978,0
16.9,11,0,0.306803,0.000643866,0
16.9,11.1,0,0.306495,0.000691101,0
16.9,11.2,0,0.306196,0.000733601,0
16.9,11.3,0,0.305896,0.0007761,0
16.9,11.4,0,0.305593,0.000816789,0
16.9,11.5,0,0.305307,0.000848011,0
16.9,11.6,0,0.305022,0.000879232,0
16.9,11.7,0,0.304745,0.000915567,0
16.9,11.8,0,0.304485,0.000929311,0
16.9,11.9,0,0.304246,0.000946729,0
16.9,12,0,0.304007,0.000964625,0
16.9,12.1,0,0.303811,0.000971519,0
16.9,12.2,0,0.303658,0.000973647,0
16.9,12.3,0,0.303505,0.000975775,0
16.9,12.4,0,0.303382,0.000972931,0
16.9,12.5,0,0.303332,0.000970192,0
16.9,12.6,0,0.303283,0.000967452,0
16.9,12.7,0,0.303252,0.000974763,0
17,0,0,0.304659,0.00518839,0
17,0.1,0,0.30467,0.00520314,0
17,0.2,0,0.304685,0.00521202,0
17,0.3,0,0.304724,0.00523107,0
17,0.4,0,0.304801,0.00525988,0
17,0.5,0,0.304881,0.00528272,0
17,0.6,0,0.305043,0.00534225,0
17,0.7,0,0.305216,0.00539611,0
17,0.8,0,0.305424,0.00546427,0
17,0.9,0,0.305681,0.005548,0
17,1,0,0.305941,0.00562546,0
17,1.1,0,0.306241,0.00574704,0
17,1.2,0,0.306552,0.00586307,0
17,1.3,0,0.306867,0.00599499,0
17,1.4,0,0.307203,0.0061443,0
17,1.5,0,0.307541,0.00628669,0
17,1.6,0,0.307867,0.00647693,0
17,1.7,0,0.308204,0.00666095,0
17,1.8,0,0.308521,0.00686342,0
17,1.9,0,0.308835,0.00708539,0
17,2,0,0.309151,0.00729945,0
17,2.1,0,0.309391,0.00757295,0
17,2.2,0,0.309642,0.00783871,0
17,2.3,0,0.309811,0.00813121,0
17,2.4,0,0.309918,0.0084496,0
17,2.5,0,0.310018,0.00875806,0
17,2.6,0,0.309816,0.00915163,0
17,2.7,0,0.309617,0.00953394,0
17,2.8,0,0.309113,0.00995598,0
17,2.9,0,0.308318,0.0104126,0
17,3,0,0.307493,0.0108543,0
17,3.1,0,0.305678,0.0114055,0
17,3.2,0,0.303832,0.0119375,0
17,3.3,0,0.301166,0.0125023,0
17,3.4,0,0.297656,0.0130867,0
17,3.5,0,0.294078,0.0136459,0
17,3.6,0,0.28835,0.0142532,0
17,3.7,0,0.282527,0.0148255,0
17,3.8,0,0.275372,0.0153489,0
17,3.9,0,0.266801,0.015795,0
17,4,0,0.258145,0.0162032,0
17,4.1,0,0.247062,0.0164382,0
17,4.2,0,0.23584,0.0166157,0
17,4.3,0,0.223759,0.016626,0
17,4.4,0,0.21071,0.0164169,0
17,4.5,0,0.197627,0.016167,0
17,4.6,0,0.1843,0.0155996,0
17,4.7,0,0.170896,0.0149583,0
17,4.8,0,0.158919,0.0142314,0
17,4.9,0,0.14857,0.0133713,0
17,5,0,0.138416,0.0124809,0
17,5.1,0,0.124545,0.0107766,0
17,5.2,0,0.116178,0.00942003,0
17,5.3,0,0.109621,0.00799038,0
17,5.4,0,0.105067,0.006516,0
17,5.5,0,0.102657,0.00502744,0
17,5.6,0,0.102472,0.00355623,0
17,5.7,0,0.104534,0.00213413,0
17,5.8,0,0.108801,0.000791264,0
17,5.9,0,0.115167,-0.00044755,0
17,6,0,0.128726,-0.0021709,0
17,6.1,0,0.13802,-0.00274435,0
17,6.2,0,0.147783,-0.00335132,0
17,6.3,0,0.157545,-0.00395829,0
17,6.4,0,0.170062,-0.00437774,0
17,6.5,0,0.183715,-0.0045859,0
17,6.6,0,0.197369,-0.00479405,0
17,6.7,0,0.210739,-0.0049004,0
17,6.8,0,0.223193,-0.00466039,0
17,6.9,0,0.235647,-0.00442037,0
17,7,0,0.248032,-0.00420562,0
17,7.1,0,0.257346,-0.00385075,0
17,7.2,0,0.266384,-0.00348706,0
17,7.3,0,0.275421,-0.00312337,0
17,7.4,0,0.28226,-0.00283003,0
17,7.5,0,0.287659,-0.00253959,0
17,7.6,0,0.293059,-0.00224915,0
17,7.7,0,0.297752,-0.00201134,0
17,7.8,0,0.30048,-0.00183241,0
17,7.9,0,0.303209,-0.00165347,0
17,8,0,0.30593,-0.00147698,0
17,8.1,0,0.307223,-0.00138248,0
17,8.2,0,0.308388,-0.00127773,0
17,8.3,0,0.309554,-0.00117297,0
17,8.4,0,0.310265,-0.0011009,0
17,8.5,0,0.310648,-0.00102845,0
17,8.6,0,0.311031,-0.000955989,0
17,8.7,0,0.311329,-0.00089561,0
17,8.8,0,0.311359,-0.000830931,0
17,8.9,0,0.311388,-0.000766253,0
17,9,0,0.311417,-0.000701574,0
17,9.1,0,0.311307,-0.000643211,0
17,9.2,0,0.311182,-0.000577347,0
17,9.3,0,0.311056,-0.000511483,0
17,9.4,0,0.31089,-0.000449583,0
17,9.5,0,0.310692,-0.000381431,0
17,9.6,0,0.310494,-0.000313279,0
17,9.7,0,0.310288,-0.00024877,0
17,9.8,0,0.310049,-0.000180699,0
17,9.9,0,0.309811,-0.000112628,0
17,10,0,0.309573,-4.45568e-05,0
17,10.1,0,0.309312,1.82859e-05,0
17,10.2,0,0.309047,8.31066e-05,0
17,10.3,0,0.308782,0.000147927,0
17,10.4,0,0.308508,0.000208264,0
17,10.5,0,0.308224,0.00026747,0
17,10.6,0,0.30794,0.000326675,0
17,10.7,0,0.307655,0.000383862,0
17,10.8,0,0.307359,0.000435569,0
17,10.9,0,0.307062,0.000487379,0
17,11,0,0.306766,0.00053919,0
17,11.1,0,0.306467,0.000583072,0
17,11.2,0,0.306168,0.000625571,0
17,11.3,0,0.305868,0.00066807,0
17,11.4,0,0.305575,0.000705365,0
17,11.5,0,0.30529,0.000736587,0
17,11.6,0,0.305005,0.000767808,0
17,11.7,0,0.304723,0.000798592,0
17,11.8,0,0.304483,0.000815386,0
17,11.9,0,0.304243,0.000832805,0
17,12,0,0.304003,0.000850223,0
17,12.1,0,0.303825,0.000856703,0
17,12.2,0,0.303672,0.000858832,0
17,12.3,0,0.303519,0.00086096,0
17,12.4,0,0.303404,0.000860237,0
17,12.5,0,0.303355,0.000857498,0
17,12.6,0,0.303305,0.000854758,0
17,12.7,0,0.303259,0.000854311,0
17.1,0,0,0.304642,0.00528717,0
17.1,0.1,0,0.30464,0.0053254,0
17.1,0.2,0,0.304655,0.00533428,0
17.1,0.3,0,0.304669,0.00535418,0
17.1,0.4,0,0.304746,0.00538298,0
17.1,0.5,0,0.304841,0.00538195,0
17.1,0.6,0,0.304961,0.00546414,0
17.1,0.7,0,0.305134,0.005518,0
17.1,0.8,0,0.305313,0.00558359,0
17.1,0.9,0,0.30557,0.00566732,0
17.1,1,0,0.305845,0.00571968,0
17.1,1.1,0,0.3061,0.0058634,0
17.1,1.2,0,0.30641,0.00597944,0
17.1,1.3,0,0.306693,0.00610832,0
17.1,1.4,0,0.307029,0.00625764,0
17.1,1.5,0,0.307378,0.00637231,0
17.1,1.6,0,0.307657,0.00658742,0
17.1,1.7,0,0.307994,0.00677144,0
17.1,1.8,0,0.308272,0.00697176,0
17.1,1.9,0,0.308587,0.00719374,0
17.1,2,0,0.308906,0.00737613,0
17.1,2.1,0,0.309102,0.0076806,0
17.1,2.2,0,0.309353,0.00794635,0
17.1,2.3,0,0.309481,0.00824054,0
17.1,2.4,0,0.309588,0.00855894,0
17.1,2.5,0,0.309658,0.00882767,0
17.1,2.6,0,0.309449,0.00926622,0
17.1,2.7,0,0.30925,0.00964854,0
17.1,2.8,0,0.308722,0.0100809,0
17.1,2.9,0,0.307927,0.0105375,0
17.1,3,0,0.30698,0.0109197,0
17.1,3.1,0,0.305291,0.0115476,0
17.1,3.2,0,0.303445,0.0120796,0
17.1,3.3,0,0.300829,0.0126711,0
17.1,3.4,0,0.297319,0.0132555,0
17.1,3.5,0,0.293469,0.0137139,0
17.1,3.6,0,0.288124,0.0144617,0
17.1,3.7,0,0.2823,0.015034,0
17.1,3.8,0,0.275318,0.0156144,0
17.1,3.9,0,0.266747,0.0160605,0
17.1,4,0,0.257752,0.0163167,0
17.1,4.1,0,0.247221,0.0167822,0
17.1,4.2,0,0.236,0.0169597,0
17.1,4.3,0,0.224135,0.0170743,0
17.1,4.4,0,0.211086,0.0168652,0
17.1,4.5,0,0.197869,0.0164524,0
17.1,4.6,0,0.184851,0.0161807,0
17.1,4.7,0,0.171447,0.0155394,0
17.1,4.8,0,0.159065,0.0149077,0
17.1,4.9,0,0.148716,0.0140476,0
17.1,5,0,0.139343,0.0130358,0
17.1,5.1,0,0.125643,0.0114116,0
17.1,5.2,0,0.117381,0.0101076,0
17.1,5.3,0,0.110909,0.00872395,0
17.1,5.4,0,0.106416,0.00728753,0
17.1,5.5,0,0.104039,0.00582765,0
17.1,5.6,0,0.10386,0.00437492,0
17.1,5.7,0,0.1059,0.00296059,0
17.1,5.8,0,0.110115,0.00161478,0
17.1,5.9,0,0.116404,0.000362499,0
17.1,6,0,0.129798,-0.001402,0
17.1,6.1,0,0.137217,-0.00184137,0
17.1,6.2,0,0.146979,-0.00244834,0
17.1,6.3,0,0.157394,-0.00316631,0
17.1,6.4,0,0.170156,-0.00376158,0
17.1,6.5,0,0.183809,-0.00396974,0
17.1,6.6,0,0.197463,-0.00417789,0
17.1,6.7,0,0.211021,-0.00442348,0
17.1,6.8,0,0.22359,-0.0041748,0
17.1,6.9,0,0.236044,-0.00393479,0
17.1,7,0,0.247923,-0.00390804,0
17.1,7.1,0,0.257892,-0.00347673,0
17.1,7.2,0,0.26693,-0.00311304,0
17.1,7.3,0,0.275732,-0.00281532,0
17.1,7.4,0,0.28274,-0.0025616,0
17.1,7.5,0,0.28814,-0.00227116,0
17.1,7.6,0,0.293539,-0.00198073,0
17.1,7.7,0,0.297774,-0.00189533,0
17.1,7.8,0,0.300804,-0.001663,0
17.1,7.9,0,0.303532,-0.00148407,0
17.1,8,0,0.305868,-0.00143829,0
17.1,8.1,0,0.307403,-0.00129351,0
17.1,8.2,0,0.308569,-0.00118876,0
17.1,8.3,0,0.309691,-0.00110187,0
17.1,8.4,0,0.310348,-0.00107159,0
17.1,8.5,0,0.310731,-0.000999139,0
17.1,8.6,0,0.311114,-0.000926682,0
17.1,8.7,0,0.311317,-0.000916448,0
17.1,8.8,0,0.311386,-0.000843712,0
17.1,8.9,0,0.311415,-0.000779034,0
17.1,9,0,0.311392,-0.00074232,0
17.1,9.1,0,0.311304,-0.000685286,0
17.1,9.2,0,0.311178,-0.000619422,0
17.1,9.3,0,0.311049,-0.000555232,0
17.1,9.4,0,0.310869,-0.000511859,0
17.1,9.5,0,0.310673,-0.000443939,0
17.1,9.6,0,0.310474,-0.000375787,0
17.1,9.7,0,0.310241,-0.000321921,0
17.1,9.8,0,0.310021,-0.000257729,0
17.1,9.9,0,0.309783,-0.000189658,0
17.1,10,0,0.309526,-0.000125897,0
17.1,10.1,0,0.30928,-6.9257e-05,0
17.1,10.2,0,0.309015,-4.4363e-06,0
17.1,10.3,0,0.30875,6.03844e-05,0
17.1,10.4,0,0.308471,0.000114045,0
17.1,10.5,0,0.308191,0.000172098,0
17.1,10.6,0,0.307907,0.000231304,0
17.1,10.7,0,0.307607,0.000288549,0
17.1,10.8,0,0.307327,0.000334663,0
17.1,10.9,0,0.307031,0.000386474,0
17.1,11,0,0.306727,0.000439346,0
17.1,11.1,0,0.306439,0.000478386,0
17.1,11.2,0,0.306139,0.000520885,0
17.1,11.3,0,0.30584,0.000563384,0
17.1,11.4,0,0.305547,0.0005996,0
17.1,11.5,0,0.305264,0.000629131,0
17.1,11.6,0,0.304979,0.000660352,0
17.1,11.7,0,0.304701,0.000694291,0
17.1,11.8,0,0.304459,0.000706444,0
17.1,11.9,0,0.304219,0.000723862,0
17.1,12,0,0.303988,0.000743246,0
17.1,12.1,0,0.303804,0.00074682,0
17.1,12.2,0,0.303651,0.000748948,0
17.1,12.3,0,0.303498,0.000751077,0
17.1,12.4,0,0.303399,0.000749718,0
17.1,12.5,0,0.303345,0.000743028,0
17.1,12.6,0,0.303295,0.000740288,0
17.1,12.7,0,0.303264,0.000749007,0
17.2,0,0,0.304625,0.00538595,0
17.2,0.1,0,0.30461,0.00544767,0
17.2,0.2,0,0.30463,0.00544042,0
17.2,0.3,0,0.304637,0.00546056,0
17.2,0.4,0,0.304691,0.00550609,0
17.2,0.5,0,0.304801,0.00548119,0
17.2,0.6,0,0.304879,0.00558603,0
17.2,0.7,0,0.305063,0.0056228,0
17.2,0.8,0,0.305234,0.00568761,0
17.2,0.9,0,0.305459,0.00578665,0
17.2,1,0,0.305749,0.0058139,0
17.2,1.1,0,0.305958,0.00597977,0
17.2,1.2,0,0.306278,0.00607744,0
17.2,1.3,0,0.30655,0.00620541,0
17.2,1.4,0,0.306854,0.00637097,0
17.2,1.5,0,0.307214,0.00645793,0
17.2,1.6,0,0.307447,0.00669791,0
17.2,1.7,0,0.30779,0.00686132,0
17.2,1.8,0,0.308057,0.00706099,0
17.2,1.9,0,0.308338,0.00730208,0
17.2,2,0,0.308661,0.00745282,0
17.2,2.1,0,0.308813,0.00778824,0
17.2,2.2,0,0.309059,0.00802962,0
17.2,2.3,0,0.309175,0.00832431,0
17.2,2.4,0,0.309258,0.00866828,0
17.2,2.5,0,0.309299,0.00889727,0
17.2,2.6,0,0.309082,0.00938082,0
17.2,2.7,0,0.308836,0.0097299,0
17.2,2.8,0,0.308302,0.0101653,0
17.2,2.9,0,0.307537,0.0106624,0
17.2,3,0,0.306468,0.0109851,0
17.2,3.1,0,0.304904,0.0116898,0
17.2,3.2,0,0.302922,0.0121677,0
17.2,3.3,0,0.300321,0.0127672,0
17.2,3.4,0,0.296982,0.0134243,0
17.2,3.5,0,0.29286,0.013782,0
17.2,3.6,0,0.287897,0.0146702,0
17.2,3.7,0,0.281842,0.015153,0
17.2,3.8,0,0.274912,0.0157505,0
17.2,3.9,0,0.266692,0.016326,0
17.2,4,0,0.25736,0.0164302,0
17.2,4.1,0,0.24738,0.0171262,0
17.2,4.2,0,0.235967,0.0171885,0
17.2,4.3,0,0.224168,0.0173343,0
17.2,4.4,0,0.211462,0.0173134,0
17.2,4.5,0,0.198111,0.0167378,0
17.2,4.6,0,0.185401,0.0167618,0
17.2,4.7,0,0.172047,0.0160113,0
17.2,4.8,0,0.159545,0.0154082,0
17.2,4.9,0,0.148863,0.0147238,0
17.2,5,0,0.140269,0.0135907,0
17.2,5.1,0,0.126741,0.0120466,0
17.2,5.2,0,0.118584,0.0107952,0
17.2,5.3,0,0.112197,0.00945752,0
17.2,5.4,0,0.107764,0.00805906,0
17.2,5.5,0,0.105422,0.00662786,0
17.2,5.6,0,0.105249,0.00519361,0
17.2,5.7,0,0.107265,0.00378705,0
17.2,5.8,0,0.11143,0.00243829,0
17.2,5.9,0,0.11764,0.00117255,0
17.2,6,0,0.13087,-0.000633101,0
17.2,6.1,0,0.136414,-0.000938387,0
17.2,6.2,0,0.146176,-0.00154536,0
17.2,6.3,0,0.158073,-0.00251542,0
17.2,6.4,0,0.170686,-0.00311951,0
17.2,6.5,0,0.183904,-0.00335358,0
17.2,6.6,0,0.197618,-0.0036539,0
17.2,6.7,0,0.211211,-0.00395347,0
17.2,6.8,0,0.223988,-0.00368922,0
17.2,6.9,0,0.236442,-0.00344921,0
17.2,7,0,0.247813,-0.00361047,0
17.2,7.1,0,0.258404,-0.0031067,0
17.2,7.2,0,0.267476,-0.00273902,0
17.2,7.3,0,0.275554,-0.00264454,0
17.2,7.4,0,0.282653,-0.00237734,0
17.2,7.5,0,0.28862,-0.00200274,0
17.2,7.6,0,0.293707,-0.00180423,0
17.2,7.7,0,0.297648,-0.00180543,0
17.2,7.8,0,0.301128,-0.00149359,0
17.2,7.9,0,0.303856,-0.00131466,0
17.2,8,0,0.305806,-0.00139959,0
17.2,8.1,0,0.307543,-0.00121298,0
17.2,8.2,0,0.308749,-0.00109978,0
17.2,8.3,0,0.309662,-0.0010984,0
17.2,8.4,0,0.310322,-0.00106755,0
17.2,8.5,0,0.310815,-0.000969832,0
17.2,8.6,0,0.311155,-0.000918265,0
17.2,8.7,0,0.311295,-0.000939463,0
17.2,8.8,0,0.311412,-0.000856493,0
17.2,8.9,0,0.311442,-0.000791815,0
17.2,9,0,0.311362,-0.000786072,0
17.2,9.1,0,0.311293,-0.000727836,0
17.2,9.2,0,0.311175,-0.000661496,0
17.2,9.3,0,0.311008,-0.000615261,0
17.2,9.4,0,0.310828,-0.000571888,0
17.2,9.5,0,0.310653,-0.000506446,0
17.2,9.6,0,0.310446,-0.000441194,0
17.2,9.7,0,0.310193,-0.000394654,0
17.2,9.8,0,0.309993,-0.000334759,0
17.2,9.9,0,0.309755,-0.000266688,0
17.2,10,0,0.309474,-0.000208402,0
17.2,10.1,0,0.30924,-0.000154789,0
17.2,10.2,0,0.308983,-9.19792e-05,0
17.2,10.3,0,0.308699,-2.94201e-05,0
17.2,10.4,0,0.30842,2.41887e-05,0
17.2,10.5,0,0.308158,7.67265e-05,0
17.2,10.6,0,0.307872,0.000135942,0
17.2,10.7,0,0.307559,0.000193237,0
17.2,10.8,0,0.307296,0.000233758,0
17.2,10.9,0,0.306999,0.000285568,0
17.2,11,0,0.306686,0.000340022,0
17.2,11.1,0,0.306403,0.000376461,0
17.2,11.2,0,0.30611,0.0004162,0
17.2,11.3,0,0.305807,0.0004608,0
17.2,11.4,0,0.305514,0.000497353,0
17.2,11.5,0,0.305238,0.000521675,0
17.2,11.6,0,0.304953,0.000553061,0
17.2,11.7,0,0.304679,0.00058999,0
17.2,11.8,0,0.304435,0.000597501,0
17.2,11.9,0,0.304196,0.00061492,0
17.2,12,0,0.303978,0.000637839,0
17.2,12.1,0,0.303791,0.00063976,0
17.2,12.2,0,0.303631,0.000639065,0
17.2,12.3,0,0.303494,0.000644466,0
17.2,12.4,0,0.3034,0.00064422,0
17.2,12.5,0,0.303334,0.000628557,0
17.2,12.6,0,0.303285,0.000625818,0
17.2,12.7,0,0.30327,0.000643703,0
17.3,0,0,0.304608,0.00548473,0
17.3,0.1,0,0.304582,0.00556642,0
17.3,0.2,0,0.304607,0.00553964,0
17.3,0.3,0,0.304614,0.00555978,0
17.3,0.4,0,0.304638,0.00562562,0
17.3,0.5,0,0.304761,0.00558042,0
17.3,0.6,0,0.304803,0.00570452,0
17.3,0.7,0,0.304997,0.00572026,0
17.3,0.8,0,0.305168,0.00578508,0
17.3,0.9,0,0.305351,0.0059022,0
17.3,1,0,0.305652,0.00590812,0
17.3,1.1,0,0.305823,0.00609282,0
17.3,1.2,0,0.306149,0.00616756,0
17.3,1.3,0,0.306421,0.00629554,0
17.3,1.4,0,0.306682,0.00648015,0
17.3,1.5,0,0.307051,0.00654355,0
17.3,1.6,0,0.307244,0.00680467,0
17.3,1.7,0,0.307589,0.00694236,0
17.3,1.8,0,0.307855,0.00714203,0
17.3,1.9,0,0.30809,0.00740568,0
17.3,2,0,0.308416,0.0075295,0
17.3,2.1,0,0.30853,0.00789125,0
17.3,2.2,0,0.308762,0.00810243,0
17.3,2.3,0,0.308878,0.00839713,0
17.3,2.4,0,0.308924,0.00877165,0
17.3,2.5,0,0.308939,0.00896687,0
17.3,2.6,0,0.308716,0.00948867,0
17.3,2.7,0,0.308403,0.00979701,0
17.3,2.8,0,0.307868,0.0102324,0
17.3,2.9,0,0.307127,0.0107784,0
17.3,3,0,0.305955,0.0110505,0
17.3,3.1,0,0.304499,0.0118204,0
17.3,3.2,0,0.302341,0.0122326,0
17.3,3.3,0,0.29974,0.0128322,0
17.3,3.4,0,0.296604,0.013578,0
17.3,3.5,0,0.292251,0.0138501,0
17.3,3.6,0,0.287613,0.0148577,0
17.3,3.7,0,0.281286,0.0152337,0
17.3,3.8,0,0.274355,0.0158312,0
17.3,3.9,0,0.266587,0.0165686,0
17.3,4,0,0.256967,0.0165437,0
17.3,4.1,0,0.247457,0.0174357,0
17.3,4.2,0,0.235853,0.0173679,0
17.3,4.3,0,0.224053,0.0175137,0
17.3,4.4,0,0.211818,0.0177373,0
17.3,4.5,0,0.198353,0.0170232,0
17.3,4.6,0,0.185906,0.0172985,0
17.3,4.7,0,0.172669,0.0164365,0
17.3,4.8,0,0.160167,0.0158334,0
17.3,4.9,0,0.149126,0.0153819,0
17.3,5,0,0.141196,0.0141456,0
17.3,5.1,0,0.127839,0.0126817,0
17.3,5.2,0,0.119788,0.0114828,0
17.3,5.3,0,0.113484,0.0101911,0
17.3,5.4,0,0.109112,0.00883059,0
17.3,5.5,0,0.106804,0.00742807,0
17.3,5.6,0,0.106638,0.0060123,0
17.3,5.7,0,0.108631,0.00461351,0
17.3,5.8,0,0.112744,0.00326181,0
17.3,5.9,0,0.118877,0.0019826,0
17.3,6,0,0.131942,0.000135798,0
17.3,6.1,0,0.137367,-0.000160982,0
17.3,6.2,0,0.145561,-0.000674358,0
17.3,6.3,0,0.158751,-0.00186453,0
17.3,6.4,0,0.171364,-0.00246862,0
17.3,6.5,0,0.183998,-0.00273742,0
17.3,6.6,0,0.197808,-0.0031839,0
17.3,6.7,0,0.211402,-0.00348347,0
17.3,6.8,0,0.224335,-0.00320741,0
17.3,6.9,0,0.236423,-0.00311796,0
17.3,7,0,0.247703,-0.00331289,0
17.3,7.1,0,0.258294,-0.00280913,0
17.3,7.2,0,0.268014,-0.00236727,0
17.3,7.3,0,0.275376,-0.00247375,0
17.3,7.4,0,0.282474,-0.00220655,0
17.3,7.5,0,0.2891,-0.00173432,0
17.3,7.6,0,0.293582,-0.00171432,0
17.3,7.7,0,0.297522,-0.00171552,0
17.3,7.8,0,0.30129,-0.00135266,0
17.3,7.9,0,0.303908,-0.00123744,0
17.3,8,0,0.305744,-0.0013609,0
17.3,8.1,0,0.307481,-0.00117428,0
17.3,8.2,0,0.30893,-0.00101081,0
17.3,8.3,0,0.309634,-0.00109494,0
17.3,8.4,0,0.310294,-0.00106408,0
17.3,8.5,0,0.310898,-0.000940526,0
17.3,8.6,0,0.311133,-0.00094128,0
17.3,8.7,0,0.311272,-0.000962477,0
17.3,8.8,0,0.311416,-0.000874124,0
17.3,8.9,0,0.311435,-0.000822854,0
17.3,9,0,0.311331,-0.000829823,0
17.3,9.1,0,0.311262,-0.000771587,0
17.3,9.2,0,0.311171,-0.000703571,0
17.3,9.3,0,0.310967,-0.000675289,0
17.3,9.4,0,0.310787,-0.000631916,0
17.3,9.5,0,0.310633,-0.000568953,0
17.3,9.6,0,0.310398,-0.000513928,0
17.3,9.7,0,0.310144,-0.000467388,0
17.3,9.8,0,0.309953,-0.000409257,0
17.3,9.9,0,0.309715,-0.000346313,0
17.3,10,0,0.309422,-0.000290907,0
17.3,10.1,0,0.309188,-0.000237294,0
17.3,10.2,0,0.308951,-0.000179522,0
17.3,10.3,0,0.308647,-0.000119276,0
17.3,10.4,0,0.308368,-6.56676e-05,0
17.3,10.5,0,0.308125,-1.86451e-05,0
17.3,10.6,0,0.307824,4.06291e-05,0
17.3,10.7,0,0.307511,9.79236e-05,0
17.3,10.8,0,0.307253,0.000136796,0
17.3,10.9,0,0.306964,0.000185229,0
17.3,11,0,0.306644,0.000240697,0
17.3,11.1,0,0.306362,0.000277137,0
17.3,11.2,0,0.306082,0.000311514,0
17.3,11.3,0,0.305774,0.000358553,0
17.3,11.4,0,0.305482,0.000395106,0
17.3,11.5,0,0.305212,0.000414277,0
17.3,11.6,0,0.304932,0.00044876,0
17.3,11.7,0,0.304657,0.000485689,0
17.3,11.8,0,0.304413,0.000492369,0
17.3,11.9,0,0.304175,0.000506834,0
17.3,12,0,0.303969,0.000532432,0
17.3,12.1,0,0.303782,0.000534352,0
17.3,12.2,0,0.30361,0.000529182,0
17.3,12.3,0,0.303495,0.000538968,0
17.3,12.4,0,0.303402,0.000538722,0
17.3,12.5,0,0.303326,0.000515226,0
17.3,12.6,0,0.303289,0.000519933,0
17.3,12.7,0,0.303275,0.000538399,0
17.4,0,0,0.304591,0.00558351,0
17.4,0.1,0,0.304565,0.0056652,0
17.4,0.2,0,0.304584,0.00563886,0
17.4,0.3,0,0.304591,0.00565901,0
17.4,0.4,0,0.304598,0.00572485,0
17.4,0.5,0,0.30472,0.00567966,0
17.4,0.6,0,0.304763,0.00580376,0
17.4,0.7,0,0.304932,0.00581772,0
17.4,0.8,0,0.305102,0.00588254,0
17.4,0.9,0,0.305254,0.00599642,0
17.4,1,0,0.305556,0.00600234,0
17.4,1.1,0,0.305727,0.00618704,0
17.4,1.2,0,0.30602,0.00625769,0
17.4,1.3,0,0.306292,0.00638566,0
17.4,1.4,0,0.306518,0.00656577,0
17.4,1.5,0,0.306887,0.00662917,0
17.4,1.6,0,0.30708,0.00689029,0
17.4,1.7,0,0.307388,0.0070234,0
17.4,1.8,0,0.307654,0.00722307,0
17.4,1.9,0,0.307846,0.00748236,0
17.4,2,0,0.308171,0.00760619,0
17.4,2.1,0,0.308286,0.00796793,0
17.4,2.2,0,0.308466,0.00817524,0
17.4,2.3,0,0.308581,0.00846994,0
17.4,2.4,0,0.308564,0.00884126,0
17.4,2.5,0,0.30858,0.00903647,0
17.4,2.6,0,0.308357,0.00955827,0
17.4,2.7,0,0.30797,0.00986413,0
17.4,2.8,0,0.307435,0.0102996,0
17.4,2.9,0,0.306615,0.0108438,0
17.4,3,0,0.305442,0.0111159,0
17.4,3.1,0,0.303986,0.0118858,0
17.4,3.2,0,0.301759,0.0122976,0
17.4,3.3,0,0.299158,0.0128971,0
17.4,3.4,0,0.295995,0.013646,0
17.4,3.5,0,0.291642,0.0139181,0
17.4,3.6,0,0.287004,0.0149257,0
17.4,3.7,0,0.280729,0.0153144,0
17.4,3.8,0,0.273798,0.0159119,0
17.4,3.9,0,0.266195,0.0166821,0
17.4,4,0,0.256575,0.0166572,0
17.4,4.1,0,0.247064,0.0175492,0
17.4,4.2,0,0.235738,0.0175472,0
17.4,4.3,0,0.223939,0.0176931,0
17.4,4.4,0,0.21206,0.0180227,0
17.4,4.5,0,0.198595,0.0173086,0
17.4,4.6,0,0.186148,0.0175839,0
17.4,4.7,0,0.173291,0.0168617,0
17.4,4.8,0,0.160789,0.0162585,0
17.4,4.9,0,0.150053,0.0159368,0
17.4,5,0,0.142123,0.0147005,0
17.4,5.1,0,0.128937,0.0133167,0
17.4,5.2,0,0.120991,0.0121704,0
17.4,5.3,0,0.114772,0.0109247,0
17.4,5.4,0,0.11046,0.00960211,0
17.4,5.5,0,0.108187,0.00822828,0
17.4,5.6,0,0.108026,0.006831,0
17.4,5.7,0,0.109997,0.00543997,0
17.4,5.8,0,0.114059,0.00408532,0
17.4,5.9,0,0.120114,0.00279265,0
17.4,6,0,0.133014,0.000904697,0
17.4,6.1,0,0.138438,0.000607917,0
17.4,6.2,0,0.146239,-2.34693e-05,0
17.4,6.3,0,0.159429,-0.00121364,0
17.4,6.4,0,0.172042,-0.00181773,0
17.4,6.5,0,0.184375,-0.00215259,0
17.4,6.6,0,0.197999,-0.00271389,0
17.4,6.7,0,0.211592,-0.00301347,0
17.4,6.8,0,0.224525,-0.00273741,0
17.4,6.9,0,0.236313,-0.00282038,0
17.4,7,0,0.247594,-0.00301532,0
17.4,7.1,0,0.258185,-0.00251155,0
17.4,7.2,0,0.267836,-0.00219649,0
17.4,7.3,0,0.275198,-0.00230296,0
17.4,7.4,0,0.282296,-0.00203576,0
17.4,7.5,0,0.289097,-0.00155542,0
17.4,7.6,0,0.293456,-0.00162442,0
17.4,7.7,0,0.297396,-0.00162562,0
17.4,7.8,0,0.301164,-0.00126276,0
17.4,7.9,0,0.303846,-0.00119874,0
17.4,8,0,0.305682,-0.0013222,0
17.4,8.1,0,0.307419,-0.00113559,0
17.4,8.2,0,0.308923,-0.000998412,0
17.4,8.3,0,0.309606,-0.00109147,0
17.4,8.4,0,0.310266,-0.00106062,0
17.4,8.5,0,0.310898,-0.000932871,0
17.4,8.6,0,0.31111,-0.000964294,0
17.4,8.7,0,0.31125,-0.000985492,0
17.4,8.8,0,0.311393,-0.000897138,0
17.4,8.9,0,0.311404,-0.000866605,0
17.4,9,0,0.311301,-0.000873574,0
17.4,9.1,0,0.311232,-0.000815338,0
17.4,9.2,0,0.311138,-0.000759647,0
17.4,9.3,0,0.310926,-0.000735317,0
17.4,9.4,0,0.310746,-0.000691944,0
17.4,9.5,0,0.310597,-0.000629528,0
17.4,9.6,0,0.310349,-0.000586662,0
17.4,9.7,0,0.310095,-0.000540122,0
17.4,9.8,0,0.309904,-0.00048199,0
17.4,9.9,0,0.309663,-0.000428818,0
17.4,10,0,0.30937,-0.000373412,0
17.4,10.1,0,0.309136,-0.000319799,0
17.4,10.2,0,0.308904,-0.000268169,0
17.4,10.3,0,0.308596,-0.000209133,0
17.4,10.4,0,0.308317,-0.000155524,0
17.4,10.5,0,0.308076,-0.000109078,0
17.4,10.6,0,0.307776,-5.46839e-05,0
17.4,10.7,0,0.307464,2.61067e-06,0
17.4,10.8,0,0.307205,4.14834e-05,0
17.4,10.9,0,0.306923,8.59049e-05,0
17.4,11,0,0.306603,0.000141373,0
17.4,11.1,0,0.30632,0.000177812,0
17.4,11.2,0,0.306048,0.000209246,0
17.4,11.3,0,0.305742,0.000256306,0
17.4,11.4,0,0.305449,0.000292859,0
17.4,11.5,0,0.30518,0.00031203,0
17.4,11.6,0,0.30491,0.000344459,0
17.4,11.7,0,0.304635,0.000381388,0
17.4,11.8,0,0.304391,0.000388068,0
17.4,11.9,0,0.304166,0.000401427,0
17.4,12,0,0.303959,0.000427024,0
17.4,12.1,0,0.303772,0.000428945,0
17.4,12.2,0,0.303602,0.000422617,0
17.4,12.3,0,0.303496,0.000433471,0
17.4,12.4,0,0.303403,0.000433224,0
17.4,12.5,0,0.303327,0.000409728,0
17.4,12.6,0,0.303295,0.000414629,0
17.4,12.7,0,0.303281,0.000433095,0
17.5,0,0,0.304574,0.00568229,0
17.5,0.1,0,0.304552,0.00575015,0
17.5,0.2,0,0.304561,0.00573808,0
17.5,0.3,0,0.304568,0.00575823,0
17.5,0.4,0,0.304577,0.00580976,0
17.5,0.5,0,0.30468,0.00577889,0
17.5,0.6,0,0.304733,0.00588834,0
17.5,0.7,0,0.304866,0.00591519,0
17.5,0.8,0,0.305036,0.00598,0
17.5,0.9,0,0.305185,0.00607753,0
17.5,1,0,0.30546,0.00609655,0
17.5,1.1,0,0.305638,0.00626551,0
17.5,1.2,0,0.305891,0.00634781,0
17.5,1.3,0,0.306163,0.00647578,0
17.5,1.4,0,0.306382,0.00663746,0
17.5,1.5,0,0.306724,0.00671479,0
17.5,1.6,0,0.306922,0.00695824,0
17.5,1.7,0,0.307186,0.00710444,0
17.5,1.8,0,0.307453,0.00730411,0
17.5,1.9,0,0.307629,0.00754266,0
17.5,2,0,0.307927,0.00768287,0
17.5,2.1,0,0.308036,0.00802372,0
17.5,2.2,0,0.308169,0.00824806,0
17.5,2.3,0,0.308285,0.00854275,0
17.5,2.4,0,0.308225,0.00888894,0
17.5,2.5,0,0.308221,0.00910607,0
17.5,2.6,0,0.307958,0.00959938,0
17.5,2.7,0,0.307536,0.00993124,0
17.5,2.8,0,0.307002,0.0103667,0
17.5,2.9,0,0.306076,0.0108745,0
17.5,3,0,0.30493,0.0111813,0
17.5,3.1,0,0.303357,0.0119048,0
17.5,3.2,0,0.301178,0.0123625,0
17.5,3.3,0,0.298577,0.0129621,0
17.5,3.4,0,0.295239,0.0136518,0
17.5,3.5,0,0.291033,0.0139862,0
17.5,3.6,0,0.286197,0.0149171,0
17.5,3.7,0,0.280172,0.0153951,0
17.5,3.8,0,0.273242,0.0159925,0
17.5,3.9,0,0.265501,0.0166848,0
17.5,4,0,0.256182,0.0167707,0
17.5,4.1,0,0.246507,0.0175639,0
17.5,4.2,0,0.235624,0.0177266,0
17.5,4.3,0,0.223824,0.0178725,0
17.5,4.4,0,0.212007,0.0181468,0
17.5,4.5,0,0.198837,0.017594,0
17.5,4.6,0,0.186432,0.0177758,0
17.5,4.7,0,0.173913,0.0172869,0
17.5,4.8,0,0.161411,0.0166837,0
17.5,4.9,0,0.151265,0.0163411,0
17.5,5,0,0.143049,0.0152554,0
17.5,5.1,0,0.130035,0.0139517,0
17.5,5.2,0,0.122194,0.012858,0
17.5,5.3,0,0.116059,0.0116582,0
17.5,5.4,0,0.111809,0.0103736,0
17.5,5.5,0,0.109569,0.00902849,0
17.5,5.6,0,0.109415,0.00764969,0
17.5,5.7,0,0.111363,0.00626643,0
17.5,5.8,0,0.115373,0.00490883,0
17.5,5.9,0,0.12135,0.0036027,0
17.5,6,0,0.134086,0.0016736,0
17.5,6.1,0,0.13951,0.00137682,0
17.5,6.2,0,0.148086,0.000543868,0
17.5,6.3,0,0.160108,-0.000562751,0
17.5,6.4,0,0.172721,-0.00116684,0
17.5,6.5,0,0.18515,-0.00164785,0
17.5,6.6,0,0.198189,-0.00224389,0
17.5,6.7,0,0.211782,-0.00254346,0
17.5,6.8,0,0.224458,-0.00236281,0
17.5,6.9,0,0.236203,-0.00252281,0
17.5,7,0,0.247484,-0.00271774,0
17.5,7.1,0,0.258075,-0.00221398,0
17.5,7.2,0,0.267173,-0.00208218,0
17.5,7.3,0,0.275019,-0.00213217,0
17.5,7.4,0,0.282118,-0.00186498,0
17.5,7.5,0,0.288313,-0.00156315,0
17.5,7.6,0,0.29333,-0.00153451,0
17.5,7.7,0,0.29727,-0.00153572,0
17.5,7.8,0,0.300887,-0.00122407,0
17.5,7.9,0,0.303764,-0.00116361,0
17.5,8,0,0.30562,-0.00128351,0
17.5,8.1,0,0.307357,-0.0010969,0
17.5,8.2,0,0.308688,-0.00103791,0
17.5,8.3,0,0.309578,-0.001088,0
17.5,8.4,0,0.310238,-0.00105715,0
17.5,8.5,0,0.310764,-0.000981725,0
17.5,8.6,0,0.311088,-0.000987309,0
17.5,8.7,0,0.311227,-0.00100851,0
17.5,8.8,0,0.311355,-0.000928704,0
17.5,8.9,0,0.311366,-0.000911998,0
17.5,9,0,0.31127,-0.000917325,0
17.5,9.1,0,0.311201,-0.000859089,0
17.5,9.2,0,0.311071,-0.000821302,0
17.5,9.3,0,0.310885,-0.000795346,0
17.5,9.4,0,0.310705,-0.000751973,0
17.5,9.5,0,0.310528,-0.000699477,0
17.5,9.6,0,0.310301,-0.000659395,0
17.5,9.7,0,0.310047,-0.000612856,0
17.5,9.8,0,0.309852,-0.000555603,0
17.5,9.9,0,0.309605,-0.000510137,0
17.5,10,0,0.309318,-0.000455917,0
17.5,10.1,0,0.309084,-0.000402304,0
17.5,10.2,0,0.308833,-0.000352988,0
17.5,10.3,0,0.308544,-0.000298989,0
17.5,10.4,0,0.308265,-0.00024538,0
17.5,10.5,0,0.308012,-0.000198884,0
17.5,10.6,0,0.307728,-0.000149997,0
17.5,10.7,0,0.307416,-9.27023e-05,0
17.5,10.8,0,0.307157,-5.37587e-05,0
17.5,10.9,0,0.306875,-1.12283e-05,0
17.5,11,0,0.306561,4.20487e-05,0
17.5,11.1,0,0.306279,7.8488e-05,0
17.5,11.2,0,0.306002,0.00011236,0
17.5,11.3,0,0.305709,0.000154059,0
17.5,11.4,0,0.305416,0.000190612,0
17.5,11.5,0,0.30515,0.000212114,0
17.5,11.6,0,0.304888,0.000240158,0
17.5,11.7,0,0.304614,0.000277087,0
17.5,11.8,0,0.30437,0.000283767,0
17.5,11.9,0,0.304158,0.000298375,0
17.5,12,0,0.30395,0.000321617,0
17.5,12.1,0,0.303763,0.000323538,0
17.5,12.2,0,0.303615,0.000321595,0
17.5,12.3,0,0.303497,0.000327973,0
17.5,12.4,0,0.303404,0.000327727,0
17.5,12.5,0,0.303338,0.000309942,0
17.5,12.6,0,0.3033,0.000309325,0
17.5,12.7,0,0.303286,0.000327792,0
17.6,0,0,0.304557,0.00578107,0
17.6,0.1,0,0.304542,0.00582588,0
17.6,0.2,0,0.304539,0.00583613,0
17.6,0.3,0,0.304545,0.00585625,0
17.6,0.4,0,0.304569,0.0058851,0
17.6,0.5,0,0.30464,0.00587813,0
17.6,0.6,0,0.304709,0.00596314,0
17.6,0.7,0,0.304802,0.00601152,0
17.6,0.8,0,0.304971,0.00607621,0
17.6,0.9,0,0.305133,0.00614989,0
17.6,1,0,0.305363,0.00619077,0
17.6,1.1,0,0.305554,0.00633348,0
17.6,1.2,0,0.305764,0.00643683,0
17.6,1.3,0,0.306035,0.00656452,0
17.6,1.4,0,0.306264,0.00669987,0
17.6,1.5,0,0.30656,0.00680041,0
17.6,1.6,0,0.306767,0.00701441,0
17.6,1.7,0,0.306987,0.00718423,0
17.6,1.8,0,0.307252,0.00738357,0
17.6,1.9,0,0.307431,0.00759204,0
17.6,2,0,0.307682,0.00775956,0
17.6,2.1,0,0.307784,0.00806557,0
17.6,2.2,0,0.307875,0.00831932,0
17.6,2.3,0,0.307987,0.00861358,0
17.6,2.4,0,0.307899,0.00892202,0
17.6,2.5,0,0.307861,0.00917568,0
17.6,2.6,0,0.307532,0.0096215,0
17.6,2.7,0,0.307103,0.00999611,0
17.6,2.8,0,0.306562,0.0104308,0
17.6,2.9,0,0.305521,0.0108821,0
17.6,3,0,0.304417,0.0112467,0
17.6,3.1,0,0.302649,0.0118931,0
17.6,3.2,0,0.300591,0.0124236,0
17.6,3.3,0,0.297982,0.013022,0
17.6,3.4,0,0.294386,0.013616,0
17.6,3.5,0,0.290424,0.0140543,0
17.6,3.6,0,0.285258,0.0148573,0
17.6,3.7,0,0.279596,0.0154687,0
17.6,3.8,0,0.272668,0.0160656,0
17.6,3.9,0,0.264606,0.0166135,0
17.6,4,0,0.255789,0.0168842,0
17.6,4.1,0,0.245841,0.0175128,0
17.6,4.2,0,0.235482,0.0178945,0
17.6,4.3,0,0.223703,0.0180437,0
17.6,4.4,0,0.211759,0.0181632,0
17.6,4.5,0,0.199079,0.0178794,0
17.6,4.6,0,0.186746,0.0179053,0
17.6,4.7,0,0.17452,0.0176973,0
17.6,4.8,0,0.162072,0.0171028,0
17.6,4.9,0,0.152667,0.0166449,0
17.6,5,0,0.143976,0.0158103,0
17.6,5.1,0,0.131133,0.0145867,0
17.6,5.2,0,0.123397,0.0135456,0
17.6,5.3,0,0.117347,0.0123918,0
17.6,5.4,0,0.113157,0.0111452,0
17.6,5.5,0,0.110952,0.0098287,0
17.6,5.6,0,0.110804,0.00846838,0
17.6,5.7,0,0.112729,0.00709289,0
17.6,5.8,0,0.116688,0.00573235,0
17.6,5.9,0,0.122587,0.00441275,0
17.6,6,0,0.135158,0.0024425,0
17.6,6.1,0,0.141788,0.00194065,0
17.6,6.2,0,0.15064,0.00106067,0
17.6,6.3,0,0.160786,8.81373e-05,0
17.6,6.4,0,0.173399,-0.000516497,0
17.6,6.5,0,0.185924,-0.00114312,0
17.6,6.6,0,0.198449,-0.00176974,0
17.6,6.7,0,0.211973,-0.00207346,0
17.6,6.8,0,0.224141,-0.00208082,0
17.6,6.9,0,0.235901,-0.00223971,0
17.6,7,0,0.247374,-0.00242017,0
17.6,7.1,0,0.25746,-0.00205821,0
17.6,7.2,0,0.266339,-0.00198783,0
17.6,7.3,0,0.274841,-0.00196139,0
17.6,7.4,0,0.28194,-0.00169419,0
17.6,7.5,0,0.287528,-0.00157088,0
17.6,7.6,0,0.293049,-0.00146756,0
17.6,7.7,0,0.297144,-0.00144581,0
17.6,7.8,0,0.300376,-0.00126488,0
17.6,7.9,0,0.303252,-0.00120442,0
17.6,8,0,0.305558,-0.00124482,0
17.6,8.1,0,0.307174,-0.00110797,0
17.6,8.2,0,0.308417,-0.00108472,0
17.6,8.3,0,0.30955,-0.00108453,0
17.6,8.4,0,0.31021,-0.00105368,0
17.6,8.5,0,0.31063,-0.00103058,0
17.6,8.6,0,0.311026,-0.00101939,0
17.6,8.7,0,0.311204,-0.00103152,0
17.6,8.8,0,0.311275,-0.000982689,0
17.6,8.9,0,0.311286,-0.000965983,0
17.6,9,0,0.31124,-0.000961076,0
17.6,9.1,0,0.311153,-0.000911215,0
17.6,9.2,0,0.311003,-0.000883007,0
17.6,9.3,0,0.310844,-0.000855374,0
17.6,9.4,0,0.310664,-0.000812001,0
17.6,9.5,0,0.310458,-0.000769732,0
17.6,9.6,0,0.310242,-0.000730973,0
17.6,9.7,0,0.309998,-0.00068559,0
17.6,9.8,0,0.309779,-0.000633811,0
17.6,9.9,0,0.309533,-0.000588345,0
17.6,10,0,0.309265,-0.000538423,0
17.6,10.1,0,0.309025,-0.00048562,0
17.6,10.2,0,0.308761,-0.000437806,0
17.6,10.3,0,0.308493,-0.000388845,0
17.6,10.4,0,0.308214,-0.000335237,0
17.6,10.5,0,0.307945,-0.000288681,0
17.6,10.6,0,0.30767,-0.000242099,0
17.6,10.7,0,0.307368,-0.000188015,0
17.6,10.8,0,0.307099,-0.000147491,0
17.6,10.9,0,0.306817,-0.00010496,0
17.6,11,0,0.30652,-5.72756e-05,0
17.6,11.1,0,0.306236,-2.02632e-05,0
17.6,11.2,0,0.305957,1.54743e-05,0
17.6,11.3,0,0.305676,5.18118e-05,0
17.6,11.4,0,0.305383,8.83645e-05,0
17.6,11.5,0,0.305121,0.000113022,0
17.6,11.6,0,0.304861,0.000139492,0
17.6,11.7,0,0.304592,0.000172786,0
17.6,11.8,0,0.304361,0.000182751,0
17.6,11.9,0,0.30415,0.00019761,0
17.6,12,0,0.303941,0.00021621,0
17.6,12.1,0,0.303756,0.000218654,0
17.6,12.2,0,0.303627,0.000220573,0
17.6,12.3,0,0.303499,0.000222492,0
17.6,12.4,0,0.303405,0.000222229,0
17.6,12.5,0,0.303355,0.000213611,0
17.6,12.6,0,0.303315,0.00021132,0
17.6,12.7,0,0.303292,0.000222488,0
17.7,0,0,0.30454,0.00587985,0
17.7,0.1,0,0.304532,0.00590162,0
17.7,0.2,0,0.304529,0.00591186,0
17.7,0.3,0,0.304537,0.0059316,0
17.7,0.4,0,0.304561,0.00596045,0
17.7,0.5,0,0.3046,0.00597736,0
17.7,0.6,0,0.304685,0.00603795,0
17.7,0.7,0,0.304778,0.00608633,0
17.7,0.8,0,0.304919,0.00614857,0
17.7,0.9,0,0.305082,0.00622225,0
17.7,1,0,0.305267,0.00628499,0
17.7,1.1,0,0.30547,0.00640146,0
17.7,1.2,0,0.30568,0.0065048,0
17.7,1.3,0,0.305917,0.00662693,0
17.7,1.4,0,0.306145,0.00676228,0
17.7,1.5,0,0.306397,0.00688603,0
17.7,1.6,0,0.306612,0.00707058,0
17.7,1.7,0,0.306832,0.0072404,0
17.7,1.8,0,0.307054,0.00743295,0
17.7,1.9,0,0.307234,0.00764142,0
17.7,2,0,0.307437,0.00783624,0
17.7,2.1,0,0.307532,0.00810742,0
17.7,2.2,0,0.307623,0.00836117,0
17.7,2.3,0,0.307661,0.00864666,0
17.7,2.4,0,0.307573,0.0089551,0
17.7,2.5,0,0.307502,0.00924528,0
17.7,2.6,0,0.307106,0.00964362,0
17.7,2.7,0,0.306677,0.0100182,0
17.7,2.8,0,0.306007,0.0104384,0
17.7,2.9,0,0.304966,0.0108897,0
17.7,3,0,0.303904,0.0113121,0
17.7,3.1,0,0.301942,0.0118813,0
17.7,3.2,0,0.299883,0.0124119,0
17.7,3.3,0,0.297129,0.0129862,0
17.7,3.4,0,0.293533,0.0135802,0
17.7,3.5,0,0.289815,0.0141223,0
17.7,3.6,0,0.284319,0.0147976,0
17.7,3.7,0,0.278657,0.015409,0
17.7,3.8,0,0.271773,0.0159943,0
17.7,3.9,0,0.263711,0.0165422,0
17.7,4,0,0.255397,0.0169977,0
17.7,4.1,0,0.245174,0.0174617,0
17.7,4.2,0,0.234815,0.0178434,0
17.7,4.3,0,0.223454,0.0180602,0
17.7,4.4,0,0.21151,0.0181797,0
17.7,4.5,0,0.199321,0.0181648,0
17.7,4.6,0,0.187059,0.0180348,0
17.7,4.7,0,0.174833,0.0178268,0
17.7,4.8,0,0.163474,0.0174066,0
17.7,4.9,0,0.154069,0.0169487,0
17.7,5,0,0.144902,0.0163653,0
17.7,5.1,0,0.132231,0.0152218,0
17.7,5.2,0,0.1246,0.0142332,0
17.7,5.3,0,0.118635,0.0131254,0
17.7,5.4,0,0.114505,0.0119167,0
17.7,5.5,0,0.112334,0.0106289,0
17.7,5.6,0,0.112192,0.00928708,0
17.7,5.7,0,0.114095,0.00791935,0
17.7,5.8,0,0.118002,0.00655586,0
17.7,5.9,0,0.123823,0.0052228,0
17.7,6,0,0.13623,0.00321139,0
17.7,6.1,0,0.144341,0.00245746,0
17.7,6.2,0,0.153193,0.00157748,0
17.7,6.3,0,0.162045,0.0006975,0
17.7,6.4,0,0.174174,-1.1761e-05,0
17.7,6.5,0,0.186699,-0.000638382,0
17.7,6.6,0,0.199224,-0.001265,0
17.7,6.7,0,0.212065,-0.00163993,0
17.7,6.8,0,0.223825,-0.00179882,0
17.7,6.9,0,0.235584,-0.00195772,0
17.7,7,0,0.247265,-0.00212259,0
17.7,7.1,0,0.256626,-0.00196387,0
17.7,7.2,0,0.265505,-0.00189349,0
17.7,7.3,0,0.274384,-0.00182312,0
17.7,7.4,0,0.281223,-0.00168194,0
17.7,7.5,0,0.286744,-0.00157862,0
17.7,7.6,0,0.292265,-0.00147529,0
17.7,7.7,0,0.296988,-0.00136615,0
17.7,7.8,0,0.299865,-0.00130569,0
17.7,7.9,0,0.302741,-0.00124523,0
17.7,8,0,0.305497,-0.00120612,0
17.7,8.1,0,0.306904,-0.00115478,0
17.7,8.2,0,0.308147,-0.00113153,0
17.7,8.3,0,0.30939,-0.00110827,0
17.7,8.4,0,0.310099,-0.00109063,0
17.7,8.5,0,0.310496,-0.00107943,0
17.7,8.6,0,0.310892,-0.00106824,0
17.7,8.7,0,0.311182,-0.00105454,0
17.7,8.8,0,0.311195,-0.00103667,0
17.7,8.9,0,0.311206,-0.00101997,0
17.7,9,0,0.311209,-0.00100483,0
17.7,9.1,0,0.311085,-0.000972919,0
17.7,9.2,0,0.310935,-0.000944711,0
17.7,9.3,0,0.310786,-0.000916504,0
17.7,9.4,0,0.310604,-0.000878745,0
17.7,9.5,0,0.310388,-0.000839986,0
17.7,9.6,0,0.310172,-0.000801228,0
17.7,9.7,0,0.309949,-0.000758323,0
17.7,9.8,0,0.309707,-0.00071202,0
17.7,9.9,0,0.30946,-0.000666554,0
17.7,10,0,0.309213,-0.000620928,0
17.7,10.1,0,0.308953,-0.000570439,0
17.7,10.2,0,0.30869,-0.000522624,0
17.7,10.3,0,0.308426,-0.00047481,0
17.7,10.4,0,0.308154,-0.000425061,0
17.7,10.5,0,0.307879,-0.000378479,0
17.7,10.6,0,0.307603,-0.000331897,0
17.7,10.7,0,0.30732,-0.000283328,0
17.7,10.8,0,0.307041,-0.000241223,0
17.7,10.9,0,0.306759,-0.000198692,0
17.7,11,0,0.306477,-0.000156162,0
17.7,11.1,0,0.306191,-0.000117149,0
17.7,11.2,0,0.305911,-8.14117e-05,0
17.7,11.3,0,0.305632,-4.56742e-05,0
17.7,11.4,0,0.305352,-1.25406e-05,0
17.7,11.5,0,0.305092,1.39296e-05,0
17.7,11.6,0,0.304832,4.03999e-05,0
17.7,11.7,0,0.30457,6.8485e-05,0
17.7,11.8,0,0.304353,8.19851e-05,0
17.7,11.9,0,0.304143,9.6844e-05,0
17.7,12,0,0.303932,0.000111703,0
17.7,12.1,0,0.303768,0.000117632,0
17.7,12.2,0,0.30364,0.000119551,0
17.7,12.3,0,0.303511,0.00012147,0
17.7,12.4,0,0.303411,0.00011957,0
17.7,12.5,0,0.303371,0.000117279,0
17.7,12.6,0,0.303331,0.000114988,0
17.7,12.7,0,0.303297,0.000117184,0
17.8,0,0,0.304522,0.0059493,0
17.8,0.1,0,0.304524,0.00597405,0
17.8,0.2,0,0.30452,0.00598429,0
17.8,0.3,0,0.304519,0.00600425,0
17.8,0.4,0,0.304543,0.0060331,0
17.8,0.5,0,0.304563,0.00604585,0
17.8,0.6,0,0.304648,0.00610916,0
17.8,0.7,0,0.304741,0.00615753,0
17.8,0.8,0,0.304858,0.00621638,0
17.8,0.9,0,0.30502,0.00629005,0
17.8,1,0,0.305179,0.00634411,0
17.8,1.1,0,0.305381,0.00646442,0
17.8,1.2,0,0.305591,0.00656777,0
17.8,1.3,0,0.305798,0.00668403,0
17.8,1.4,0,0.306026,0.00681938,0
17.8,1.5,0,0.306245,0.00692736,0
17.8,1.6,0,0.306461,0.00712094,0
17.8,1.7,0,0.306681,0.00729076,0
17.8,1.8,0,0.306865,0.00747567,0
17.8,1.9,0,0.307045,0.00768414,0
17.8,2,0,0.307208,0.0078521,0
17.8,2.1,0,0.307299,0.00814132,0
17.8,2.2,0,0.30739,0.00839508,0
17.8,2.3,0,0.307373,0.00867005,0
17.8,2.4,0,0.307285,0.00897849,0
17.8,2.5,0,0.307164,0.00922708,0
17.8,2.6,0,0.306752,0.00965409,0
17.8,2.7,0,0.306323,0.0100287,0
17.8,2.8,0,0.305578,0.010433,0
17.8,2.9,0,0.304537,0.0108842,0
17.8,3,0,0.303419,0.011251,0
17.8,3.1,0,0.301438,0.011857,0
17.8,3.2,0,0.299379,0.0123876,0
17.8,3.3,0,0.296569,0.0129424,0
17.8,3.4,0,0.292973,0.0135365,0
17.8,3.5,0,0.289217,0.0140198,0
17.8,3.6,0,0.283752,0.0147402,0
17.8,3.7,0,0.278091,0.0153516,0
17.8,3.8,0,0.271279,0.0159412,0
17.8,3.9,0,0.263217,0.016489,0
17.8,4,0,0.25493,0.0169021,0
17.8,4.1,0,0.244847,0.017446,0
17.8,4.2,0,0.234488,0.0178277,0
17.8,4.3,0,0.223378,0.0181257,0
17.8,4.4,0,0.211433,0.0182453,0
17.8,4.5,0,0.199362,0.0182002,0
17.8,4.6,0,0.187291,0.0182208,0
17.8,4.7,0,0.175066,0.0180128,0
17.8,4.8,0,0.164047,0.0177345,0
17.8,4.9,0,0.154643,0.0172766,0
17.8,5,0,0.145607,0.0166146,0
17.8,5.1,0,0.133128,0.0155356,0
17.8,5.2,0,0.125626,0.0145899,0
17.8,5.3,0,0.119773,0.0135198,0
17.8,5.4,0,0.115738,0.0123427,0
17.8,5.5,0,0.113638,0.0110794,0
17.8,5.6,0,0.11354,0.00975437,0
17.8,5.7,0,0.115459,0.00839522,0
17.8,5.8,0,0.119355,0.00703206,0
17.8,5.9,0,0.125134,0.0056912,0
17.8,6,0,0.137426,0.00365251,0
17.8,6.1,0,0.145456,0.00298976,0
17.8,6.2,0,0.154308,0.00210978,0
17.8,6.3,0,0.16316,0.0012298,0
17.8,6.4,0,0.174799,0.000367961,0
17.8,6.5,0,0.187324,-0.00025866,0
17.8,6.6,0,0.199849,-0.000885281,0
17.8,6.7,0,0.212228,-0.00143511,0
17.8,6.8,0,0.223987,-0.001594,0
17.8,6.9,0,0.235747,-0.00175289,0
17.8,7,0,0.247344,-0.00200487,0
17.8,7.1,0,0.256557,-0.00189146,0
17.8,7.2,0,0.265436,-0.00182108,0
17.8,7.3,0,0.274315,-0.00175071,0
17.8,7.4,0,0.281125,-0.00168198,0
17.8,7.5,0,0.286646,-0.00157865,0
17.8,7.6,0,0.292167,-0.00147533,0
17.8,7.7,0,0.296934,-0.00139613,0
17.8,7.8,0,0.29981,-0.00133566,0
17.8,7.9,0,0.302686,-0.0012752,0
17.8,8,0,0.305448,-0.00125393,0
17.8,8.1,0,0.306882,-0.00119634,0
17.8,8.2,0,0.308125,-0.00117309,0
17.8,8.3,0,0.309369,-0.00114983,0
17.8,8.4,0,0.310082,-0.00113951,0
17.8,8.5,0,0.310479,-0.00112832,0
17.8,8.6,0,0.310875,-0.00111713,0
17.8,8.7,0,0.311152,-0.00111201,0
17.8,8.8,0,0.311164,-0.00109301,0
17.8,8.9,0,0.311175,-0.0010763,0
17.8,9,0,0.311181,-0.00106651,0
17.8,9.1,0,0.311037,-0.00103725,0
17.8,9.2,0,0.310887,-0.00100904,0
17.8,9.3,0,0.310738,-0.000980832,0
17.8,9.4,0,0.310542,-0.000950937,0
17.8,9.5,0,0.310327,-0.000912178,0
17.8,9.6,0,0.310111,-0.000873419,0
17.8,9.7,0,0.309889,-0.000837604,0
17.8,9.8,0,0.309639,-0.000791191,0
17.8,9.9,0,0.309393,-0.000745725,0
17.8,10,0,0.309147,-0.000700349,0
17.8,10.1,0,0.308885,-0.00065531,0
17.8,10.2,0,0.308621,-0.000607496,0
17.8,10.3,0,0.308357,-0.000559682,0
17.8,10.4,0,0.30809,-0.000514273,0
17.8,10.5,0,0.307814,-0.000467691,0
17.8,10.6,0,0.307539,-0.000421109,0
17.8,10.7,0,0.30727,-0.000373214,0
17.8,10.8,0,0.306984,-0.000333788,0
17.8,10.9,0,0.306702,-0.000291258,0
17.8,11,0,0.30642,-0.000248728,0
17.8,11.1,0,0.306144,-0.000212265,0
17.8,11.2,0,0.305864,-0.000176527,0
17.8,11.3,0,0.305585,-0.00014079,0
17.8,11.4,0,0.305317,-0.000109397,0
17.8,11.5,0,0.305057,-8.2927e-05,0
17.8,11.6,0,0.304797,-5.64568e-05,0
17.8,11.7,0,0.304549,-2.51944e-05,0
17.8,11.8,0,0.304332,-1.59969e-05,0
17.8,11.9,0,0.304121,-1.13804e-06,0
17.8,12,0,0.30391,1.37208e-05,0
17.8,12.1,0,0.303759,1.94198e-05,0
17.8,12.2,0,0.303631,2.13387e-05,0
17.8,12.3,0,0.303502,2.32576e-05,0
17.8,12.4,0,0.303411,2.22484e-05,0
17.8,12.5,0,0.303371,1.99576e-05,0
17.8,12.6,0,0.303331,1.76669e-05,0
17.8,12.7,0,0.303302,2.4594e-05,0
17.9,0,0,0.304503,0.00598941,0
17.9,0.1,0,0.304516,0.00604317,0
17.9,0.2,0,0.304512,0.00605341,0
17.9,0.3,0,0.304492,0.0060742,0
17.9,0.4,0,0.304515,0.00610306,0
17.9,0.5,0,0.304529,0.00608358,0
17.9,0.6,0,0.304599,0.00617676,0
17.9,0.7,0,0.304692,0.00622514,0
17.9,0.8,0,0.304787,0.00627962,0
17.9,0.9,0,0.304949,0.00635329,0
17.9,1,0,0.305099,0.00636811,0
17.9,1.1,0,0.305287,0.00652238,0
17.9,1.2,0,0.305497,0.00662572,0
17.9,1.3,0,0.305678,0.00673581,0
17.9,1.4,0,0.305907,0.00687116,0
17.9,1.5,0,0.306106,0.00692442,0
17.9,1.6,0,0.306314,0.00716549,0
17.9,1.7,0,0.306534,0.00733532,0
17.9,1.8,0,0.306686,0.00751173,0
17.9,1.9,0,0.306866,0.0077202,0
17.9,2,0,0.306994,0.00780713,0
17.9,2.1,0,0.307085,0.00816727,0
17.9,2.2,0,0.307176,0.00842103,0
17.9,2.3,0,0.307124,0.00868374,0
17.9,2.4,0,0.307036,0.00899218,0
17.9,2.5,0,0.306847,0.00912107,0
17.9,2.6,0,0.30647,0.00965291,0
17.9,2.7,0,0.306041,0.0100275,0
17.9,2.8,0,0.305275,0.0104144,0
17.9,2.9,0,0.304234,0.0108657,0
17.9,3,0,0.30296,0.0110636,0
17.9,3.1,0,0.301136,0.0118202,0
17.9,3.2,0,0.299077,0.0123508,0
17.9,3.3,0,0.296303,0.0128907,0
17.9,3.4,0,0.292707,0.0134847,0
17.9,3.5,0,0.28863,0.0137468,0
17.9,3.6,0,0.283559,0.0146852,0
17.9,3.7,0,0.277898,0.0152966,0
17.9,3.8,0,0.271187,0.0159061,0
17.9,3.9,0,0.263125,0.016454,0
17.9,4,0,0.254388,0.0165976,0
17.9,4.1,0,0.24486,0.0174659,0
17.9,4.2,0,0.2345,0.0178476,0
17.9,4.3,0,0.223473,0.0182404,0
17.9,4.4,0,0.211529,0.0183599,0
17.9,4.5,0,0.199204,0.0179856,0
17.9,4.6,0,0.187442,0.0184635,0
17.9,4.7,0,0.175217,0.0182555,0
17.9,4.8,0,0.163792,0.0180864,0
17.9,4.9,0,0.154387,0.0176285,0
17.9,5,0,0.14609,0.0165583,0
17.9,5.1,0,0.133824,0.0155283,0
17.9,5.2,0,0.126473,0.0146156,0
17.9,5.3,0,0.120763,0.0135749,0
17.9,5.4,0,0.116854,0.0124231,0
17.9,5.5,0,0.114862,0.0111802,0
17.9,5.6,0,0.114848,0.00987025,0
17.9,5.7,0,0.116823,0.00852051,0
17.9,5.8,0,0.120745,0.00716093,0
17.9,5.9,0,0.12652,0.00581795,0
17.9,6,0,0.138748,0.00376584,0
17.9,6.1,0,0.145133,0.00353756,0
17.9,6.2,0,0.153985,0.00265758,0
17.9,6.3,0,0.163786,0.00144445,0
17.9,6.4,0,0.175275,0.000622671,0
17.9,6.5,0,0.1878,-3.95027e-06,0
17.9,6.6,0,0.200325,-0.000630571,0
17.9,6.7,0,0.212838,-0.00142935,0
17.9,6.8,0,0.22463,-0.00146634,0
17.9,6.9,0,0.23639,-0.00162523,0
17.9,7,0,0.247564,-0.00211942,0
17.9,7.1,0,0.257254,-0.00184099,0
17.9,7.2,0,0.266133,-0.00177061,0
17.9,7.3,0,0.274623,-0.00182608,0
17.9,7.4,0,0.28165,-0.00169404,0
17.9,7.5,0,0.287235,-0.001571,0
17.9,7.6,0,0.292755,-0.00146768,0
17.9,7.7,0,0.296935,-0.00156343,0
17.9,7.8,0,0.300212,-0.00135481,0
17.9,7.9,0,0.303089,-0.00129435,0
17.9,8,0,0.305425,-0.00141894,0
17.9,8.1,0,0.30711,-0.00123266,0
17.9,8.2,0,0.308353,-0.0012094,0
17.9,8.3,0,0.309487,-0.00123452,0
17.9,8.4,0,0.310157,-0.00120956,0
17.9,8.5,0,0.310579,-0.00117725,0
17.9,8.6,0,0.310975,-0.00116605,0
17.9,8.7,0,0.311144,-0.00123213,0
17.9,8.8,0,0.311183,-0.00115169,0
17.9,8.9,0,0.311194,-0.00113498,0
17.9,9,0,0.311164,-0.00117036,0
17.9,9.1,0,0.311009,-0.0011042,0
17.9,9.2,0,0.310859,-0.00107599,0
17.9,9.3,0,0.31071,-0.00105672,0
17.9,9.4,0,0.310498,-0.00103154,0
17.9,9.5,0,0.310274,-0.000986307,0
17.9,9.6,0,0.310058,-0.000947548,0
17.9,9.7,0,0.309852,-0.00092393,0
17.9,9.8,0,0.309576,-0.000871324,0
17.9,9.9,0,0.309329,-0.000825858,0
17.9,10,0,0.309105,-0.000782914,0
17.9,10.1,0,0.308819,-0.000740234,0
17.9,10.2,0,0.308556,-0.00069242,0
17.9,10.3,0,0.308297,-0.000643628,0
17.9,10.4,0,0.308036,-0.00059923,0
17.9,10.5,0,0.307752,-0.000556318,0
17.9,10.6,0,0.307477,-0.000509736,0
17.9,10.7,0,0.307228,-0.000453058,0
17.9,10.8,0,0.306928,-0.000425188,0
17.9,10.9,0,0.306646,-0.000382658,0
17.9,11,0,0.306381,-0.000329426,0
17.9,11.1,0,0.306094,-0.00030561,0
17.9,11.2,0,0.305815,-0.000269873,0
17.9,11.3,0,0.305538,-0.000232651,0
17.9,11.4,0,0.305282,-0.000195666,0
17.9,11.5,0,0.305015,-0.000177548,0
17.9,11.6,0,0.304755,-0.000151078,0
17.9,11.7,0,0.304529,-0.000105662,0
17.9,11.8,0,0.304295,-0.000111195,0
17.9,11.9,0,0.304084,-9.63365e-05,0
17.9,12,0,0.303895,-6.97548e-05,0
17.9,12.1,0,0.30373,-7.59825e-05,0
17.9,12.2,0,0.303601,-7.40636e-05,0
17.9,12.3,0,0.303472,-7.21447e-05,0
17.9,12.4,0,0.303405,-6.36035e-05,0
17.9,12.5,0,0.303353,-7.83541e-05,0
17.9,12.6,0,0.303313,-8.06449e-05,0
17.9,12.7,0,0.303305,-5.52819e-05,0
18,0,0,0.304484,0.00602952,0
18,0.1,0,0.304508,0.00611229,0
18,0.2,0,0.30449,0.00609469,0
18,0.3,0,0.304469,0.00611552,0
18,0.4,0,0.304487,0.00617301,0
18,0.5,0,0.304494,0.00612132,0
18,0.6,0,0.30455,0.00624437,0
18,0.7,0,0.304638,0.00625941,0
18,0.8,0,0.304731,0.00631367,0
18,0.9,0,0.304878,0.00641653,0
18,1,0,0.30502,0.00639212,0
18,1.1,0,0.305192,0.00658033,0
18,1.2,0,0.305389,0.00664024,0
18,1.3,0,0.305569,0.00675003,0
18,1.4,0,0.305787,0.00692294,0
18,1.5,0,0.305966,0.00692147,0
18,1.6,0,0.306166,0.00721004,0
18,1.7,0,0.306361,0.00731678,0
18,1.8,0,0.306512,0.00749277,0
18,1.9,0,0.306687,0.00775626,0
18,2,0,0.306781,0.00776216,0
18,2.1,0,0.306872,0.00819323,0
18,2.2,0,0.306918,0.00835311,0
18,2.3,0,0.306864,0.00861521,0
18,2.4,0,0.306786,0.00900588,0
18,2.5,0,0.30653,0.00901506,0
18,2.6,0,0.306187,0.00965173,0
18,2.7,0,0.305663,0.00989018,0
18,2.8,0,0.304895,0.0102762,0
18,2.9,0,0.30393,0.0108471,0
18,3,0,0.302502,0.0108761,0
18,3.1,0,0.300834,0.0117834,0
18,3.2,0,0.298557,0.0121283,0
18,3.3,0,0.295784,0.0126675,0
18,3.4,0,0.29244,0.013433,0
18,3.5,0,0.288042,0.0134738,0
18,3.6,0,0.283366,0.0146302,0
18,3.7,0,0.277319,0.015008,0
18,3.8,0,0.270614,0.0156185,0
18,3.9,0,0.263033,0.016419,0
18,4,0,0.253846,0.016293,0
18,4.1,0,0.244872,0.0174858,0
18,4.2,0,0.234124,0.0175869,0
18,4.3,0,0.223101,0.0179844,0
18,4.4,0,0.211624,0.0184746,0
18,4.5,0,0.199046,0.017771,0
18,4.6,0,0.187594,0.0187061,0
18,4.7,0,0.17538,0.0181415,0
18,4.8,0,0.163935,0.0179779,0
18,4.9,0,0.154131,0.0179804,0
18,5,0,0.146572,0.0165021,0
18,5.1,0,0.13452,0.015521,0
18,5.2,0,0.127321,0.0146412,0
18,5.3,0,0.121752,0.0136301,0
18,5.4,0,0.117971,0.0125035,0
18,5.5,0,0.116086,0.0112811,0
18,5.6,0,0.116156,0.00998614,0
18,5.7,0,0.118187,0.0086458,0
18,5.8,0,0.122135,0.00728981,0
18,5.9,0,0.127905,0.0059447,0
18,6,0,0.140069,0.00387917,0
18,6.1,0,0.145116,0.0040043,0
18,6.2,0,0.153661,0.00320538,0
18,6.3,0,0.164837,0.00150963,0
18,6.4,0,0.176324,0.000688555,0
18,6.5,0,0.188276,0.000250759,0
18,6.6,0,0.200912,-0.00062093,0
18,6.7,0,0.21344,-0.00145294,0
18,6.8,0,0.225273,-0.00133868,0
18,6.9,0,0.237003,-0.00151474,0
18,7,0,0.247783,-0.00223397,0
18,7.1,0,0.257806,-0.00184039,0
18,7.2,0,0.26683,-0.00172014,0
18,7.3,0,0.274641,-0.0019946,0
18,7.4,0,0.281669,-0.00186257,0
18,7.5,0,0.287823,-0.00156334,0
18,7.6,0,0.292868,-0.00160349,0
18,7.7,0,0.296902,-0.00174333,0
18,7.8,0,0.300614,-0.00137395,0
18,7.9,0,0.303491,-0.00131349,0
18,8,0,0.305401,-0.00158396,0
18,8.1,0,0.307232,-0.00132275,0
18,8.2,0,0.308581,-0.00124571,0
18,8.3,0,0.309477,-0.00137623,0
18,8.4,0,0.310147,-0.00135127,0
18,8.5,0,0.310679,-0.00122617,0
18,8.6,0,0.311004,-0.0012612,0
18,8.7,0,0.311135,-0.00135226,0
18,8.8,0,0.311202,-0.00121037,0
18,8.9,0,0.311213,-0.00119366,0
18,9,0,0.311147,-0.00127421,0
18,9.1,0,0.310987,-0.00119084,0
18,9.2,0,0.310831,-0.00114294,0
18,9.3,0,0.310682,-0.0011497,0
18,9.4,0,0.31047,-0.00112452,0
18,9.5,0,0.310221,-0.00106044,0
18,9.6,0,0.310014,-0.00102819,0
18,9.7,0,0.309815,-0.00101026,0
18,9.8,0,0.309512,-0.000951457,0
18,9.9,0,0.309266,-0.000905991,0
18,10,0,0.309062,-0.000865479,0
18,10.1,0,0.308769,-0.000823626,0
18,10.2,0,0.30849,-0.000777344,0
18,10.3,0,0.308253,-0.000724259,0
18,10.4,0,0.307992,-0.000679861,0
18,10.5,0,0.30769,-0.000644945,0
18,10.6,0,0.307423,-0.000594692,0
18,10.7,0,0.307186,-0.000532902,0
18,10.8,0,0.306871,-0.000516588,0
18,10.9,0,0.30659,-0.000474058,0
18,11,0,0.306344,-0.000409214,0
18,11.1,0,0.306054,-0.000388585,0
18,11.2,0,0.305766,-0.000363218,0
18,11.3,0,0.305508,-0.000312737,0
18,11.4,0,0.305252,-0.000275752,0
18,11.5,0,0.304972,-0.000272169,0
18,11.6,0,0.304719,-0.000241421,0
18,11.7,0,0.304509,-0.00018613,0
18,11.8,0,0.30426,-0.00020535,0
18,11.9,0,0.304048,-0.000191535,0
18,12,0,0.303887,-0.000150408,0
18,12.1,0,0.303718,-0.000158397,0
18,12.2,0,0.303571,-0.000169466,0
18,12.3,0,0.303472,-0.000152463,0
18,12.4,0,0.303405,-0.000143865,0
18,12.5,0,0.303335,-0.000176666,0
18,12.6,0,0.303299,-0.000175517,0
18,12.7,0,0.303309,-0.000135158,0
18.1,0,0,0.304465,0.00606963,0
18.1,0.1,0,0.304496,0.00616981,0
18.1,0.2,0,0.304468,0.0061345,0
18.1,0.3,0,0.304446,0.00615533,0
18.1,0.4,0,0.304457,0.00623007,0
18.1,0.5,0,0.30446,0.00615905,0
18.1,0.6,0,0.304507,0.00630003,0
18.1,0.7,0,0.304584,0.00629192,0
18.1,0.8,0,0.304677,0.00634618,0
18.1,0.9,0,0.304803,0.00646408,0
18.1,1,0,0.30494,0.00641613,0
18.1,1.1,0,0.305104,0.0066247,0
18.1,1.2,0,0.305281,0.00665248,0
18.1,1.3,0,0.305461,0.00676226,0
18.1,1.4,0,0.305659,0.00695284,0
18.1,1.5,0,0.305827,0.00691852,0
18.1,1.6,0,0.306022,0.0072356,0
18.1,1.7,0,0.306187,0.00729492,0
18.1,1.8,0,0.306338,0.00747091,0
18.1,1.9,0,0.306494,0.00775991,0
18.1,2,0,0.306567,0.00771718,0
18.1,2.1,0,0.306658,0.00819081,0
18.1,2.2,0,0.306657,0.00828025,0
18.1,2.3,0,0.306603,0.00854235,0
18.1,2.4,0,0.30651,0.00897169,0
18.1,2.5,0,0.306213,0.00890905,0
18.1,2.6,0,0.305891,0.00960861,0
18.1,2.7,0,0.305279,0.00974568,0
18.1,2.8,0,0.304511,0.0101317,0
18.1,2.9,0,0.303565,0.010761,0
18.1,3,0,0.302044,0.0106887,0
18.1,3.1,0,0.300469,0.0116863,0
18.1,3.2,0,0.298025,0.0118962,0
18.1,3.3,0,0.295252,0.0124354,0
18.1,3.4,0,0.292046,0.0132928,0
18.1,3.5,0,0.287455,0.0132007,0
18.1,3.6,0,0.283015,0.014488,0
18.1,3.7,0,0.27672,0.014707,0
18.1,3.8,0,0.270014,0.0153176,0
18.1,3.9,0,0.262761,0.0162761,0
18.1,4,0,0.253305,0.0159884,0
18.1,4.1,0,0.244663,0.0173759,0
18.1,4.2,0,0.233728,0.0173114,0
18.1,4.3,0,0.222704,0.0177089,0
18.1,4.4,0,0.211618,0.0184575,0
18.1,4.5,0,0.198888,0.0175564,0
18.1,4.6,0,0.187621,0.0187659,0
18.1,4.7,0,0.175544,0.0180087,0
18.1,4.8,0,0.164099,0.0178451,0
18.1,4.9,0,0.154171,0.0181691,0
18.1,5,0,0.147055,0.0164458,0
18.1,5.1,0,0.135216,0.0155137,0
18.1,5.2,0,0.128168,0.0146669,0
18.1,5.3,0,0.122741,0.0136853,0
18.1,5.4,0,0.119087,0.0125839,0
18.1,5.5,0,0.11731,0.0113819,0
18.1,5.6,0,0.117464,0.010102,0
18.1,5.7,0,0.119551,0.00877109,0
18.1,5.8,0,0.123525,0.00741869,0
18.1,5.9,0,0.12929,0.00607146,0
18.1,6,0,0.14139,0.0039925,0
18.1,6.1,0,0.146437,0.00411764,0
18.1,6.2,0,0.153856,0.0035713,0
18.1,6.3,0,0.165888,0.0015748,0
18.1,6.4,0,0.177375,0.000753731,0
18.1,6.5,0,0.188752,0.000505469,0
18.1,6.6,0,0.201515,-0.000644519,0
18.1,6.7,0,0.214043,-0.00147653,0
18.1,6.8,0,0.225896,-0.00128551,0
18.1,6.9,0,0.237222,-0.00162929,0
18.1,7,0,0.248002,-0.00234852,0
18.1,7.1,0,0.258026,-0.00195494,0
18.1,7.2,0,0.267349,-0.00172687,0
18.1,7.3,0,0.27466,-0.00216313,0
18.1,7.4,0,0.281688,-0.00203109,0
18.1,7.5,0,0.288411,-0.00155569,0
18.1,7.6,0,0.292835,-0.00178339,0
18.1,7.7,0,0.296869,-0.00192324,0
18.1,7.8,0,0.300752,-0.00149087,0
18.1,7.9,0,0.303486,-0.00147197,0
18.1,8,0,0.305377,-0.00174897,0
18.1,8.1,0,0.307209,-0.00148777,0
18.1,8.2,0,0.308774,-0.00129736,0
18.1,8.3,0,0.309467,-0.00151794,0
18.1,8.4,0,0.310137,-0.00149298,0
18.1,8.5,0,0.310779,-0.00127509,0
18.1,8.6,0,0.310996,-0.00138133,0
18.1,8.7,0,0.311126,-0.00147238,0
18.1,8.8,0,0.311201,-0.00131353,0
18.1,8.9,0,0.311202,-0.00129027,0
18.1,9,0,0.31113,-0.00137806,0
18.1,9.1,0,0.31097,-0.00129469,0
18.1,9.2,0,0.310803,-0.00121067,0
18.1,9.3,0,0.310654,-0.00124269,0
18.1,9.4,0,0.310442,-0.0012175,0
18.1,9.5,0,0.310169,-0.00113513,0
18.1,9.6,0,0.309977,-0.00111451,0
18.1,9.7,0,0.309778,-0.00109658,0
18.1,9.8,0,0.309471,-0.00103679,0
18.1,9.9,0,0.309218,-0.000987884,0
18.1,10,0,0.30902,-0.000948043,0
18.1,10.1,0,0.308726,-0.000906191,0
18.1,10.2,0,0.308425,-0.000862268,0
18.1,10.3,0,0.308209,-0.00080489,0
18.1,10.4,0,0.307948,-0.000760492,0
18.1,10.5,0,0.30763,-0.000732408,0
18.1,10.6,0,0.307381,-0.000674536,0
18.1,10.7,0,0.307144,-0.000612745,0
18.1,10.8,0,0.306829,-0.000596949,0
18.1,10.9,0,0.306545,-0.000558395,0
18.1,11,0,0.306307,-0.000489002,0
18.1,11.1,0,0.306017,-0.000468373,0
18.1,11.2,0,0.305716,-0.000456563,0
18.1,11.3,0,0.305478,-0.000392823,0
18.1,11.4,0,0.305222,-0.000355838,0
18.1,11.5,0,0.304934,-0.000362994,0
18.1,11.6,0,0.3047,-0.000321889,0
18.1,11.7,0,0.30449,-0.000266598,0
18.1,11.8,0,0.30424,-0.000285818,0
18.1,11.9,0,0.304025,-0.00027957,0
18.1,12,0,0.303878,-0.000231062,0
18.1,12.1,0,0.303709,-0.00023905,0
18.1,12.2,0,0.303541,-0.000264868,0
18.1,12.3,0,0.303472,-0.000232725,0
18.1,12.4,0,0.303405,-0.000224127,0
18.1,12.5,0,0.303324,-0.000268175,0
18.1,12.6,0,0.303303,-0.000255393,0
18.1,12.7,0,0.303312,-0.000215034,0
18.2,0,0,0.304446,0.00610974,0
18.2,0.1,0,0.304477,0.00620992,0
18.2,0.2,0,0.304445,0.0061743,0
18.2,0.3,0,0.304424,0.00619514,0
18.2,0.4,0,0.304422,0.00626781,0
18.2,0.5,0,0.304426,0.00619679,0
18.2,0.6,0,0.304473,0.00633776,0
18.2,0.7,0,0.30453,0.00632444,0
18.2,0.8,0,0.304623,0.0063787,0
18.2,0.9,0,0.304723,0.00648809,0
18.2,1,0,0.30486,0.00644013,0
18.2,1.1,0,0.305024,0.00664871,0
18.2,1.2,0,0.305173,0.00666471,0
18.2,1.3,0,0.305353,0.0067745,0
18.2,1.4,0,0.30552,0.00694989,0
18.2,1.5,0,0.305687,0.00691558,0
18.2,1.6,0,0.305882,0.00723265,0
18.2,1.7,0,0.306013,0.00727306,0
18.2,1.8,0,0.306164,0.00744905,0
18.2,1.9,0,0.306281,0.00771494,0
18.2,2,0,0.306353,0.00767221,0
18.2,2.1,0,0.306445,0.00814584,0
18.2,2.2,0,0.306397,0.0082074,0
18.2,2.3,0,0.306342,0.0084695,0
18.2,2.4,0,0.306193,0.00886569,0
18.2,2.5,0,0.305896,0.00880305,0
18.2,2.6,0,0.305574,0.00950261,0
18.2,2.7,0,0.304895,0.00960117,0
18.2,2.8,0,0.304128,0.00998719,0
18.2,2.9,0,0.303106,0.0105736,0
18.2,3,0,0.301586,0.0105012,0
18.2,3.1,0,0.300011,0.0114988,0
18.2,3.2,0,0.297493,0.011664,0
18.2,3.3,0,0.29472,0.0122032,0
18.2,3.4,0,0.291458,0.0130197,0
18.2,3.5,0,0.286868,0.0129277,0
18.2,3.6,0,0.282428,0.0142149,0
18.2,3.7,0,0.27612,0.0144061,0
18.2,3.8,0,0.269415,0.0150167,0
18.2,3.9,0,0.262219,0.0159715,0
18.2,4,0,0.252763,0.0156839,0
18.2,4.1,0,0.244121,0.0170713,0
18.2,4.2,0,0.233331,0.0170359,0
18.2,4.3,0,0.222308,0.0174334,0
18.2,4.4,0,0.21146,0.0182429,0
18.2,4.5,0,0.19873,0.0173418,0
18.2,4.6,0,0.187463,0.0185513,0
18.2,4.7,0,0.175709,0.017876,0
18.2,4.8,0,0.164263,0.0177124,0
18.2,4.9,0,0.154654,0.0181128,0
18.2,5,0,0.147537,0.0163896,0
18.2,5.1,0,0.135913,0.0155064,0
18.2,5.2,0,0.129016,0.0146926,0
18.2,5.3,0,0.123731,0.0137404,0
18.2,5.4,0,0.120204,0.0126644,0
18.2,5.5,0,0.118534,0.0114827,0
18.2,5.6,0,0.118771,0.0102179,0
18.2,5.7,0,0.120915,0.00889637,0
18.2,5.8,0,0.124915,0.00754756,0
18.2,5.9,0,0.130676,0.00619821,0
18.2,6,0,0.142711,0.00410583,0
18.2,6.1,0,0.147759,0.00423097,0
18.2,6.2,0,0.154907,0.00363647,0
18.2,6.3,0,0.166939,0.00163998,0
18.2,6.4,0,0.178426,0.000818908,0
18.2,6.5,0,0.189693,0.000472917,0
18.2,6.6,0,0.202117,-0.000668108,0
18.2,6.7,0,0.214645,-0.00150012,0
18.2,6.8,0,0.226498,-0.0013091,0
18.2,6.9,0,0.237441,-0.00174384,0
18.2,7,0,0.248221,-0.00246307,0
18.2,7.1,0,0.258245,-0.00206949,0
18.2,7.2,0,0.267368,-0.00189539,0
18.2,7.3,0,0.274679,-0.00233165,0
18.2,7.4,0,0.281707,-0.00219962,0
18.2,7.5,0,0.288264,-0.0017734,0
18.2,7.6,0,0.292802,-0.00196329,0
18.2,7.7,0,0.296836,-0.00210314,0
18.2,7.8,0,0.300719,-0.00167077,0
18.2,7.9,0,0.303462,-0.00163699,0
18.2,8,0,0.305353,-0.00191399,0
18.2,8.1,0,0.307185,-0.00165278,0
18.2,8.2,0,0.308738,-0.00145252,0
18.2,8.3,0,0.309457,-0.00165965,0
18.2,8.4,0,0.310127,-0.00163469,0
18.2,8.5,0,0.310742,-0.00143275,0
18.2,8.6,0,0.310987,-0.00150146,0
18.2,8.7,0,0.311118,-0.00159251,0
18.2,8.8,0,0.311192,-0.00143365,0
18.2,8.9,0,0.311185,-0.00139412,0
18.2,9,0,0.311113,-0.00148191,0
18.2,9.1,0,0.310953,-0.00139855,0
18.2,9.2,0,0.310778,-0.00131178,0
18.2,9.3,0,0.310626,-0.00133567,0
18.2,9.4,0,0.310415,-0.00131049,0
18.2,9.5,0,0.310145,-0.0012308,0
18.2,9.6,0,0.30994,-0.00120084,0
18.2,9.7,0,0.309741,-0.00118291,0
18.2,9.8,0,0.309434,-0.00112312,0
18.2,9.9,0,0.309175,-0.00107045,0
18.2,10,0,0.308977,-0.00103061,0
18.2,10.1,0,0.308684,-0.000988755,0
18.2,10.2,0,0.308386,-0.000942475,0
18.2,10.3,0,0.308165,-0.000885521,0
18.2,10.4,0,0.307904,-0.000841123,0
18.2,10.5,0,0.307588,-0.000812122,0
18.2,10.6,0,0.307339,-0.00075438,0
18.2,10.7,0,0.307102,-0.000692589,0
18.2,10.8,0,0.306787,-0.000676793,0
18.2,10.9,0,0.306508,-0.000638183,0
18.2,11,0,0.30627,-0.00056879,0
18.2,11.1,0,0.30598,-0.000548161,0
18.2,11.2,0,0.305688,-0.0005332,0
18.2,11.3,0,0.305449,-0.000472909,0
18.2,11.4,0,0.305193,-0.000435924,0
18.2,11.5,0,0.304904,-0.00044308,0
18.2,11.6,0,0.30468,-0.000402357,0
18.2,11.7,0,0.30447,-0.000347066,0
18.2,11.8,0,0.30422,-0.000366285,0
18.2,11.9,0,0.304016,-0.000360223,0
18.2,12,0,0.303869,-0.000311715,0
18.2,12.1,0,0.3037,-0.000319704,0
18.2,12.2,0,0.303543,-0.000341567,0
18.2,12.3,0,0.303472,-0.000312987,0
18.2,12.4,0,0.303405,-0.000304389,0
18.2,12.5,0,0.303324,-0.000348437,0
18.2,12.6,0,0.303306,-0.000335269,0
18.2,12.7,0,0.303316,-0.00029491,0
18.3,0,0,0.304427,0.00614985,0
18.3,0.1,0,0.304446,0.00622511,0
18.3,0.2,0,0.304423,0.00621411,0
18.3,0.3,0,0.304401,0.00623495,0
18.3,0.4,0,0.304393,0.00627992,0
18.3,0.5,0,0.304391,0.00623452,0
18.3,0.6,0,0.304434,0.00634567,0
18.3,0.7,0,0.304476,0.00635696,0
18.3,0.8,0,0.304569,0.00641122,0
18.3,0.9,0,0.304658,0.00648598,0
18.3,1,0,0.304781,0.00646414,0
18.3,1.1,0,0.304933,0.00663386,0
18.3,1.2,0,0.305064,0.00667695,0
18.3,1.3,0,0.305244,0.00678673,0
18.3,1.4,0,0.30539,0.00691333,0
18.3,1.5,0,0.305548,0.00691263,0
18.3,1.6,0,0.30572,0.00717325,0
18.3,1.7,0,0.305839,0.00725121,0
18.3,1.8,0,0.30599,0.00742719,0
18.3,1.9,0,0.306071,0.00762074,0
18.3,2,0,0.30614,0.00762724,0
18.3,2.1,0,0.306191,0.00801688,0
18.3,2.2,0,0.306136,0.00813454,0
18.3,2.3,0,0.306082,0.00839664,0
18.3,2.4,0,0.305866,0.00868611,0
18.3,2.5,0,0.305579,0.00869704,0
18.3,2.6,0,0.305171,0.00927478,0
18.3,2.7,0,0.304512,0.00945667,0
18.3,2.8,0,0.303744,0.00984269,0
18.3,2.9,0,0.30258,0.010279,0
18.3,3,0,0.301128,0.0103138,0
18.3,3.1,0,0.299358,0.0111453,0
18.3,3.2,0,0.296961,0.0114318,0
18.3,3.3,0,0.294188,0.011971,0
18.3,3.4,0,0.290645,0.0125933,0
18.3,3.5,0,0.28628,0.0126547,0
18.3,3.6,0,0.281495,0.0137329,0
18.3,3.7,0,0.275521,0.0141052,0
18.3,3.8,0,0.268816,0.0147158,0
18.3,3.9,0,0.261246,0.015441,0
18.3,4,0,0.252221,0.0153793,0
18.3,4.1,0,0.243232,0.0165157,0
18.3,4.2,0,0.232935,0.0167604,0
18.3,4.3,0,0.221911,0.0171579,0
18.3,4.4,0,0.210883,0.0176967,0
18.3,4.5,0,0.198572,0.0171273,0
18.3,4.6,0,0.187316,0.0180176,0
18.3,4.7,0,0.175873,0.0177432,0
18.3,4.8,0,0.164427,0.0175796,0
18.3,4.9,0,0.155493,0.0176446,0
18.3,5,0,0.14802,0.0163333,0
18.3,5.1,0,0.136609,0.0154991,0
18.3,5.2,0,0.129864,0.0147182,0
18.3,5.3,0,0.12472,0.0137956,0
18.3,5.4,0,0.12132,0.0127448,0
18.3,5.5,0,0.119758,0.0115835,0
18.3,5.6,0,0.120079,0.0103338,0
18.3,5.7,0,0.122279,0.00902166,0
18.3,5.8,0,0.126306,0.00767644,0
18.3,5.9,0,0.132061,0.00632497,0
18.3,6,0,0.144032,0.00421917,0
18.3,6.1,0,0.149167,0.00431368,0
18.3,6.2,0,0.157394,0.0033223,0
18.3,6.3,0,0.16799,0.00170516,0
18.3,6.4,0,0.179477,0.000884085,0
18.3,6.5,0,0.19087,0.000259796,0
18.3,6.6,0,0.202719,-0.000691697,0
18.3,6.7,0,0.215247,-0.0015237,0
18.3,6.8,0,0.22678,-0.00151616,0
18.3,6.9,0,0.237653,-0.00188548,0
18.3,7,0,0.24844,-0.00257762,0
18.3,7.1,0,0.258464,-0.00218404,0
18.3,7.2,0,0.266915,-0.00222709,0
18.3,7.3,0,0.274698,-0.00250018,0
18.3,7.4,0,0.281725,-0.00236814,0
18.3,7.5,0,0.287662,-0.00212948,0
18.3,7.6,0,0.292769,-0.0021432,0
18.3,7.7,0,0.296803,-0.00228304,0
18.3,7.8,0,0.300413,-0.00194429,0
18.3,7.9,0,0.30331,-0.00184939,0
18.3,8,0,0.30533,-0.00207901,0
18.3,8.1,0,0.307161,-0.0018178,0
18.3,8.2,0,0.308476,-0.00172293,0
18.3,8.3,0,0.309447,-0.00180136,0
18.3,8.4,0,0.310117,-0.0017764,0
18.3,8.5,0,0.310623,-0.00164566,0
18.3,8.6,0,0.310979,-0.00162158,0
18.3,8.7,0,0.311109,-0.00171264,0
18.3,8.8,0,0.311165,-0.00157755,0
18.3,8.9,0,0.311157,-0.00152319,0
18.3,9,0,0.311096,-0.00158577,0
18.3,9.1,0,0.310936,-0.0015024,0
18.3,9.2,0,0.310761,-0.00144166,0
18.3,9.3,0,0.310598,-0.00142865,0
18.3,9.4,0,0.310387,-0.00140347,0
18.3,9.5,0,0.310133,-0.00133598,0
18.3,9.6,0,0.309903,-0.00128716,0
18.3,9.7,0,0.309704,-0.00126923,0
18.3,9.8,0,0.309405,-0.00121044,0
18.3,9.9,0,0.309147,-0.00115627,0
18.3,10,0,0.308935,-0.00111317,0
18.3,10.1,0,0.308641,-0.00107132,0
18.3,10.2,0,0.308366,-0.00102075,0
18.3,10.3,0,0.308121,-0.000966152,0
18.3,10.4,0,0.30786,-0.000921754,0
18.3,10.5,0,0.307564,-0.000883969,0
18.3,10.6,0,0.307297,-0.000834224,0
18.3,10.7,0,0.30706,-0.000772433,0
18.3,10.8,0,0.30675,-0.000753214,0
18.3,10.9,0,0.30648,-0.000710555,0
18.3,11,0,0.306233,-0.000648578,0
18.3,11.1,0,0.305943,-0.000627949,0
18.3,11.2,0,0.305671,-0.000599729,0
18.3,11.3,0,0.305419,-0.000552995,0
18.3,11.4,0,0.305163,-0.000516011,0
18.3,11.5,0,0.304896,-0.000509171,0
18.3,11.6,0,0.30466,-0.000482825,0
18.3,11.7,0,0.30445,-0.000427534,0
18.3,11.8,0,0.304206,-0.000444148,0
18.3,11.9,0,0.30402,-0.000429719,0
18.3,12,0,0.30386,-0.000392369,0
18.3,12.1,0,0.303692,-0.000400357,0
18.3,12.2,0,0.303565,-0.00040708,0
18.3,12.3,0,0.303472,-0.000393248,0
18.3,12.4,0,0.303405,-0.000384651,0
18.3,12.5,0,0.303343,-0.000412602,0
18.3,12.6,0,0.303311,-0.000414,0
18.3,12.7,0,0.303319,-0.000374786,0
18.4,0,0,0.304408,0.00618996,0
18.4,0.1,0,0.304412,0.00623591,0
18.4,0.2,0,0.304397,0.00624522,0
18.4,0.3,0,0.304377,0.00626509,0
18.4,0.4,0,0.304363,0.00628751,0
18.4,0.5,0,0.304357,0.00627226,0
18.4,0.6,0,0.304395,0.00634832,0
18.4,0.7,0,0.304426,0.00638051,0
18.4,0.8,0,0.304512,0.00643196,0
18.4,0.9,0,0.304596,0.00647926,0
18.4,1,0,0.304701,0.00648814,0
18.4,1.1,0,0.30484,0.00661215,0
18.4,1.2,0,0.304961,0.006679,0
18.4,1.3,0,0.30513,0.00678255,0
18.4,1.4,0,0.305262,0.00687083,0
18.4,1.5,0,0.305408,0.00690968,0
18.4,1.6,0,0.305554,0.0071039,0
18.4,1.7,0,0.305667,0.0072151,0
18.4,1.8,0,0.305806,0.00738103,0
18.4,1.9,0,0.305863,0.00751785,0
18.4,2,0,0.305926,0.00758227,0
18.4,2.1,0,0.30593,0.00787309,0
18.4,2.2,0,0.305876,0.0080404,0
18.4,2.3,0,0.305801,0.00828787,0
18.4,2.4,0,0.305539,0.00849355,0
18.4,2.5,0,0.305262,0.00859103,0
18.4,2.6,0,0.304753,0.00902545,0
18.4,2.7,0,0.304118,0.00928072,0
18.4,2.8,0,0.303314,0.00964752,0
18.4,2.9,0,0.302042,0.00996563,0
18.4,3,0,0.300669,0.0101263,0
18.4,3.1,0,0.298669,0.0107625,0
18.4,3.2,0,0.296382,0.0111545,0
18.4,3.3,0,0.29356,0.0116725,0
18.4,3.4,0,0.289793,0.0121399,0
18.4,3.5,0,0.285693,0.0123817,0
18.4,3.6,0,0.280502,0.013214,0
18.4,3.7,0,0.274804,0.0137389,0
18.4,3.8,0,0.268082,0.014334,0
18.4,3.9,0,0.260198,0.0148705,0
18.4,4,0,0.251679,0.0150747,0
18.4,4.1,0,0.242281,0.0159157,0
18.4,4.2,0,0.232372,0.0163875,0
18.4,4.3,0,0.221439,0.0167836,0
18.4,4.4,0,0.210234,0.017092,0
18.4,4.5,0,0.198413,0.0169127,0
18.4,4.6,0,0.187171,0.0174276,0
18.4,4.7,0,0.175944,0.0174733,0
18.4,4.8,0,0.164813,0.0173244,0
18.4,4.9,0,0.156395,0.0171037,0
18.4,5,0,0.148503,0.0162771,0
18.4,5.1,0,0.137305,0.0154918,0
18.4,5.2,0,0.130711,0.0147439,0
18.4,5.3,0,0.12571,0.0138508,0
18.4,5.4,0,0.122437,0.0128252,0
18.4,5.5,0,0.120982,0.0116843,0
18.4,5.6,0,0.121387,0.0104497,0
18.4,5.7,0,0.123643,0.00914695,0
18.4,5.8,0,0.127696,0.00780531,0
18.4,5.9,0,0.133447,0.00645172,0
18.4,6,0,0.145353,0.0043325,0
18.4,6.1,0,0.151863,0.00394439,0
18.4,6.2,0,0.16009,0.00295301,0
18.4,6.3,0,0.169041,0.00177033,0
18.4,6.4,0,0.18056,0.000878649,0
18.4,6.5,0,0.192047,4.66746e-05,0
18.4,6.6,0,0.203534,-0.000785299,0
18.4,6.7,0,0.21585,-0.00154729,0
18.4,6.8,0,0.226959,-0.00178195,0
18.4,6.9,0,0.237832,-0.00215128,0
18.4,7,0,0.24866,-0.00269217,0
18.4,7.1,0,0.258041,-0.00250615,0
18.4,7.2,0,0.266456,-0.00256064,0
18.4,7.3,0,0.274717,-0.00266871,0
18.4,7.4,0,0.281658,-0.00256256,0
18.4,7.5,0,0.287059,-0.00248556,0
18.4,7.6,0,0.29246,-0.00240856,0
18.4,7.7,0,0.29677,-0.00246294,0
18.4,7.8,0,0.299954,-0.00227007,0
18.4,7.9,0,0.302851,-0.00217517,0
18.4,8,0,0.305306,-0.00224402,0
18.4,8.1,0,0.30694,-0.00207052,0
18.4,8.2,0,0.308215,-0.00199335,0
18.4,8.3,0,0.309437,-0.00194307,0
18.4,8.4,0,0.310105,-0.00191971,0
18.4,8.5,0,0.310504,-0.00185858,0
18.4,8.6,0,0.310904,-0.00179745,0
18.4,8.7,0,0.311101,-0.00183276,0
18.4,8.8,0,0.311121,-0.00174284,0
18.4,8.9,0,0.311112,-0.00168849,0
18.4,9,0,0.31108,-0.00168962,0
18.4,9.1,0,0.31092,-0.0016249,0
18.4,9.2,0,0.310744,-0.00157155,0
18.4,9.3,0,0.31057,-0.00152164,0
18.4,9.4,0,0.310359,-0.00149645,0
18.4,9.5,0,0.31012,-0.00144116,0
18.4,9.6,0,0.309883,-0.001387,0
18.4,9.7,0,0.309667,-0.00135556,0
18.4,9.8,0,0.309389,-0.0012992,0
18.4,9.9,0,0.30913,-0.00124503,0
18.4,10,0,0.308892,-0.00119574,0
18.4,10.1,0,0.308612,-0.00115131,0
18.4,10.2,0,0.308345,-0.00109902,0
18.4,10.3,0,0.308077,-0.00104673,0
18.4,10.4,0,0.307816,-0.00100239,0
18.4,10.5,0,0.307541,-0.000955817,0
18.4,10.6,0,0.30727,-0.000907414,0
18.4,10.7,0,0.307018,-0.000852277,0
18.4,10.8,0,0.306727,-0.000821446,0
18.4,10.9,0,0.306457,-0.000778787,0
18.4,11,0,0.306196,-0.000728366,0
18.4,11.1,0,0.305915,-0.000701305,0
18.4,11.2,0,0.305653,-0.000666258,0
18.4,11.3,0,0.305391,-0.00063121,0
18.4,11.4,0,0.305133,-0.000596097,0
18.4,11.5,0,0.304889,-0.000575104,0
18.4,11.6,0,0.304652,-0.000549518,0
18.4,11.7,0,0.30443,-0.000508002,0
18.4,11.8,0,0.304213,-0.000510071,0
18.4,11.9,0,0.304028,-0.000495642,0
18.4,12,0,0.303851,-0.000473022,0
18.4,12.1,0,0.303694,-0.000475418,0
18.4,12.2,0,0.303586,-0.000472593,0
18.4,12.3,0,0.303478,-0.000469768,0
18.4,12.4,0,0.303405,-0.000464913,0
18.4,12.5,0,0.303364,-0.000474428,0
18.4,12.6,0,0.303332,-0.000475826,0
18.4,12.7,0,0.303323,-0.000454662,0
18.5,0,0,0.304389,0.00623007,0
18.5,0.1,0,0.304378,0.0062467,0
18.5,0.2,0,0.304363,0.00625601,0
18.5,0.3,0,0.304348,0.00627268,0
18.5,0.4,0,0.304334,0.0062951,0
18.5,0.5,0,0.304323,0.00630999,0
18.5,0.6,0,0.304355,0.00635096,0
18.5,0.7,0,0.304386,0.00638316,0
18.5,0.8,0,0.30445,0.00642524,0
18.5,0.9,0,0.304533,0.00647254,0
18.5,1,0,0.304622,0.00651215,0
18.5,1.1,0,0.304746,0.00659044,0
18.5,1.2,0,0.304867,0.00665729,0
18.5,1.3,0,0.305002,0.00674006,0
18.5,1.4,0,0.305134,0.00682834,0
18.5,1.5,0,0.305269,0.00690674,0
18.5,1.6,0,0.305388,0.00703454,0
18.5,1.7,0,0.305501,0.00714574,0
18.5,1.8,0,0.305597,0.00727814,0
18.5,1.9,0,0.305654,0.00741496,0
18.5,2,0,0.305712,0.0075373,0
18.5,2.1,0,0.30567,0.00772931,0
18.5,2.2,0,0.305615,0.00789662,0
18.5,2.3,0,0.305473,0.00809531,0
18.5,2.4,0,0.305211,0.00830099,0
18.5,2.5,0,0.304945,0.00848502,0
18.5,2.6,0,0.304335,0.00877613,0
18.5,2.7,0,0.3037,0.0090314,0
18.5,2.8,0,0.302776,0.00933411,0
18.5,2.9,0,0.301503,0.00965222,0
18.5,3,0,0.300211,0.00993884,0
18.5,3.1,0,0.297981,0.0103797,0
18.5,3.2,0,0.295694,0.0107717,0
18.5,3.3,0,0.292707,0.011219,0
18.5,3.4,0,0.28894,0.0116864,0
18.5,3.5,0,0.285106,0.0121086,0
18.5,3.6,0,0.279509,0.012695,0
18.5,3.7,0,0.27381,0.0132199,0
18.5,3.8,0,0.267033,0.0137636,0
18.5,3.9,0,0.259149,0.0143001,0
18.5,4,0,0.251138,0.0147701,0
18.5,4.1,0,0.241331,0.0153158,0
18.5,4.2,0,0.231421,0.0157876,0
18.5,4.3,0,0.220789,0.0161789,0
18.5,4.4,0,0.209584,0.0164872,0
18.5,4.5,0,0.198255,0.0166981,0
18.5,4.6,0,0.187026,0.0168376,0
18.5,4.7,0,0.175799,0.0168833,0
18.5,4.8,0,0.165715,0.0167835,0
18.5,4.9,0,0.157298,0.0165627,0
18.5,5,0,0.148985,0.0162208,0
18.5,5.1,0,0.138001,0.0154845,0
18.5,5.2,0,0.131559,0.0147696,0
18.5,5.3,0,0.126699,0.013906,0
18.5,5.4,0,0.123553,0.0129056,0
18.5,5.5,0,0.122206,0.0117852,0
18.5,5.6,0,0.122695,0.0105656,0
18.5,5.7,0,0.125007,0.00927224,0
18.5,5.8,0,0.129086,0.00793419,0
18.5,5.9,0,0.134832,0.00657847,0
18.5,6,0,0.146675,0.00444583,0
18.5,6.1,0,0.154558,0.0035751,0
18.5,6.2,0,0.162785,0.00258372,0
18.5,6.3,0,0.171012,0.00159234,0
18.5,6.4,0,0.181738,0.000665527,0
18.5,6.5,0,0.193225,-0.000166447,0
18.5,6.6,0,0.204712,-0.000998421,0
18.5,6.7,0,0.216264,-0.00167843,0
18.5,6.8,0,0.227137,-0.00204775,0
18.5,6.9,0,0.238011,-0.00241708,0
18.5,7,0,0.248879,-0.00280672,0
18.5,7.1,0,0.257582,-0.0028397,0
18.5,7.2,0,0.265998,-0.00289419,0
18.5,7.3,0,0.274413,-0.00294868,0
18.5,7.4,0,0.281056,-0.00291865,0
18.5,7.5,0,0.286457,-0.00284164,0
18.5,7.6,0,0.291858,-0.00276464,0
18.5,7.7,0,0.296597,-0.00269074,0
18.5,7.8,0,0.299495,-0.00259584,0
18.5,7.9,0,0.302392,-0.00250094,0
18.5,8,0,0.305282,-0.00240904,0
18.5,8.1,0,0.306678,-0.00234093,0
18.5,8.2,0,0.307953,-0.00226376,0
18.5,8.3,0,0.309229,-0.00218659,0
18.5,8.4,0,0.309986,-0.00213262,0
18.5,8.5,0,0.310386,-0.00207149,0
18.5,8.6,0,0.310785,-0.00201036,0
18.5,8.7,0,0.311084,-0.00196249,0
18.5,8.8,0,0.311076,-0.00190814,0
18.5,8.9,0,0.311068,-0.00185379,0
18.5,9,0,0.31106,-0.00179943,0
18.5,9.1,0,0.310903,-0.00175478,0
18.5,9.2,0,0.310728,-0.00170143,0
18.5,9.3,0,0.310552,-0.00164808,0
18.5,9.4,0,0.310345,-0.0016005,0
18.5,9.5,0,0.310108,-0.00154634,0
18.5,9.6,0,0.309871,-0.00149218,0
18.5,9.7,0,0.309632,-0.00144212,0
18.5,9.8,0,0.309373,-0.00138796,0
18.5,9.9,0,0.309114,-0.00133379,0
18.5,10,0,0.308855,-0.00127962,0
18.5,10.1,0,0.308591,-0.00122958,0
18.5,10.2,0,0.308324,-0.00117729,0
18.5,10.3,0,0.308056,-0.001125,0
18.5,10.4,0,0.307788,-0.00107607,0
18.5,10.5,0,0.307517,-0.00102767,0
18.5,10.6,0,0.307246,-0.000979262,0
18.5,10.7,0,0.306976,-0.00093212,0
18.5,10.8,0,0.306705,-0.000889678,0
18.5,10.9,0,0.306434,-0.000847018,0
18.5,11,0,0.306163,-0.000804359,0
18.5,11.1,0,0.305898,-0.000767834,0
18.5,11.2,0,0.305636,-0.000732786,0
18.5,11.3,0,0.305374,-0.000697738,0
18.5,11.4,0,0.305119,-0.000666624,0
18.5,11.5,0,0.304882,-0.000641037,0
18.5,11.6,0,0.304645,-0.00061545,0
18.5,11.7,0,0.30441,-0.00058847,0
18.5,11.8,0,0.304221,-0.000575994,0
18.5,11.9,0,0.304035,-0.000561565,0
18.5,12,0,0.30385,-0.000547135,0
18.5,12.1,0,0.303715,-0.000540931,0
18.5,12.2,0,0.303607,-0.000538106,0
18.5,12.3,0,0.303499,-0.000535281,0
18.5,12.4,0,0.303417,-0.000534856,0
18.5,12.5,0,0.303385,-0.000536254,0
18.5,12.6,0,0.303354,-0.000537652,0
18.5,12.7,0,0.303326,-0.000534538,0
18.6,0,0,0.304371,0.00622141,0
18.6,0.1,0,0.304351,0.006253,0
18.6,0.2,0,0.304336,0.0062623,0
18.6,0.3,0,0.304311,0.00627843,0
18.6,0.4,0,0.304297,0.00630085,0
18.6,0.5,0,0.304299,0.00629438,0
18.6,0.6,0,0.304302,0.00635072,0
18.6,0.7,0,0.304333,0.00638292,0
18.6,0.8,0,0.304375,0.00641411,0
18.6,0.9,0,0.304459,0.0064614,0
18.6,1,0,0.304572,0.00647469,0
18.6,1.1,0,0.304647,0.00656368,0
18.6,1.2,0,0.304768,0.00663053,0
18.6,1.3,0,0.304875,0.00669224,0
18.6,1.4,0,0.305007,0.00678052,0
18.6,1.5,0,0.305183,0.00682905,0
18.6,1.6,0,0.305231,0.00695942,0
18.6,1.7,0,0.305344,0.00707062,0
18.6,1.8,0,0.305407,0.00716861,0
18.6,1.9,0,0.305464,0.00730543,0
18.6,2,0,0.305581,0.00739721,0
18.6,2.1,0,0.305444,0.0075774,0
18.6,2.2,0,0.30539,0.00774472,0
18.6,2.3,0,0.30521,0.00789231,0
18.6,2.4,0,0.304948,0.00809799,0
18.6,2.5,0,0.304743,0.00825652,0
18.6,2.6,0,0.304032,0.00851324,0
18.6,2.7,0,0.303397,0.00876851,0
18.6,2.8,0,0.302431,0.00900385,0
18.6,2.9,0,0.301158,0.00932196,0
18.6,3,0,0.299887,0.00959649,0
18.6,3.1,0,0.297591,0.00997795,0
18.6,3.2,0,0.295304,0.0103699,0
18.6,3.3,0,0.292272,0.0107479,0
18.6,3.4,0,0.288505,0.0112153,0
18.6,3.5,0,0.284625,0.0116438,0
18.6,3.6,0,0.279032,0.0121658,0
18.6,3.7,0,0.273333,0.0126907,0
18.6,3.8,0,0.266525,0.0131978,0
18.6,3.9,0,0.258641,0.0137343,0
18.6,4,0,0.250606,0.0142163,0
18.6,4.1,0,0.240819,0.0147425,0
18.6,4.2,0,0.230909,0.0152143,0
18.6,4.3,0,0.220327,0.0156266,0
18.6,4.4,0,0.209122,0.0159349,0
18.6,4.5,0,0.198013,0.0161247,0
18.6,4.6,0,0.186702,0.0163223,0
18.6,4.7,0,0.175476,0.0163679,0
18.6,4.8,0,0.165436,0.0162967,0
18.6,4.9,0,0.157019,0.016076,0
18.6,5,0,0.149362,0.0156739,0
18.6,5.1,0,0.138592,0.0149512,0
18.6,5.2,0,0.132303,0.0142473,0
18.6,5.3,0,0.127589,0.0133957,0
18.6,5.4,0,0.124575,0.0124085,0
18.6,5.5,0,0.123341,0.011302,0
18.6,5.6,0,0.123921,0.0100968,0
18.6,5.7,0,0.126299,0.00881807,0
18.6,5.8,0,0.130415,0.00749443,0
18.6,5.9,0,0.136168,0.00615262,0
18.6,6,0,0.147967,0.00404039,0
18.6,6.1,0,0.155334,0.00326736,0
18.6,6.2,0,0.163561,0.00227598,0
18.6,6.3,0,0.171788,0.0012846,0
18.6,6.4,0,0.182721,0.000287495,0
18.6,6.5,0,0.194208,-0.000544479,0
18.6,6.6,0,0.205695,-0.00137645,0
18.6,6.7,0,0.217019,-0.00208173,0
18.6,6.8,0,0.227908,-0.00244862,0
18.6,6.9,0,0.238782,-0.00281794,0
18.6,7,0,0.249226,-0.00320242,0
18.6,7.1,0,0.258125,-0.00324231,0
18.6,7.2,0,0.26654,-0.0032968,0
18.6,7.3,0,0.274956,-0.0033513,0
18.6,7.4,0,0.281407,-0.00329092,0
18.6,7.5,0,0.286807,-0.00321392,0
18.6,7.6,0,0.292208,-0.00313692,0
18.6,7.7,0,0.296719,-0.00302494,0
18.6,7.8,0,0.299706,-0.00291702,0
18.6,7.9,0,0.302603,-0.00282212,0
18.6,8,0,0.305221,-0.002736,0
18.6,8.1,0,0.306799,-0.00260444,0
18.6,8.2,0,0.308074,-0.00252727,0
18.6,8.3,0,0.309349,-0.0024501,0
18.6,8.4,0,0.310053,-0.00234204,0
18.6,8.5,0,0.310453,-0.00228091,0
18.6,8.6,0,0.310852,-0.00221978,0
18.6,8.7,0,0.311078,-0.00214435,0
18.6,8.8,0,0.311111,-0.00207254,0
18.6,8.9,0,0.311103,-0.00201819,0
18.6,9,0,0.311041,-0.00197133,0
18.6,9.1,0,0.310916,-0.00188491,0
18.6,9.2,0,0.310741,-0.00183156,0
18.6,9.3,0,0.310565,-0.00177821,0
18.6,9.4,0,0.310343,-0.00170595,0
18.6,9.5,0,0.310106,-0.00165179,0
18.6,9.6,0,0.309869,-0.00159763,0
18.6,9.7,0,0.309599,-0.0015457,0
18.6,9.8,0,0.309361,-0.00147644,0
18.6,9.9,0,0.309102,-0.00142228,0
18.6,10,0,0.30883,-0.00137369,0
18.6,10.1,0,0.308572,-0.0013069,0
18.6,10.2,0,0.308304,-0.00125461,0
18.6,10.3,0,0.308037,-0.00120232,0
18.6,10.4,0,0.307765,-0.00114635,0
18.6,10.5,0,0.307494,-0.00109794,0
18.6,10.6,0,0.307223,-0.00104954,0
18.6,10.7,0,0.30694,-0.00100878,0
18.6,10.8,0,0.306681,-0.000955754,0
18.6,10.9,0,0.30641,-0.000913095,0
18.6,11,0,0.306137,-0.000872734,0
18.6,11.1,0,0.305876,-0.000831583,0
18.6,11.2,0,0.305614,-0.000796535,0
18.6,11.3,0,0.305351,-0.000761487,0
18.6,11.4,0,0.3051,-0.000729203,0
18.6,11.5,0,0.304863,-0.000703616,0
18.6,11.6,0,0.304626,-0.000678029,0
18.6,11.7,0,0.304394,-0.000659124,0
18.6,11.8,0,0.304207,-0.000638038,0
18.6,11.9,0,0.304021,-0.000623608,0
18.6,12,0,0.303836,-0.000609645,0
18.6,12.1,0,0.303707,-0.000602799,0
18.6,12.2,0,0.303599,-0.000599974,0
18.6,12.3,0,0.303491,-0.000597149,0
18.6,12.4,0,0.303418,-0.000597588,0
18.6,12.5,0,0.303386,-0.000598986,0
18.6,12.6,0,0.303354,-0.000600384,0
18.6,12.7,0,0.303329,-0.000604158,0
18.7,0,0,0.304354,0.00619649,0
18.7,0.1,0,0.304327,0.00625778,0
18.7,0.2,0,0.304313,0.00626071,0
18.7,0.3,0,0.304276,0.00627711,0
18.7,0.4,0,0.304258,0.00630599,0
18.7,0.5,0,0.304279,0.006261,0
18.7,0.6,0,0.304244,0.00634952,0
18.7,0.7,0,0.304282,0.00637326,0
18.7,0.8,0,0.304307,0.00639532,0
18.7,0.9,0,0.304381,0.00644879,0
18.7,1,0,0.304533,0.00641675,0
18.7,1.1,0,0.304545,0.00653524,0
18.7,1.2,0,0.304676,0.00659229,0
18.7,1.3,0,0.304763,0.00663707,0
18.7,1.4,0,0.30488,0.00673093,0
18.7,1.5,0,0.305115,0.00672645,0
18.7,1.6,0,0.305076,0.00688237,0
18.7,1.7,0,0.305203,0.00698221,0
18.7,1.8,0,0.305243,0.00705246,0
18.7,1.9,0,0.30528,0.0071937,0
18.7,2,0,0.305477,0.00722543,0
18.7,2.1,0,0.305231,0.00742279,0
18.7,2.2,0,0.305193,0.00757765,0
18.7,2.3,0,0.304992,0.00768375,0
18.7,2.4,0,0.304707,0.00789151,0
18.7,2.5,0,0.304579,0.00798719,0
18.7,2.6,0,0.303768,0.00824584,0
18.7,2.7,0,0.303143,0.00848882,0
18.7,2.8,0,0.302163,0.00866939,0
18.7,2.9,0,0.300877,0.00898609,0
18.7,3,0,0.299608,0.0092025,0
18.7,3.1,0,0.2973,0.00956993,0
18.7,3.2,0,0.294999,0.00995111,0
18.7,3.3,0,0.291964,0.010274,0
18.7,3.4,0,0.288209,0.0107384,0
18.7,3.5,0,0.284179,0.011115,0
18.7,3.6,0,0.278727,0.0116332,0
18.7,3.7,0,0.272987,0.0121469,0
18.7,3.8,0,0.266161,0.0126286,0
18.7,3.9,0,0.258314,0.01317,0
18.7,4,0,0.250077,0.0135794,0
18.7,4.1,0,0.240453,0.0141781,0
18.7,4.2,0,0.230526,0.0146286,0
18.7,4.3,0,0.219917,0.0150645,0
18.7,4.4,0,0.208723,0.0154001,0
18.7,4.5,0,0.197743,0.0154318,0
18.7,4.6,0,0.18632,0.0158318,0
18.7,4.7,0,0.175175,0.0158344,0
18.7,4.8,0,0.164904,0.0157806,0
18.7,4.9,0,0.156347,0.0156074,0
18.7,5,0,0.149704,0.0149636,0
18.7,5.1,0,0.139148,0.0142426,0
18.7,5.2,0,0.133013,0.0135423,0
18.7,5.3,0,0.128445,0.0126971,0
18.7,5.4,0,0.125564,0.0117189,0
18.7,5.5,0,0.124446,0.0106241,0
18.7,5.6,0,0.12512,0.00943316,0
18.7,5.7,0,0.127566,0.00817075,0
18.7,5.8,0,0.131723,0.00686512,0
18.7,5.9,0,0.137488,0.00554256,0
18.7,6,0,0.14925,0.00346202,0
18.7,6.1,0,0.15547,0.00298014,0
18.7,6.2,0,0.163697,0.00198876,0
18.7,6.3,0,0.172807,0.000771095,0
18.7,6.4,0,0.183678,-0.00016887,0
18.7,6.5,0,0.195126,-0.000977481,0
18.7,6.6,0,0.206582,-0.00181681,0
18.7,6.7,0,0.217703,-0.00257105,0
18.7,6.8,0,0.228876,-0.0028945,0
18.7,6.9,0,0.23975,-0.00326383,0
18.7,7,0,0.249519,-0.00367221,0
18.7,7.1,0,0.259002,-0.00366795,0
18.7,7.2,0,0.267417,-0.00372244,0
18.7,7.3,0,0.275135,-0.00379052,0
18.7,7.4,0,0.281844,-0.00369192,0
18.7,7.5,0,0.287476,-0.0035916,0
18.7,7.6,0,0.292865,-0.00351486,0
18.7,7.7,0,0.296635,-0.00342041,0
18.7,7.8,0,0.30014,-0.00323668,0
18.7,7.9,0,0.303038,-0.00314178,0
18.7,8,0,0.305114,-0.00307259,0
18.7,8.1,0,0.307047,-0.00286565,0
18.7,8.2,0,0.308322,-0.00278847,0
18.7,8.3,0,0.309354,-0.00272257,0
18.7,8.4,0,0.310075,-0.00258317,0
18.7,8.5,0,0.310581,-0.00248916,0
18.7,8.6,0,0.310981,-0.00242804,0
18.7,8.7,0,0.310997,-0.0023692,0
18.7,8.8,0,0.311171,-0.00223664,0
18.7,8.9,0,0.311163,-0.00218229,0
18.7,9,0,0.31097,-0.00215404,0
18.7,9.1,0,0.310939,-0.00201512,0
18.7,9.2,0,0.310764,-0.00196177,0
18.7,9.3,0,0.310536,-0.0019203,0
18.7,9.4,0,0.310305,-0.00183801,0
18.7,9.5,0,0.310107,-0.00175734,0
18.7,9.6,0,0.30987,-0.00170318,0
18.7,9.7,0,0.309538,-0.00167155,0
18.7,9.8,0,0.309349,-0.00156484,0
18.7,9.9,0,0.309091,-0.00151067,0
18.7,10,0,0.308772,-0.00148154,0
18.7,10.1,0,0.308553,-0.0013839,0
18.7,10.2,0,0.308285,-0.00133162,0
18.7,10.3,0,0.308002,-0.0012878,0
18.7,10.4,0,0.307721,-0.00123381,0
18.7,10.5,0,0.307471,-0.0011677,0
18.7,10.6,0,0.3072,-0.0011193,0
18.7,10.7,0,0.306894,-0.00109411,0
18.7,10.8,0,0.306657,-0.00102111,0
18.7,10.9,0,0.306386,-0.000978453,0
18.7,11,0,0.306098,-0.000951482,0
18.7,11.1,0,0.305852,-0.000894643,0
18.7,11.2,0,0.30559,-0.000859357,0
18.7,11.3,0,0.305325,-0.000828446,0
18.7,11.4,0,0.305072,-0.000801211,0
18.7,11.5,0,0.30484,-0.000765076,0
18.7,11.6,0,0.304603,-0.000739489,0
18.7,11.7,0,0.304374,-0.000730369,0
18.7,11.8,0,0.304186,-0.000698788,0
18.7,11.9,0,0.304,-0.000684358,0
18.7,12,0,0.303828,-0.00067874,0
18.7,12.1,0,0.303691,-0.000664555,0
18.7,12.2,0,0.303582,-0.000660628,0
18.7,12.3,0,0.303478,-0.000659408,0
18.7,12.4,0,0.303417,-0.000664514,0
18.7,12.5,0,0.30338,-0.000662021,0
18.7,12.6,0,0.303348,-0.000663419,0
18.7,12.7,0,0.303332,-0.000670359,0
18.8,0,0,0.304338,0.00617157,0
18.8,0.1,0,0.304302,0.00626257,0
18.8,0.2,0,0.304296,0.00623359,0
18.8,0.3,0,0.304258,0.00624999,0
18.8,0.4,0,0.304218,0.00631112,0
18.8,0.5,0,0.304259,0.00622761,0
18.8,0.6,0,0.304187,0.00634831,0
18.8,0.7,0,0.304254,0.00632976,0
18.8,0.8,0,0.304279,0.00635182,0
18.8,0.9,0,0.304302,0.00643618,0
18.8,1,0,0.304493,0.0063588,0
18.8,1.1,0,0.304444,0.0065068,0
18.8,1.2,0,0.304623,0.00651483,0
18.8,1.3,0,0.304709,0.00655961,0
18.8,1.4,0,0.304753,0.00668134,0
18.8,1.5,0,0.305046,0.00662386,0
18.8,1.6,0,0.304922,0.00680533,0
18.8,1.7,0,0.305119,0.00684835,0
18.8,1.8,0,0.305158,0.0069186,0
18.8,1.9,0,0.305096,0.00708197,0
18.8,2,0,0.305373,0.00705364,0
18.8,2.1,0,0.305018,0.00726817,0
18.8,2.2,0,0.305064,0.00736078,0
18.8,2.3,0,0.304862,0.00746688,0
18.8,2.4,0,0.304466,0.00768503,0
18.8,2.5,0,0.304414,0.00771786,0
18.8,2.6,0,0.303503,0.00797843,0
18.8,2.7,0,0.302929,0.00816,0
18.8,2.8,0,0.30195,0.00834056,0
18.8,2.9,0,0.300596,0.00865022,0
18.8,3,0,0.299329,0.00880851,0
18.8,3.1,0,0.29701,0.00916191,0
18.8,3.2,0,0.294639,0.00948905,0
18.8,3.3,0,0.291604,0.00981192,0
18.8,3.4,0,0.287914,0.0102615,0
18.8,3.5,0,0.283734,0.0105863,0
18.8,3.6,0,0.278422,0.0111006,0
18.8,3.7,0,0.272474,0.0115582,0
18.8,3.8,0,0.265648,0.0120399,0
18.8,3.9,0,0.257986,0.0126058,0
18.8,4,0,0.249548,0.0129426,0
18.8,4.1,0,0.240088,0.0136138,0
18.8,4.2,0,0.230069,0.0139577,0
18.8,4.3,0,0.21946,0.0143935,0
18.8,4.4,0,0.208324,0.0148653,0
18.8,4.5,0,0.197472,0.0147389,0
18.8,4.6,0,0.185937,0.0153414,0
18.8,4.7,0,0.175204,0.0151282,0
18.8,4.8,0,0.164933,0.0150744,0
18.8,4.9,0,0.155674,0.0151387,0
18.8,5,0,0.150045,0.0142532,0
18.8,5.1,0,0.139704,0.0135339,0
18.8,5.2,0,0.133722,0.0128373,0
18.8,5.3,0,0.129301,0.0119984,0
18.8,5.4,0,0.126553,0.0110293,0
18.8,5.5,0,0.125552,0.00994627,0
18.8,5.6,0,0.126319,0.00876951,0
18.8,5.7,0,0.128834,0.00752343,0
18.8,5.8,0,0.133031,0.00623581,0
18.8,5.9,0,0.138808,0.00493251,0
18.8,6,0,0.150533,0.00288366,0
18.8,6.1,0,0.156107,0.00256581,0
18.8,6.2,0,0.163834,0.00170154,0
18.8,6.3,0,0.173881,0.000243225,0
18.8,6.4,0,0.184752,-0.000696739,0
18.8,6.5,0,0.196045,-0.00141048,0
18.8,6.6,0,0.207266,-0.00230613,0
18.8,6.7,0,0.218387,-0.00306036,0
18.8,6.8,0,0.229844,-0.00334039,0
18.8,6.9,0,0.240501,-0.00371738,0
18.8,7,0,0.249811,-0.00414199,0
18.8,7.1,0,0.259556,-0.00411796,0
18.8,7.2,0,0.268294,-0.00414808,0
18.8,7.3,0,0.275166,-0.00423263,0
18.8,7.4,0,0.281875,-0.00413403,0
18.8,7.5,0,0.288144,-0.00396927,0
18.8,7.6,0,0.292782,-0.00391033,0
18.8,7.7,0,0.296551,-0.00381587,0
18.8,7.8,0,0.300574,-0.00355633,0
18.8,7.9,0,0.303361,-0.00346491,0
18.8,8,0,0.305007,-0.00340918,0
18.8,8.1,0,0.307058,-0.0031772,0
18.8,8.2,0,0.308571,-0.00304968,0
18.8,8.3,0,0.309258,-0.00299966,0
18.8,8.4,0,0.309979,-0.00286026,0
18.8,8.5,0,0.31071,-0.00269742,0
18.8,8.6,0,0.310921,-0.00265121,0
18.8,8.7,0,0.310916,-0.00259405,0
18.8,8.8,0,0.311232,-0.00240074,0
18.8,8.9,0,0.311212,-0.00234806,0
18.8,9,0,0.310899,-0.00233676,0
18.8,9.1,0,0.310888,-0.00218648,0
18.8,9.2,0,0.310787,-0.00209198,0
18.8,9.3,0,0.310471,-0.00207054,0
18.8,9.4,0,0.31024,-0.00198825,0
18.8,9.5,0,0.310109,-0.00186289,0
18.8,9.6,0,0.309823,-0.00182464,0
18.8,9.7,0,0.309477,-0.0017974,0
18.8,9.8,0,0.309334,-0.00165659,0
18.8,9.9,0,0.30908,-0.00159907,0
18.8,10,0,0.308715,-0.00158938,0
18.8,10.1,0,0.308499,-0.00148864,0
18.8,10.2,0,0.308267,-0.00140862,0
18.8,10.3,0,0.30795,-0.00138253,0
18.8,10.4,0,0.307669,-0.00132854,0
18.8,10.5,0,0.307449,-0.00123746,0
18.8,10.6,0,0.307162,-0.00119946,0
18.8,10.7,0,0.306847,-0.00117945,0
18.8,10.8,0,0.306628,-0.00109057,0
18.8,10.9,0,0.306362,-0.00104381,0
18.8,11,0,0.306059,-0.00103023,0
18.8,11.1,0,0.305813,-0.00097339,0
18.8,11.2,0,0.305566,-0.000922179,0
18.8,11.3,0,0.305296,-0.000902697,0
18.8,11.4,0,0.305042,-0.000875462,0
18.8,11.5,0,0.304818,-0.000826536,0
18.8,11.6,0,0.304582,-0.000806353,0
18.8,11.7,0,0.304355,-0.000801614,0
18.8,11.8,0,0.304165,-0.000762905,0
18.8,11.9,0,0.303979,-0.000745108,0
18.8,12,0,0.303819,-0.000747835,0
18.8,12.1,0,0.303682,-0.00073365,0
18.8,12.2,0,0.303565,-0.000721281,0
18.8,12.3,0,0.303477,-0.000726582,0
18.8,12.4,0,0.303417,-0.000731688,0
18.8,12.5,0,0.303373,-0.000725056,0
18.8,12.6,0,0.303345,-0.000727836,0
18.8,12.7,0,0.303334,-0.00073656,0
18.9,0,0,0.304321,0.00614665,0
18.9,0.1,0,0.304283,0.00624805,0
18.9,0.2,0,0.304279,0.00620647,0
18.9,0.3,0,0.304241,0.00622287,0
18.9,0.4,0,0.304191,0.00629121,0
18.9,0.5,0,0.304239,0.00619422,0
18.9,0.6,0,0.304154,0.00632619,0
18.9,0.7,0,0.304226,0.00628627,0
18.9,0.8,0,0.304251,0.00630833,0
18.9,0.9,0,0.304249,0.0063941,0
18.9,1,0,0.304453,0.00630085,0
18.9,1.1,0,0.304383,0.00645918,0
18.9,1.2,0,0.304569,0.00643737,0
18.9,1.3,0,0.304656,0.00648215,0
18.9,1.4,0,0.304664,0.0065973,0
18.9,1.5,0,0.304978,0.00652126,0
18.9,1.6,0,0.304823,0.00671167,0
18.9,1.7,0,0.305034,0.00671449,0
18.9,1.8,0,0.305074,0.00678474,0
18.9,1.9,0,0.304964,0.0069312,0
18.9,2,0,0.305269,0.00688185,0
18.9,2.1,0,0.304875,0.0071024,0
18.9,2.2,0,0.304935,0.00714391,0
18.9,2.3,0,0.304733,0.00725002,0
18.9,2.4,0,0.304274,0.0074377,0
18.9,2.5,0,0.30425,0.00744853,0
18.9,2.6,0,0.303304,0.00770978,0
18.9,2.7,0,0.302716,0.00783118,0
18.9,2.8,0,0.301736,0.00801174,0
18.9,2.9,0,0.300316,0.00827657,0
18.9,3,0,0.299049,0.00841452,0
18.9,3.1,0,0.296727,0.00876302,0
18.9,3.2,0,0.294278,0.00902698,0
18.9,3.3,0,0.291243,0.00934986,0
18.9,3.4,0,0.287521,0.00975084,0
18.9,3.5,0,0.283288,0.0100575,0
18.9,3.6,0,0.278026,0.0105705,0
18.9,3.7,0,0.271961,0.0109695,0
18.9,3.8,0,0.265135,0.0114512,0
18.9,3.9,0,0.257528,0.0119943,0
18.9,4,0,0.24902,0.0123057,0
18.9,4.1,0,0.239616,0.0130023,0
18.9,4.2,0,0.229612,0.0132867,0
18.9,4.3,0,0.219004,0.0137226,0
18.9,4.4,0,0.208009,0.0142277,0
18.9,4.5,0,0.197202,0.014046,0
18.9,4.6,0,0.185627,0.0147194,0
18.9,4.7,0,0.175233,0.014422,0
18.9,4.8,0,0.164961,0.0143683,0
18.9,4.9,0,0.155661,0.014513,0
18.9,5,0,0.150387,0.0135428,0
18.9,5.1,0,0.140259,0.0128253,0
18.9,5.2,0,0.134432,0.0121324,0
18.9,5.3,0,0.130157,0.0112997,0
18.9,5.4,0,0.127543,0.0103397,0
18.9,5.5,0,0.126657,0.00926841,0
18.9,5.6,0,0.127518,0.00810586,0
18.9,5.7,0,0.130101,0.00687611,0
18.9,5.8,0,0.13434,0.0056065,0
18.9,5.9,0,0.140128,0.00432245,0
18.9,6,0,0.151817,0.00230529,0
18.9,6.1,0,0.15739,0.00198745,0
18.9,6.2,0,0.164558,0.00126346,0
18.9,6.3,0,0.174956,-0.000284644,0
18.9,6.4,0,0.185827,-0.00122461,0
18.9,6.5,0,0.196963,-0.00184349,0
18.9,6.6,0,0.20795,-0.00279545,0
18.9,6.7,0,0.21907,-0.00354968,0
18.9,6.8,0,0.230601,-0.00381853,0
18.9,6.9,0,0.240793,-0.00418717,0
18.9,7,0,0.250104,-0.00461178,0
18.9,7.1,0,0.259848,-0.00458775,0
18.9,7.2,0,0.268738,-0.00458213,0
18.9,7.3,0,0.275196,-0.00467474,0
18.9,7.4,0,0.281905,-0.00457614,0
18.9,7.5,0,0.288781,-0.00435007,0
18.9,7.6,0,0.292698,-0.00430579,0
18.9,7.7,0,0.296467,-0.00421134,0
18.9,7.8,0,0.300564,-0.00394105,0
18.9,7.9,0,0.303254,-0.00380149,0
18.9,8,0,0.3049,-0.00374577,0
18.9,8.1,0,0.306952,-0.00351379,0
18.9,8.2,0,0.308683,-0.00331717,0
18.9,8.3,0,0.309162,-0.00327675,0
18.9,8.4,0,0.309883,-0.00313735,0
18.9,8.5,0,0.310802,-0.00291697,0
18.9,8.6,0,0.31084,-0.00287607,0
18.9,8.7,0,0.310835,-0.0028189,0
18.9,8.8,0,0.311154,-0.00262401,0
18.9,8.9,0,0.311141,-0.00253077,0
18.9,9,0,0.310828,-0.00251947,0
18.9,9.1,0,0.310817,-0.00236919,0
18.9,9.2,0,0.310785,-0.0022278,0
18.9,9.3,0,0.310405,-0.00222078,0
18.9,9.4,0,0.310174,-0.00213849,0
18.9,9.5,0,0.310092,-0.00198094,0
18.9,9.6,0,0.309761,-0.00195049,0
18.9,9.7,0,0.309415,-0.00192325,0
18.9,9.8,0,0.309273,-0.00178244,0
18.9,9.9,0,0.309024,-0.00170641,0
18.9,10,0,0.308658,-0.00169722,0
18.9,10.1,0,0.308442,-0.00159648,0
18.9,10.2,0,0.308242,-0.00148854,0
18.9,10.3,0,0.307898,-0.00147726,0
18.9,10.4,0,0.307617,-0.00142328,0
18.9,10.5,0,0.307414,-0.00131709,0
18.9,10.6,0,0.307116,-0.00128479,0
18.9,10.7,0,0.306801,-0.00126478,0
18.9,10.8,0,0.306582,-0.00117591,0
18.9,10.9,0,0.306325,-0.00112066,0
18.9,11,0,0.306021,-0.00110898,0
18.9,11.1,0,0.305774,-0.00105214,0
18.9,11.2,0,0.305542,-0.000985556,0
18.9,11.3,0,0.305266,-0.000976949,0
18.9,11.4,0,0.305012,-0.000949713,0
18.9,11.5,0,0.304791,-0.000894535,0
18.9,11.6,0,0.304563,-0.000877598,0
18.9,11.7,0,0.304335,-0.000872859,0
18.9,11.8,0,0.304146,-0.00083415,0
18.9,11.9,0,0.303967,-0.000812054,0
18.9,12,0,0.30381,-0.00081693,0
18.9,12.1,0,0.303674,-0.000802745,0
18.9,12.2,0,0.303547,-0.000781935,0
18.9,12.3,0,0.303477,-0.000793755,0
18.9,12.4,0,0.303416,-0.000798861,0
18.9,12.5,0,0.303371,-0.000790685,0
18.9,12.6,0,0.303348,-0.000794038,0
18.9,12.7,0,0.303337,-0.000802762,0
19,0,0,0.304304,0.00612173,0
19,0.1,0,0.304266,0.00621995,0
19,0.2,0,0.304262,0.00617936,0
19,0.3,0,0.304224,0.00619576,0
19,0.4,0,0.304174,0.0062546,0
19,0.5,0,0.304219,0.00616083,0
19,0.6,0,0.304137,0.00628857,0
19,0.7,0,0.304198,0.00624277,0
19,0.8,0,0.304223,0.00626483,0
19,0.9,0,0.304215,0.00633307,0
19,1,0,0.304414,0.00624291,0
19,1.1,0,0.304348,0.00639633,0
19,1.2,0,0.304516,0.00635991,0
19,1.3,0,0.304603,0.00640469,0
19,1.4,0,0.304603,0.00649191,0
19,1.5,0,0.30491,0.00641866,0
19,1.6,0,0.304762,0.00660339,0
19,1.7,0,0.304949,0.00658063,0
19,1.8,0,0.304989,0.00665088,0
19,1.9,0,0.30487,0.0067572,0
19,2,0,0.305165,0.00671006,0
19,2.1,0,0.30478,0.00692438,0
19,2.2,0,0.304805,0.00692704,0
19,2.3,0,0.304604,0.00703315,0
19,2.4,0,0.304121,0.00716732,0
19,2.5,0,0.304086,0.0071792,0
19,2.6,0,0.303145,0.0074343,0
19,2.7,0,0.302503,0.00750235,0
19,2.8,0,0.301523,0.00768292,0
19,2.9,0,0.300044,0.00788328,0
19,3,0,0.29877,0.00802053,0
19,3.1,0,0.29644,0.00836362,0
19,3.2,0,0.293918,0.00856492,0
19,3.3,0,0.290883,0.00888779,0
19,3.4,0,0.287068,0.00922357,0
19,3.5,0,0.282842,0.00952875,0
19,3.6,0,0.27756,0.0100361,0
19,3.7,0,0.271449,0.0103808,0
19,3.8,0,0.264622,0.0108625,0
19,3.9,0,0.256981,0.011355,0
19,4,0,0.248491,0.0116688,0
19,4.1,0,0.239078,0.0123547,0
19,4.2,0,0.229156,0.0126157,0
19,4.3,0,0.218547,0.0130516,0
19,4.4,0,0.207733,0.0135212,0
19,4.5,0,0.196932,0.0133531,0
19,4.6,0,0.185398,0.0140049,0
19,4.7,0,0.175261,0.0137158,0
19,4.8,0,0.16499,0.0136621,0
19,4.9,0,0.156073,0.0137788,0
19,5,0,0.150729,0.0128324,0
19,5.1,0,0.140815,0.0121167,0
19,5.2,0,0.135142,0.0114274,0
19,5.3,0,0.131013,0.0106011,0
19,5.4,0,0.128532,0.00965012,0
19,5.5,0,0.127762,0.00859056,0
19,5.6,0,0.128717,0.00744222,0
19,5.7,0,0.131369,0.00622879,0
19,5.8,0,0.135648,0.00497719,0
19,5.9,0,0.141448,0.0037124,0
19,6,0,0.1531,0.00172693,0
19,6.1,0,0.158673,0.00140908,0
19,6.2,0,0.165774,0.000699741,0
19,6.3,0,0.17603,-0.000812513,0
19,6.4,0,0.186901,-0.00175248,0
19,6.5,0,0.197835,-0.002411,0
19,6.6,0,0.208634,-0.00328477,0
19,6.7,0,0.219754,-0.004039,0
19,6.8,0,0.23128,-0.00430803,0
19,6.9,0,0.241086,-0.00465695,0
19,7,0,0.250396,-0.00508157,0
19,7.1,0,0.260141,-0.00505753,0
19,7.2,0,0.268629,-0.00503479,0
19,7.3,0,0.275227,-0.00511685,0
19,7.4,0,0.281936,-0.00501825,0
19,7.5,0,0.288284,-0.00480466,0
19,7.6,0,0.292614,-0.00470126,0
19,7.7,0,0.296384,-0.00460681,0
19,7.8,0,0.30048,-0.00433652,0
19,7.9,0,0.303147,-0.00413808,0
19,8,0,0.304793,-0.00408236,0
19,8.1,0,0.306845,-0.00385038,0
19,8.2,0,0.308461,-0.00362098,0
19,8.3,0,0.309066,-0.00355385,0
19,8.4,0,0.309787,-0.00341445,0
19,8.5,0,0.310583,-0.00320379,0
19,8.6,0,0.310759,-0.00310092,0
19,8.7,0,0.310754,-0.00304376,0
19,8.8,0,0.311074,-0.00284886,0
19,8.9,0,0.31107,-0.00271348,0
19,9,0,0.310757,-0.00270218,0
19,9.1,0,0.310746,-0.0025519,0
19,9.2,0,0.310675,-0.00240272,0
19,9.3,0,0.31034,-0.00237102,0
19,9.4,0,0.310109,-0.00228873,0
19,9.5,0,0.309997,-0.00214073,0
19,9.6,0,0.3097,-0.00207633,0
19,9.7,0,0.309354,-0.0020491,0
19,9.8,0,0.309211,-0.00190829,0
19,9.9,0,0.308966,-0.00181425,0
19,10,0,0.308601,-0.00180507,0
19,10.1,0,0.308385,-0.00170433,0
19,10.2,0,0.308168,-0.00160134,0
19,10.3,0,0.307845,-0.00157199,0
19,10.4,0,0.307564,-0.00151801,0
19,10.5,0,0.307354,-0.00141735,0
19,10.6,0,0.30707,-0.00137013,0
19,10.7,0,0.306755,-0.00135012,0
19,10.8,0,0.306536,-0.00126124,0
19,10.9,0,0.306287,-0.00119941,0
19,11,0,0.305982,-0.00118772,0
19,11.1,0,0.305735,-0.00113089,0
19,11.2,0,0.305502,-0.00107098,0
19,11.3,0,0.305236,-0.0010512,0
19,11.4,0,0.304982,-0.00102396,0
19,11.5,0,0.304762,-0.000971123,0
19,11.6,0,0.304544,-0.000948843,0
19,11.7,0,0.304316,-0.000944104,0
19,11.8,0,0.304126,-0.000905395,0
19,11.9,0,0.303958,-0.000881228,0
19,12,0,0.303801,-0.000886025,0
19,12.1,0,0.303665,-0.00087184,0
19,12.2,0,0.303553,-0.000855568,0
19,12.3,0,0.303477,-0.000860928,0
19,12.4,0,0.303416,-0.000866034,0
19,12.5,0,0.303371,-0.000858248,0
19,12.6,0,0.303351,-0.000860239,0
19,12.7,0,0.30334,-0.000868963,0
19.1,0,0,0.304287,0.00609682,0
19.1,0.1,0,0.304257,0.00616312,0
19.1,0.2,0,0.304245,0.00615224,0
19.1,0.3,0,0.304207,0.00616864,0
19.1,0.4,0,0.304176,0.00618896,0
19.1,0.5,0,0.304199,0.00612745,0
19.1,0.6,0,0.304146,0.00621289,0
19.1,0.7,0,0.30417,0.00619927,0
19.1,0.8,0,0.304195,0.00622134,0
19.1,0.9,0,0.304226,0.00624424,0
19.1,1,0,0.304374,0.00618496,0
19.1,1.1,0,0.304356,0.00628936,0
19.1,1.2,0,0.304463,0.00628244,0
19.1,1.3,0,0.304549,0.00632723,0
19.1,1.4,0,0.304609,0.00636144,0
19.1,1.5,0,0.304842,0.00631606,0
19.1,1.6,0,0.304764,0.00644398,0
19.1,1.7,0,0.304865,0.00644677,0
19.1,1.8,0,0.304904,0.00651702,0
19.1,1.9,0,0.304865,0.00656329,0
19.1,2,0,0.305061,0.00653828,0
19.1,2.1,0,0.30476,0.00669034,0
19.1,2.2,0,0.304676,0.00671017,0
19.1,2.3,0,0.304475,0.00681628,0
19.1,2.4,0,0.304069,0.0068876,0
19.1,2.5,0,0.303922,0.00690987,0
19.1,2.6,0,0.303032,0.00710355,0
19.1,2.7,0,0.302289,0.00717353,0
19.1,2.8,0,0.30131,0.0073541,0
19.1,2.9,0,0.299832,0.00749635,0
19.1,3,0,0.298491,0.00762654,0
19.1,3.1,0,0.296091,0.00791559,0
19.1,3.2,0,0.293558,0.00810285,0
19.1,3.3,0,0.290523,0.00842573,0
19.1,3.4,0,0.286558,0.00870967,0
19.1,3.5,0,0.282397,0.00899999,0
19.1,3.6,0,0.276906,0.00945124,0
19.1,3.7,0,0.270936,0.00979205,0
19.1,3.8,0,0.264109,0.0102738,0
19.1,3.9,0,0.256267,0.0106936,0
19.1,4,0,0.247962,0.0110319,0
19.1,4.1,0,0.238458,0.0116112,0
19.1,4.2,0,0.228699,0.0119447,0
19.1,4.3,0,0.21809,0.0123806,0
19.1,4.4,0,0.207405,0.0126921,0
19.1,4.5,0,0.196661,0.0126601,0
19.1,4.6,0,0.185539,0.0130962,0
19.1,4.7,0,0.17529,0.0130097,0
19.1,4.8,0,0.165019,0.0129559,0
19.1,4.9,0,0.157115,0.0128309,0
19.1,5,0,0.15107,0.012122,0
19.1,5.1,0,0.14137,0.0114081,0
19.1,5.2,0,0.135852,0.0107224,0
19.1,5.3,0,0.131869,0.00990238,0
19.1,5.4,0,0.129522,0.00896052,0
19.1,5.5,0,0.128867,0.00791271,0
19.1,5.6,0,0.129916,0.00677857,0
19.1,5.7,0,0.132636,0.00558147,0
19.1,5.8,0,0.136956,0.00434788,0
19.1,5.9,0,0.142768,0.00310234,0
19.1,6,0,0.154383,0.00114856,0
19.1,6.1,0,0.160251,0.000755293,0
19.1,6.2,0,0.167995,-0.000119271,0
19.1,6.3,0,0.177105,-0.00134038,0
19.1,6.4,0,0.187976,-0.00228035,0
19.1,6.5,0,0.198675,-0.00299519,0
19.1,6.6,0,0.209318,-0.00377409,0
19.1,6.7,0,0.220438,-0.00452832,0
19.1,6.8,0,0.231288,-0.00482124,0
19.1,6.9,0,0.241257,-0.00514538,0
19.1,7,0,0.250689,-0.00555135,0
19.1,7.1,0,0.260266,-0.00553058,0
19.1,7.2,0,0.268075,-0.00552105,0
19.1,7.3,0,0.275257,-0.00555896,0
19.1,7.4,0,0.281966,-0.00546036,0
19.1,7.5,0,0.287563,-0.00526457,0
19.1,7.6,0,0.29253,-0.00509673,0
19.1,7.7,0,0.2963,-0.00500228,0
19.1,7.8,0,0.299913,-0.00474709,0
19.1,7.9,0,0.302758,-0.00451597,0
19.1,8,0,0.304686,-0.00441895,0
19.1,8.1,0,0.30671,-0.00418827,0
19.1,8.2,0,0.30801,-0.00397346,0
19.1,8.3,0,0.30897,-0.00383094,0
19.1,8.4,0,0.309692,-0.00369154,0
19.1,8.5,0,0.310278,-0.00349748,0
19.1,8.6,0,0.310678,-0.00332577,0
19.1,8.7,0,0.310673,-0.00326861,0
19.1,8.8,0,0.31089,-0.00308816,0
19.1,8.9,0,0.310905,-0.00293632,0
19.1,9,0,0.310686,-0.00288489,0
19.1,9.1,0,0.310675,-0.00273461,0
19.1,9.2,0,0.310516,-0.00260546,0
19.1,9.3,0,0.310275,-0.00252126,0
19.1,9.4,0,0.310044,-0.00243897,0
19.1,9.5,0,0.309869,-0.00231127,0
19.1,9.6,0,0.309639,-0.00220218,0
19.1,9.7,0,0.309293,-0.00217495,0
19.1,9.8,0,0.30912,-0.00204698,0
19.1,9.9,0,0.30887,-0.00195116,0
19.1,10,0,0.308544,-0.00191291,0
19.1,10.1,0,0.308328,-0.00181217,0
19.1,10.2,0,0.308077,-0.00172691,0
19.1,10.3,0,0.307793,-0.00166673,0
19.1,10.4,0,0.307512,-0.00161274,0
19.1,10.5,0,0.307278,-0.00152766,0
19.1,10.6,0,0.307021,-0.00145751,0
19.1,10.7,0,0.306709,-0.00143545,0
19.1,10.8,0,0.306481,-0.00135387,0
19.1,10.9,0,0.306228,-0.00129597,0
19.1,11,0,0.305943,-0.00126647,0
19.1,11.1,0,0.305696,-0.00120963,0
19.1,11.2,0,0.305457,-0.00116116,0
19.1,11.3,0,0.305206,-0.00112545,0
19.1,11.4,0,0.304952,-0.00109822,0
19.1,11.5,0,0.304736,-0.00105516,0
19.1,11.6,0,0.304523,-0.00102262,0
19.1,11.7,0,0.304296,-0.00101535,0
19.1,11.8,0,0.304112,-0.000980221,0
19.1,11.9,0,0.303951,-0.000960817,0
19.1,12,0,0.303792,-0.00095512,0
19.1,12.1,0,0.303656,-0.000940935,0
19.1,12.2,0,0.303561,-0.000931183,0
19.1,12.3,0,0.303476,-0.000928101,0
19.1,12.4,0,0.303415,-0.000933207,0
19.1,12.5,0,0.30338,-0.000928588,0
19.1,12.6,0,0.303355,-0.000927737,0
19.1,12.7,0,0.303342,-0.000935164,0
19.2,0,0,0.30427,0.0060719,0
19.2,0.1,0,0.304247,0.00610629,0
19.2,0.2,0,0.304232,0.00610878,0
19.2,0.3,0,0.304201,0.00612033,0
19.2,0.4,0,0.304179,0.00612332,0
19.2,0.5,0,0.304179,0.00609406,0
19.2,0.6,0,0.304156,0.00613721,0
19.2,0.7,0,0.304163,0.00613808,0
19.2,0.8,0,0.304189,0.00615291,0
19.2,0.9,0,0.304237,0.0061554,0
19.2,1,0,0.304335,0.00612702,0
19.2,1.1,0,0.304365,0.0061824,0
19.2,1.2,0,0.304443,0.00618875,0
19.2,1.3,0,0.304528,0.00622061,0
19.2,1.4,0,0.304614,0.00623098,0
19.2,1.5,0,0.304773,0.00621347,0
19.2,1.6,0,0.304766,0.00628457,0
19.2,1.7,0,0.304828,0.00629886,0
19.2,1.8,0,0.304864,0.00635013,0
19.2,1.9,0,0.304861,0.00636937,0
19.2,2,0,0.304957,0.00636649,0
19.2,2.1,0,0.30474,0.0064563,0
19.2,2.2,0,0.304607,0.00648386,0
19.2,2.3,0,0.304388,0.00656484,0
19.2,2.4,0,0.304017,0.00660788,0
19.2,2.5,0,0.303757,0.00664054,0
19.2,2.6,0,0.302919,0.0067728,0
19.2,2.7,0,0.302131,0.00684365,0
19.2,2.8,0,0.301098,0.00699331,0
19.2,2.9,0,0.299621,0.00710941,0
19.2,3,0,0.298212,0.00723256,0
19.2,3.1,0,0.295743,0.00746755,0
19.2,3.2,0,0.293204,0.00764851,0
19.2,3.3,0,0.29008,0.00793516,0
19.2,3.4,0,0.286048,0.00819576,0
19.2,3.5,0,0.281951,0.00847123,0
19.2,3.6,0,0.276252,0.00886639,0
19.2,3.7,0,0.270345,0.00920546,0
19.2,3.8,0,0.263486,0.00964509,0
19.2,3.9,0,0.255552,0.0100323,0
19.2,4,0,0.247433,0.010395,0
19.2,4.1,0,0.237839,0.0108677,0
19.2,4.2,0,0.228153,0.0112338,0
19.2,4.3,0,0.217704,0.0116227,0
19.2,4.4,0,0.207077,0.011863,0
19.2,4.5,0,0.196391,0.0119672,0
19.2,4.6,0,0.18568,0.0121876,0
19.2,4.7,0,0.17538,0.0121921,0
19.2,4.8,0,0.165605,0.0121168,0
19.2,4.9,0,0.158158,0.011883,0
19.2,5,0,0.151412,0.0114116,0
19.2,5.1,0,0.141926,0.0106995,0
19.2,5.2,0,0.136561,0.0100175,0
19.2,5.3,0,0.132725,0.00920371,0
19.2,5.4,0,0.130511,0.00827092,0
19.2,5.5,0,0.129972,0.00723486,0
19.2,5.6,0,0.131115,0.00611493,0
19.2,5.7,0,0.133904,0.00493415,0
19.2,5.8,0,0.138265,0.00371857,0
19.2,5.9,0,0.144087,0.00249229,0
19.2,6,0,0.155666,0.000570198,0
19.2,6.1,0,0.162472,-6.3719e-05,0
19.2,6.2,0,0.170216,-0.000938283,0
19.2,6.3,0,0.178179,-0.00186825,0
19.2,6.4,0,0.188932,-0.00283659,0
19.2,6.5,0,0.199515,-0.00357938,0
19.2,6.6,0,0.210098,-0.00432217,0
19.2,6.7,0,0.221122,-0.00501764,0
19.2,6.8,0,0.231297,-0.00533446,0
19.2,6.9,0,0.241265,-0.0056586,0
19.2,7,0,0.250981,-0.00602114,0
19.2,7.1,0,0.259712,-0.00601684,0
19.2,7.2,0,0.267522,-0.00600731,0
19.2,7.3,0,0.275288,-0.00600107,0
19.2,7.4,0,0.281705,-0.00590938,0
19.2,7.5,0,0.286841,-0.00572447,0
19.2,7.6,0,0.291977,-0.00553956,0
19.2,7.7,0,0.296216,-0.00539774,0
19.2,7.8,0,0.299289,-0.00515949,0
19.2,7.9,0,0.302133,-0.00492838,0
19.2,8,0,0.30458,-0.00475554,0
19.2,8.1,0,0.306259,-0.00454075,0
19.2,8.2,0,0.307559,-0.00432594,0
19.2,8.3,0,0.30886,-0.00411113,0
19.2,8.4,0,0.309539,-0.00397315,0
19.2,8.5,0,0.309972,-0.00379117,0
19.2,8.6,0,0.310406,-0.00360919,0
19.2,8.7,0,0.310592,-0.00349346,0
19.2,8.8,0,0.310678,-0.00333162,0
19.2,8.9,0,0.310693,-0.00317978,0
19.2,9,0,0.310615,-0.00306761,0
19.2,9.1,0,0.310519,-0.00293668,0
19.2,9.2,0,0.310357,-0.0028082,0
19.2,9.3,0,0.310195,-0.00267973,0
19.2,9.4,0,0.309969,-0.00259239,0
19.2,9.5,0,0.309741,-0.00248181,0
19.2,9.6,0,0.309513,-0.00237123,0
19.2,9.7,0,0.309231,-0.0023008,0
19.2,9.8,0,0.309012,-0.00219228,0
19.2,9.9,0,0.308763,-0.00209645,0
19.2,10,0,0.308486,-0.00202075,0
19.2,10.1,0,0.308242,-0.0019351,0
19.2,10.2,0,0.307986,-0.00185248,0
19.2,10.3,0,0.30773,-0.00176986,0
19.2,10.4,0,0.307459,-0.00170811,0
19.2,10.5,0,0.307202,-0.00163797,0
19.2,10.6,0,0.306945,-0.00156783,0
19.2,10.7,0,0.306663,-0.00152079,0
19.2,10.8,0,0.30642,-0.0014526,0
19.2,10.9,0,0.306167,-0.0013947,0
19.2,11,0,0.305904,-0.00134522,0
19.2,11.1,0,0.305653,-0.00129678,0
19.2,11.2,0,0.305412,-0.00125133,0
19.2,11.3,0,0.30517,-0.00120588,0
19.2,11.4,0,0.304922,-0.00117247,0
19.2,11.5,0,0.304709,-0.00113919,0
19.2,11.6,0,0.304496,-0.00110665,0
19.2,11.7,0,0.304277,-0.00108659,0
19.2,11.8,0,0.304105,-0.00105981,0
19.2,11.9,0,0.303944,-0.00104041,0
19.2,12,0,0.303784,-0.00102421,0
19.2,12.1,0,0.303658,-0.00101407,0
19.2,12.2,0,0.303569,-0.0010068,0
19.2,12.3,0,0.30348,-0.000999527,0
19.2,12.4,0,0.303415,-0.00100038,0
19.2,12.5,0,0.303388,-0.000998928,0
19.2,12.6,0,0.303364,-0.000998077,0
19.2,12.7,0,0.303345,-0.00100137,0
19.3,0,0,0.304253,0.00604698,0
19.3,0.1,0,0.304238,0.00604947,0
19.3,0.2,0,0.304222,0.00605195,0
19.3,0.3,0,0.304203,0.00605469,0
19.3,0.4,0,0.304181,0.00605768,0
19.3,0.5,0,0.304159,0.00606067,0
19.3,0.6,0,0.304166,0.00606153,0
19.3,0.7,0,0.304173,0.0060624,0
19.3,0.8,0,0.3042,0.00606408,0
19.3,0.9,0,0.304248,0.00606657,0
19.3,1,0,0.304295,0.00606907,0
19.3,1.1,0,0.304374,0.00607543,0
19.3,1.2,0,0.304452,0.00608179,0
19.3,1.3,0,0.304534,0.00609015,0
19.3,1.4,0,0.30462,0.00610051,0
19.3,1.5,0,0.304705,0.00611087,0
19.3,1.6,0,0.304767,0.00612516,0
19.3,1.7,0,0.304829,0.00613945,0
19.3,1.8,0,0.304859,0.00615622,0
19.3,1.9,0,0.304856,0.00617546,0
19.3,2,0,0.304853,0.0061947,0
19.3,2.1,0,0.30472,0.00622226,0
19.3,2.2,0,0.304587,0.00624982,0
19.3,2.3,0,0.304335,0.00628512,0
19.3,2.4,0,0.303964,0.00632816,0
19.3,2.5,0,0.303593,0.0063712,0
19.3,2.6,0,0.302806,0.00644205,0
19.3,2.7,0,0.302018,0.0065129,0
19.3,2.8,0,0.300886,0.00660637,0
19.3,2.9,0,0.299409,0.00672247,0
19.3,3,0,0.297932,0.00683857,0
19.3,3.1,0,0.295394,0.00701952,0
19.3,3.2,0,0.292855,0.00720047,0
19.3,3.3,0,0.28957,0.00742125,0
19.3,3.4,0,0.285538,0.00768186,0
19.3,3.5,0,0.281505,0.00794247,0
19.3,3.6,0,0.275599,0.00828154,0
19.3,3.7,0,0.269692,0.00862061,0
19.3,3.8,0,0.262772,0.00898373,0
19.3,3.9,0,0.254838,0.00937091,0
19.3,4,0,0.246905,0.0097581,0
19.3,4.1,0,0.237219,0.0101242,0
19.3,4.2,0,0.227533,0.0104903,0
19.3,4.3,0,0.217376,0.0107936,0
19.3,4.4,0,0.206749,0.0110339,0
19.3,4.5,0,0.196121,0.0112743,0
19.3,4.6,0,0.185821,0.0112789,0
19.3,4.7,0,0.175521,0.0112835,0
19.3,4.8,0,0.166648,0.0111689,0
19.3,4.9,0,0.159201,0.010935,0
19.3,5,0,0.151754,0.0107012,0
19.3,5.1,0,0.142482,0.00999089,0
19.3,5.2,0,0.137271,0.00931249,0
19.3,5.3,0,0.133581,0.00850503,0
19.3,5.4,0,0.131501,0.00758132,0
19.3,5.5,0,0.131078,0.006557,0
19.3,5.6,0,0.132314,0.00545128,0
19.3,5.7,0,0.135171,0.00428683,0
19.3,5.8,0,0.139573,0.00308926,0
19.3,5.9,0,0.145407,0.00188223,0
19.3,6,0,0.156949,-8.16674e-06,0
19.3,6.1,0,0.164693,-0.000882731,0
19.3,6.2,0,0.172438,-0.0017573,0
19.3,6.3,0,0.180182,-0.00263186,0
19.3,6.4,0,0.189772,-0.00342077,0
19.3,6.5,0,0.200355,-0.00416356,0
19.3,6.6,0,0.210938,-0.00490636,0
19.3,6.7,0,0.221337,-0.00552355,0
19.3,6.8,0,0.231305,-0.00584768,0
19.3,6.9,0,0.241273,-0.00617181,0
19.3,7,0,0.251241,-0.00649595,0
19.3,7.1,0,0.259159,-0.0065031,0
19.3,7.2,0,0.266968,-0.00649357,0
19.3,7.3,0,0.274777,-0.00648404,0
19.3,7.4,0,0.280983,-0.00636928,0
19.3,7.5,0,0.286119,-0.00618437,0
19.3,7.6,0,0.291256,-0.00599946,0
19.3,7.7,0,0.295819,-0.005803,0
19.3,7.8,0,0.298664,-0.00557189,0
19.3,7.9,0,0.301508,-0.00534078,0
19.3,8,0,0.304353,-0.00510966,0
19.3,8.1,0,0.305808,-0.00489322,0
19.3,8.2,0,0.307109,-0.00467841,0
19.3,8.3,0,0.308409,-0.0044636,0
19.3,8.4,0,0.309233,-0.00426685,0
19.3,8.5,0,0.309667,-0.00408486,0
19.3,8.6,0,0.310101,-0.00390288,0
19.3,8.7,0,0.31045,-0.00372692,0
19.3,8.8,0,0.310465,-0.00357508,0
19.3,8.9,0,0.31048,-0.00342324,0
19.3,9,0,0.310495,-0.0032714,0
19.3,9.1,0,0.31036,-0.00313942,0
19.3,9.2,0,0.310198,-0.00301094,0
19.3,9.3,0,0.310036,-0.00288247,0
19.3,9.4,0,0.309841,-0.00276294,0
19.3,9.5,0,0.309613,-0.00265235,0
19.3,9.6,0,0.309385,-0.00254177,0
19.3,9.7,0,0.309154,-0.0024334,0
19.3,9.8,0,0.308905,-0.00233757,0
19.3,9.9,0,0.308655,-0.00224175,0
19.3,10,0,0.308406,-0.00214592,0
19.3,10.1,0,0.308151,-0.00206067,0
19.3,10.2,0,0.307895,-0.00197805,0
19.3,10.3,0,0.307639,-0.00189543,0
19.3,10.4,0,0.307383,-0.00181843,0
19.3,10.5,0,0.307126,-0.00174828,0
19.3,10.6,0,0.306869,-0.00167814,0
19.3,10.7,0,0.306613,-0.00160922,0
19.3,10.8,0,0.306359,-0.00155132,0
19.3,10.9,0,0.306106,-0.00149342,0
19.3,11,0,0.305853,-0.00143552,0
19.3,11.1,0,0.305608,-0.00138696,0
19.3,11.2,0,0.305367,-0.00134151,0
19.3,11.3,0,0.305125,-0.00129606,0
19.3,11.4,0,0.304895,-0.00125577,0
19.3,11.5,0,0.304682,-0.00122323,0
19.3,11.6,0,0.304469,-0.00119069,0
19.3,11.7,0,0.304259,-0.0011588,0
19.3,11.8,0,0.304098,-0.0011394,0
19.3,11.9,0,0.303937,-0.00112,0
19.3,12,0,0.303776,-0.00110059,0
19.3,12.1,0,0.303666,-0.00108968,0
19.3,12.2,0,0.303577,-0.00108241,0
19.3,12.3,0,0.303488,-0.00107514,0
19.3,12.4,0,0.303421,-0.00107012,0
19.3,12.5,0,0.303397,-0.00106927,0
19.3,12.6,0,0.303372,-0.00106842,0
19.3,12.7,0,0.303348,-0.00106757,0
19.4,0,0,0.30426,0.00602757,0
19.4,0.1,0,0.304238,0.00599104,0
19.4,0.2,0,0.304223,0.00599352,0
19.4,0.3,0,0.3042,0.00599033,0
19.4,0.4,0,0.304178,0.00599332,0
19.4,0.5,0,0.304175,0.00603287,0
19.4,0.6,0,0.304162,0.00598594,0
19.4,0.7,0,0.304169,0.00598681,0
19.4,0.8,0,0.304198,0.0059741,0
19.4,0.9,0,0.304246,0.0059766,0
19.4,1,0,0.304323,0.00602215,0
19.4,1.1,0,0.304375,0.00596711,0
19.4,1.2,0,0.304454,0.00597347,0
19.4,1.3,0,0.304541,0.00595844,0
19.4,1.4,0,0.304627,0.00596881,0
19.4,1.5,0,0.304745,0.00603003,0
19.4,1.6,0,0.304782,0.00596445,0
19.4,1.7,0,0.304844,0.00597874,0
19.4,1.8,0,0.304883,0.00596041,0
19.4,1.9,0,0.30488,0.00597965,0
19.4,2,0,0.304905,0.00606015,0
19.4,2.1,0,0.304755,0.00598475,0
19.4,2.2,0,0.304622,0.00601231,0
19.4,2.3,0,0.304382,0.00599888,0
19.4,2.4,0,0.304011,0.00604192,0
19.4,2.5,0,0.303639,0.00615741,0
19.4,2.6,0,0.302863,0.00609989,0
19.4,2.7,0,0.302075,0.00617073,0
19.4,2.8,0,0.300949,0.00620166,0
19.4,2.9,0,0.299473,0.00631775,0
19.4,3,0,0.297914,0.00651436,0
19.4,3.1,0,0.295455,0.00654742,0
19.4,3.2,0,0.292916,0.00672838,0
19.4,3.3,0,0.289613,0.00688003,0
19.4,3.4,0,0.285581,0.00714063,0
19.4,3.5,0,0.281354,0.00747466,0
19.4,3.6,0,0.275601,0.00767339,0
19.4,3.7,0,0.269694,0.00801246,0
19.4,3.8,0,0.262709,0.00831462,0
19.4,3.9,0,0.254775,0.00870181,0
19.4,4,0,0.246678,0.0091142,0
19.4,4.1,0,0.237078,0.00940206,0
19.4,4.2,0,0.227393,0.00976818,0
19.4,4.3,0,0.217177,0.0100243,0
19.4,4.4,0,0.206549,0.0102647,0
19.4,4.5,0,0.196128,0.0104311,0
19.4,4.6,0,0.185622,0.0104625,0
19.4,4.7,0,0.175322,0.0104671,0
19.4,4.8,0,0.16619,0.0102824,0
19.4,4.9,0,0.158743,0.0100486,0
19.4,5,0,0.152262,0.00970158,0
19.4,5.1,0,0.143148,0.0089652,0
19.4,5.2,0,0.138047,0.00827603,0
19.4,5.3,0,0.134455,0.00746495,0
19.4,5.4,0,0.13246,0.00654486,0
19.4,5.5,0,0.132103,0.00553148,0
19.4,5.6,0,0.133387,0.00444378,0
19.4,5.7,0,0.13627,0.00330388,0
19.4,5.8,0,0.140674,0.00213654,0
19.4,5.9,0,0.146488,0.000964688,0
19.4,6,0,0.157955,-0.000861192,0
19.4,6.1,0,0.164628,-0.00163072,0
19.4,6.2,0,0.172373,-0.00250529,0
19.4,6.3,0,0.180277,-0.00337571,0
19.4,6.4,0,0.190444,-0.0041899,0
19.4,6.5,0,0.201027,-0.00493269,0
19.4,6.6,0,0.211611,-0.00567548,0
19.4,6.7,0,0.221951,-0.00618177,0
19.4,6.8,0,0.232013,-0.0065379,0
19.4,6.9,0,0.241981,-0.00686203,0
19.4,7,0,0.251352,-0.00699963,0
19.4,7.1,0,0.259772,-0.00710082,0
19.4,7.2,0,0.267581,-0.00709129,0
19.4,7.3,0,0.275328,-0.00706663,0
19.4,7.4,0,0.281406,-0.00686934,0
19.4,7.5,0,0.286542,-0.00668443,0
19.4,7.6,0,0.291678,-0.00649952,0
19.4,7.7,0,0.295802,-0.00617633,0
19.4,7.8,0,0.298876,-0.00598408,0
19.4,7.9,0,0.301721,-0.00575297,0
19.4,8,0,0.304143,-0.00539827,0
19.4,8.1,0,0.305855,-0.00523182,0
19.4,8.2,0,0.307156,-0.00501701,0
19.4,8.3,0,0.308456,-0.0048022,0
19.4,8.4,0,0.309179,-0.00454604,0
19.4,8.5,0,0.309613,-0.00436406,0
19.4,8.6,0,0.310047,-0.00418207,0
19.4,8.7,0,0.310272,-0.00391299,0
19.4,8.8,0,0.310363,-0.00380698,0
19.4,8.9,0,0.310378,-0.00365514,0
19.4,9,0,0.310329,-0.00342539,0
19.4,9.1,0,0.310243,-0.00333352,0
19.4,9.2,0,0.310081,-0.00320505,0
19.4,9.3,0,0.309919,-0.00307657,0
19.4,9.4,0,0.309727,-0.00292664,0
19.4,9.5,0,0.309499,-0.00281606,0
19.4,9.6,0,0.309271,-0.00270548,0
19.4,9.7,0,0.309028,-0.0025288,0
19.4,9.8,0,0.308802,-0.00247694,0
19.4,9.9,0,0.308552,-0.00238112,0
19.4,10,0,0.308296,-0.00224311,0
19.4,10.1,0,0.308062,-0.00218075,0
19.4,10.2,0,0.307806,-0.00209813,0
19.4,10.3,0,0.30755,-0.00201551,0
19.4,10.4,0,0.307307,-0.00192344,0
19.4,10.5,0,0.30705,-0.0018533,0
19.4,10.6,0,0.306793,-0.00178316,0
19.4,10.7,0,0.306538,-0.00166808,0
19.4,10.8,0,0.306296,-0.00164476,0
19.4,10.9,0,0.306042,-0.00158686,0
19.4,11,0,0.30579,-0.00150865,0
19.4,11.1,0,0.305556,-0.00147166,0
19.4,11.2,0,0.305314,-0.00142621,0
19.4,11.3,0,0.305073,-0.00138076,0
19.4,11.4,0,0.304852,-0.00133151,0
19.4,11.5,0,0.304639,-0.00130158,0
19.4,11.6,0,0.304426,-0.00126904,0
19.4,11.7,0,0.304227,-0.00120454,0
19.4,11.8,0,0.304063,-0.00121332,0
19.4,11.9,0,0.303902,-0.00119391,0
19.4,12,0,0.303746,-0.00116445,0
19.4,12.1,0,0.303639,-0.00116048,0
19.4,12.2,0,0.30355,-0.00115321,0
19.4,12.3,0,0.303461,-0.00114594,0
19.4,12.4,0,0.30341,-0.00113404,0
19.4,12.5,0,0.303384,-0.00113887,0
19.4,12.6,0,0.303359,-0.00113802,0
19.4,12.7,0,0.303343,-0.00110655,0
19.5,0,0,0.304268,0.00600817,0
19.5,0.1,0,0.304238,0.00593261,0
19.5,0.2,0,0.304227,0.00595155,0
19.5,0.3,0,0.304203,0.00594509,0
19.5,0.4,0,0.304175,0.00592896,0
19.5,0.5,0,0.304192,0.00600507,0
19.5,0.6,0,0.304158,0.00591035,0
19.5,0.7,0,0.304177,0.00592907,0
19.5,0.8,0,0.304207,0.00590846,0
19.5,0.9,0,0.304244,0.00588663,0
19.5,1,0,0.304351,0.00597524,0
19.5,1.1,0,0.304377,0.00585879,0
19.5,1.2,0,0.30447,0.00588613,0
19.5,1.3,0,0.30456,0.00585824,0
19.5,1.4,0,0.304634,0.0058371,0
19.5,1.5,0,0.304784,0.00594919,0
19.5,1.6,0,0.304797,0.00580374,0
19.5,1.7,0,0.304874,0.00584315,0
19.5,1.8,0,0.304917,0.00580551,0
19.5,1.9,0,0.304904,0.00578384,0
19.5,2,0,0.304957,0.0059256,0
19.5,2.1,0,0.30479,0.00574724,0
19.5,2.2,0,0.304665,0.00580491,0
19.5,2.3,0,0.304431,0.00576468,0
19.5,2.4,0,0.304057,0.00575568,0
19.5,2.5,0,0.303685,0.00594361,0
19.5,2.6,0,0.302919,0.00575772,0
19.5,2.7,0,0.302117,0.00586336,0
19.5,2.8,0,0.300995,0.00585988,0
19.5,2.9,0,0.299536,0.00591304,0
19.5,3,0,0.297896,0.00619015,0
19.5,3.1,0,0.295516,0.00607533,0
19.5,3.2,0,0.292914,0.00629236,0
19.5,3.3,0,0.289601,0.00640599,0
19.5,3.4,0,0.285624,0.0065994,0
19.5,3.5,0,0.281203,0.00700685,0
19.5,3.6,0,0.275603,0.00706525,0
19.5,3.7,0,0.2696,0.00742966,0
19.5,3.8,0,0.262579,0.00769829,0
19.5,3.9,0,0.254712,0.0080327,0
19.5,4,0,0.246451,0.00847031,0
19.5,4.1,0,0.236938,0.00867989,0
19.5,4.2,0,0.227243,0.00903677,0
19.5,4.3,0,0.216995,0.00926701,0
19.5,4.4,0,0.206349,0.00949541,0
19.5,4.5,0,0.196134,0.00958783,0
19.5,4.6,0,0.185422,0.00964619,0
19.5,4.7,0,0.17533,0.0095966,0
19.5,4.8,0,0.166056,0.00937336,0
19.5,4.9,0,0.158285,0.00916218,0
19.5,5,0,0.15277,0.00870193,0
19.5,5.1,0,0.143815,0.00793951,0
19.5,5.2,0,0.138823,0.00723958,0
19.5,5.3,0,0.13533,0.00642486,0
19.5,5.4,0,0.133419,0.0055084,0
19.5,5.5,0,0.133129,0.00450596,0
19.5,5.6,0,0.13446,0.00343628,0
19.5,5.7,0,0.137368,0.00232093,0
19.5,5.8,0,0.141775,0.00118381,0
19.5,5.9,0,0.147568,4.71461e-05,0
19.5,6,0,0.15896,-0.00171422,0
19.5,6.1,0,0.164563,-0.00237871,0
19.5,6.2,0,0.172307,-0.00325328,0
19.5,6.3,0,0.181052,-0.00410194,0
19.5,6.4,0,0.191168,-0.00493774,0
19.5,6.5,0,0.2017,-0.00570182,0
19.5,6.6,0,0.21218,-0.00637478,0
19.5,6.7,0,0.222354,-0.00676742,0
19.5,6.8,0,0.23272,-0.00722811,0
19.5,6.9,0,0.242688,-0.00755225,0
19.5,7,0,0.251386,-0.00747891,0
19.5,7.1,0,0.260385,-0.00769854,0
19.5,7.2,0,0.268194,-0.00768901,0
19.5,7.3,0,0.275105,-0.00746172,0
19.5,7.4,0,0.281433,-0.00730516,0
19.5,7.5,0,0.286964,-0.00718449,0
19.5,7.6,0,0.291901,-0.00695189,0
19.5,7.7,0,0.295469,-0.00649635,0
19.5,7.8,0,0.299088,-0.00639627,0
19.5,7.9,0,0.301933,-0.00616516,0
19.5,8,0,0.303806,-0.00564969,0
19.5,8.1,0,0.305902,-0.00557041,0
19.5,8.2,0,0.307203,-0.0053556,0
19.5,8.3,0,0.308176,-0.00500093,0
19.5,8.4,0,0.30895,-0.00476234,0
19.5,8.5,0,0.309559,-0.00464325,0
19.5,8.6,0,0.309964,-0.00444148,0
19.5,8.7,0,0.310028,-0.00405959,0
19.5,8.8,0,0.310261,-0.00403888,0
19.5,8.9,0,0.310276,-0.00388704,0
19.5,9,0,0.310129,-0.00353798,0
19.5,9.1,0,0.310124,-0.00352489,0
19.5,9.2,0,0.309964,-0.00339915,0
19.5,9.3,0,0.309761,-0.00318167,0
19.5,9.4,0,0.309569,-0.00302698,0
19.5,9.5,0,0.309385,-0.00297977,0
19.5,9.6,0,0.309157,-0.00286611,0
19.5,9.7,0,0.30889,-0.00260084,0
19.5,9.8,0,0.308699,-0.00261631,0
19.5,9.9,0,0.308449,-0.00252048,0
19.5,10,0,0.308181,-0.00230396,0
19.5,10.1,0,0.307968,-0.00229199,0
19.5,10.2,0,0.307716,-0.00221821,0
19.5,10.3,0,0.307456,-0.00208706,0
19.5,10.4,0,0.307212,-0.00197894,0
19.5,10.5,0,0.306974,-0.00195832,0
19.5,10.6,0,0.306717,-0.00188817,0
19.5,10.7,0,0.306459,-0.00171653,0
19.5,10.8,0,0.306232,-0.00173819,0
19.5,10.9,0,0.305979,-0.00168029,0
19.5,11,0,0.305727,-0.00155393,0
19.5,11.1,0,0.3055,-0.00154592,0
19.5,11.2,0,0.305262,-0.00151091,0
19.5,11.3,0,0.305024,-0.00144013,0
19.5,11.4,0,0.304805,-0.0013748,0
19.5,11.5,0,0.304595,-0.00137993,0
19.5,11.6,0,0.304382,-0.00134739,0
19.5,11.7,0,0.304196,-0.0012466,0
19.5,11.8,0,0.304028,-0.00128723,0
19.5,11.9,0,0.303867,-0.00126783,0
19.5,12,0,0.303729,-0.00120548,0
19.5,12.1,0,0.303616,-0.00121995,0
19.5,12.2,0,0.303524,-0.00122401,0
19.5,12.3,0,0.303444,-0.00120133,0
19.5,12.4,0,0.303402,-0.00117378,0
19.5,12.5,0,0.303371,-0.00120848,0
19.5,12.6,0,0.303346,-0.00120763,0
19.5,12.7,0,0.303339,-0.00114553,0
19.6,0,0,0.304275,0.00598876,0
19.6,0.1,0,0.304239,0.00587418,0
19.6,0.2,0,0.304238,0.00592968,0
19.6,0.3,0,0.304214,0.00592323,0
19.6,0.4,0,0.304172,0.0058646,0
19.6,0.5,0,0.304208,0.00597727,0
19.6,0.6,0,0.304155,0.00583476,0
19.6,0.7,0,0.304199,0.00589316,0
19.6,0.8,0,0.304229,0.00587254,0
19.6,0.9,0,0.304242,0.00579665,0
19.6,1,0,0.304378,0.00592832,0
19.6,1.1,0,0.304379,0.00575048,0
19.6,1.2,0,0.304503,0.00582443,0
19.6,1.3,0,0.304593,0.00579655,0
19.6,1.4,0,0.304642,0.0057054,0
19.6,1.5,0,0.304824,0.00586836,0
19.6,1.6,0,0.304812,0.00564303,0
19.6,1.7,0,0.30492,0.00573825,0
19.6,1.8,0,0.304963,0.00570061,0
19.6,1.9,0,0.304928,0.00558803,0
19.6,2,0,0.305008,0.00579104,0
19.6,2.1,0,0.304825,0.00550973,0
19.6,2.2,0,0.304718,0.00563432,0
19.6,2.3,0,0.304484,0.00559408,0
19.6,2.4,0,0.304104,0.00546943,0
19.6,2.5,0,0.30373,0.00572981,0
19.6,2.6,0,0.302976,0.00541555,0
19.6,2.7,0,0.30214,0.0055985,0
19.6,2.8,0,0.301018,0.00559502,0
19.6,2.9,0,0.299599,0.00550832,0
19.6,3,0,0.297878,0.00586594,0
19.6,3.1,0,0.295577,0.00560323,0
19.6,3.2,0,0.292835,0.00590045,0
19.6,3.3,0,0.289522,0.00601407,0
19.6,3.4,0,0.285667,0.00605818,0
19.6,3.5,0,0.281052,0.00653904,0
19.6,3.6,0,0.275606,0.0064571,0
19.6,3.7,0,0.269388,0.00687785,0
19.6,3.8,0,0.262367,0.00714648,0
19.6,3.9,0,0.25465,0.00736359,0
19.6,4,0,0.246225,0.00782641,0
19.6,4.1,0,0.236797,0.00795773,0
19.6,4.2,0,0.227083,0.00829407,0
19.6,4.3,0,0.216835,0.0085243,0
19.6,4.4,0,0.20615,0.00872615,0
19.6,4.5,0,0.196141,0.00874459,0
19.6,4.6,0,0.185223,0.00882984,0
19.6,4.7,0,0.17559,0.00865987,0
19.6,4.8,0,0.166316,0.00843663,0
19.6,4.9,0,0.157828,0.00827575,0
19.6,5,0,0.153278,0.00770228,0
19.6,5.1,0,0.144482,0.00691382,0
19.6,5.2,0,0.139598,0.00620312,0
19.6,5.3,0,0.136204,0.00538477,0
19.6,5.4,0,0.134378,0.00447193,0
19.6,5.5,0,0.134155,0.00348043,0
19.6,5.6,0,0.135533,0.00242878,0
19.6,5.7,0,0.138466,0.00133798,0
19.6,5.8,0,0.142876,0.000231092,0
19.6,5.9,0,0.148648,-0.000870396,0
19.6,6,0,0.159965,-0.00256724,0
19.6,6.1,0,0.165233,-0.00319882,0
19.6,6.2,0,0.172242,-0.00400127,0
19.6,6.3,0,0.181827,-0.00482816,0
19.6,6.4,0,0.191943,-0.00566396,0
19.6,6.5,0,0.202372,-0.00647094,0
19.6,6.6,0,0.212583,-0.00696043,0
19.6,6.7,0,0.222757,-0.00735307,0
19.6,6.8,0,0.233428,-0.00791833,0
19.6,6.9,0,0.243011,-0.00812204,0
19.6,7,0,0.251419,-0.00795819,0
19.6,7.1,0,0.260533,-0.00820124,0
19.6,7.2,0,0.268807,-0.00828672,0
19.6,7.3,0,0.274882,-0.0078568,0
19.6,7.4,0,0.28121,-0.00770024,0
19.6,7.5,0,0.287387,-0.00768455,0
19.6,7.6,0,0.291568,-0.00727191,0
19.6,7.7,0,0.295136,-0.00681637,0
19.6,7.8,0,0.299241,-0.00679848,0
19.6,7.9,0,0.301895,-0.00650416,0
19.6,8,0,0.303469,-0.00590111,0
19.6,8.1,0,0.305596,-0.00582899,0
19.6,8.2,0,0.30725,-0.0056942,0
19.6,8.3,0,0.307881,-0.00519369,0
19.6,8.4,0,0.308655,-0.00495509,0
19.6,8.5,0,0.309505,-0.00492244,0
19.6,8.6,0,0.30972,-0.00458808,0
19.6,8.7,0,0.309784,-0.00420619,0
19.6,8.8,0,0.310127,-0.00425168,0
19.6,8.9,0,0.310141,-0.00407843,0
19.6,9,0,0.309929,-0.00365057,0
19.6,9.1,0,0.309924,-0.00363748,0
19.6,9.2,0,0.309848,-0.00359326,0
19.6,9.3,0,0.309595,-0.00327024,0
19.6,9.4,0,0.309404,-0.00311555,0
19.6,9.5,0,0.309271,-0.00314348,0
19.6,9.6,0,0.309018,-0.00293815,0
19.6,9.7,0,0.308752,-0.00267288,0
19.6,9.8,0,0.308584,-0.00273281,0
19.6,9.9,0,0.308344,-0.00264227,0
19.6,10,0,0.308065,-0.00236482,0
19.6,10.1,0,0.307853,-0.00235285,0
19.6,10.2,0,0.307626,-0.00233829,0
19.6,10.3,0,0.30736,-0.00214044,0
19.6,10.4,0,0.307116,-0.00203232,0
19.6,10.5,0,0.306898,-0.00206333,0
19.6,10.6,0,0.306639,-0.00194127,0
19.6,10.7,0,0.306381,-0.00176498,0
19.6,10.8,0,0.306162,-0.00181115,0
19.6,10.9,0,0.305915,-0.00176852,0
19.6,11,0,0.305665,-0.00159921,0
19.6,11.1,0,0.305438,-0.0015912,0
19.6,11.2,0,0.305209,-0.00159562,0
19.6,11.3,0,0.304977,-0.00148342,0
19.6,11.4,0,0.304759,-0.0014181,0
19.6,11.5,0,0.304552,-0.00145828,0
19.6,11.6,0,0.304349,-0.00139662,0
19.6,11.7,0,0.304165,-0.00128865,0
19.6,11.8,0,0.303995,-0.00134296,0
19.6,11.9,0,0.303831,-0.00134175,0
19.6,12,0,0.303711,-0.00124652,0
19.6,12.1,0,0.303599,-0.00126099,0
19.6,12.2,0,0.303498,-0.00129481,0
19.6,12.3,0,0.303437,-0.00124107,0
19.6,12.4,0,0.303394,-0.00121352,0
19.6,12.5,0,0.303358,-0.00127808,0
19.6,12.6,0,0.30334,-0.00125621,0
19.6,12.7,0,0.303335,-0.00118451,0
19.7,0,0,0.304283,0.00596935,0
19.7,0.1,0,0.304245,0.00585087,0
19.7,0.2,0,0.304248,0.00590781,0
19.7,0.3,0,0.304224,0.00590136,0
19.7,0.4,0,0.304187,0.00583315,0
19.7,0.5,0,0.304225,0.00594947,0
19.7,0.6,0,0.304169,0.00580219,0
19.7,0.7,0,0.304222,0.00585725,0
19.7,0.8,0,0.304252,0.00583663,0
19.7,0.9,0,0.304266,0.00574543,0
19.7,1,0,0.304406,0.00588141,0
19.7,1.1,0,0.304404,0.00569742,0
19.7,1.2,0,0.304536,0.00576274,0
19.7,1.3,0,0.304627,0.00573485,0
19.7,1.4,0,0.304678,0.00561948,0
19.7,1.5,0,0.304863,0.00578752,0
19.7,1.6,0,0.304849,0.0055542,0
19.7,1.7,0,0.304966,0.00563336,0
19.7,1.8,0,0.30501,0.00559572,0
19.7,1.9,0,0.304977,0.00544735,0
19.7,2,0,0.30506,0.00565649,0
19.7,2.1,0,0.304875,0.00536488,0
19.7,2.2,0,0.304772,0.00546373,0
19.7,2.3,0,0.304538,0.00542349,0
19.7,2.4,0,0.304149,0.00524839,0
19.7,2.5,0,0.303776,0.00551602,0
19.7,2.6,0,0.303023,0.00518892,0
19.7,2.7,0,0.302164,0.00533364,0
19.7,2.8,0,0.301042,0.00533016,0
19.7,2.9,0,0.299589,0.00517606,0
19.7,3,0,0.29786,0.00554173,0
19.7,3.1,0,0.295567,0.00526423,0
19.7,3.2,0,0.292756,0.00550853,0
19.7,3.3,0,0.289443,0.00562216,0
19.7,3.4,0,0.285536,0.00558303,0
19.7,3.5,0,0.280901,0.00607123,0
19.7,3.6,0,0.27547,0.00597526,0
19.7,3.7,0,0.269177,0.00632603,0
19.7,3.8,0,0.262156,0.00659466,0
19.7,3.9,0,0.254439,0.00671717,0
19.7,4,0,0.245998,0.00718252,0
19.7,4.1,0,0.236579,0.00730601,0
19.7,4.2,0,0.226923,0.00755137,0
19.7,4.3,0,0.216674,0.0077816,0
19.7,4.4,0,0.206136,0.00789031,0
19.7,4.5,0,0.196148,0.00790135,0
19.7,4.6,0,0.18521,0.00798929,0
19.7,4.7,0,0.175851,0.00772314,0
19.7,4.8,0,0.166577,0.00749989,0
19.7,4.9,0,0.158239,0.00728742,0
19.7,5,0,0.153787,0.00670263,0
19.7,5.1,0,0.145149,0.00588813,0
19.7,5.2,0,0.140374,0.00516667,0
19.7,5.3,0,0.137079,0.00434468,0
19.7,5.4,0,0.135336,0.00343547,0
19.7,5.5,0,0.135181,0.00245491,0
19.7,5.6,0,0.136606,0.00142128,0
19.7,5.7,0,0.139565,0.000355028,0
19.7,5.8,0,0.143976,-0.000721631,0
19.7,5.9,0,0.149728,-0.00178794,0
19.7,6,0,0.160971,-0.00342027,0
19.7,6.1,0,0.166238,-0.00405184,0
19.7,6.2,0,0.172914,-0.00473018,0
19.7,6.3,0,0.182603,-0.00555439,0
19.7,6.4,0,0.192718,-0.00639019,0
19.7,6.5,0,0.203045,-0.0072199,0
19.7,6.6,0,0.212987,-0.00754607,0
19.7,6.7,0,0.22316,-0.00793871,0
19.7,6.8,0,0.233833,-0.00850476,0
19.7,6.9,0,0.243044,-0.00860132,0
19.7,7,0,0.251453,-0.00843748,0
19.7,7.1,0,0.260566,-0.00868052,0
19.7,7.2,0,0.268784,-0.0087302,0
19.7,7.3,0,0.274659,-0.00825188,0
19.7,7.4,0,0.280987,-0.00809532,0
19.7,7.5,0,0.287617,-0.00815328,0
19.7,7.6,0,0.291236,-0.00759193,0
19.7,7.7,0,0.294804,-0.00713639,0
19.7,7.8,0,0.298909,-0.00711851,0
19.7,7.9,0,0.301558,-0.00675557,0
19.7,8,0,0.303132,-0.00615253,0
19.7,8.1,0,0.305259,-0.0060804,0
19.7,8.2,0,0.307076,-0.00593865,0
19.7,8.3,0,0.307586,-0.00538644,0
19.7,8.4,0,0.308361,-0.00514784,0
19.7,8.5,0,0.309351,-0.00516583,0
19.7,8.6,0,0.309477,-0.00473468,0
19.7,8.7,0,0.309541,-0.00435279,0
19.7,8.8,0,0.309884,-0.00439829,0
19.7,8.9,0,0.309941,-0.00419102,0
19.7,9,0,0.309729,-0.00376316,0
19.7,9.1,0,0.309723,-0.00375007,0
19.7,9.2,0,0.309705,-0.00373144,0
19.7,9.3,0,0.30943,-0.0033588,0
19.7,9.4,0,0.309238,-0.00320411,0
19.7,9.5,0,0.30913,-0.00326737,0
19.7,9.6,0,0.30888,-0.00301019,0
19.7,9.7,0,0.308614,-0.00274492,0
19.7,9.8,0,0.308446,-0.00280485,0
19.7,9.9,0,0.308228,-0.00270313,0
19.7,10,0,0.307949,-0.00242568,0
19.7,10.1,0,0.307737,-0.0024137,0
19.7,10.2,0,0.307534,-0.00243075,0
19.7,10.3,0,0.307264,-0.00219381,0
19.7,10.4,0,0.30702,-0.0020857,0
19.7,10.5,0,0.306809,-0.00213502,0
19.7,10.6,0,0.306561,-0.00198972,0
19.7,10.7,0,0.306303,-0.00181343,0
19.7,10.8,0,0.306083,-0.0018596,0
19.7,10.9,0,0.305853,-0.00181379,0
19.7,11,0,0.305603,-0.00164448,0
19.7,11.1,0,0.305376,-0.00163647,0
19.7,11.2,0,0.305158,-0.00166796,0
19.7,11.3,0,0.304931,-0.00152672,0
19.7,11.4,0,0.304712,-0.00146139,0
19.7,11.5,0,0.304506,-0.00150995,0
19.7,11.6,0,0.304317,-0.00143868,0
19.7,11.7,0,0.304134,-0.00133071,0
19.7,11.8,0,0.303963,-0.00138501,0
19.7,11.9,0,0.303814,-0.00138303,0
19.7,12,0,0.303694,-0.00128755,0
19.7,12.1,0,0.303581,-0.00130202,0
19.7,12.2,0,0.303475,-0.00135793,0
19.7,12.3,0,0.303429,-0.00128081,0
19.7,12.4,0,0.303386,-0.00125327,0
19.7,12.5,0,0.30335,-0.0013215,0
19.7,12.6,0,0.303335,-0.00129519,0
19.7,12.7,0,0.303331,-0.00122349,0
19.8,0,0,0.30429,0.00594994,0
19.8,0.1,0,0.304256,0.00584426,0
19.8,0.2,0,0.304258,0.00588595,0
19.8,0.3,0,0.304234,0.00587949,0
19.8,0.4,0,0.304208,0.00582022,0
19.8,0.5,0,0.304241,0.00592167,0
19.8,0.6,0,0.304195,0.00578827,0
19.8,0.7,0,0.304244,0.00582133,0
19.8,0.8,0,0.304274,0.00580072,0
19.8,0.9,0,0.304302,0.00571744,0
19.8,1,0,0.304433,0.00583449,0
19.8,1.1,0,0.304443,0.00566682,0
19.8,1.2,0,0.304569,0.00570104,0
19.8,1.3,0,0.30466,0.00567315,0
19.8,1.4,0,0.304727,0.00556314,0
19.8,1.5,0,0.304903,0.00570668,0
19.8,1.6,0,0.3049,0.0054929,0
19.8,1.7,0,0.305012,0.00552846,0
19.8,1.8,0,0.305056,0.00549082,0
19.8,1.9,0,0.305037,0.00534461,0
19.8,2,0,0.305112,0.00552194,0
19.8,2.1,0,0.304933,0.00525375,0
19.8,2.2,0,0.304825,0.00529314,0
19.8,2.3,0,0.304591,0.0052529,0
19.8,2.4,0,0.304197,0.00507507,0
19.8,2.5,0,0.303821,0.00530222,0
19.8,2.6,0,0.303057,0.00500218,0
19.8,2.7,0,0.302187,0.00506878,0
19.8,2.8,0,0.301065,0.0050653,0
19.8,2.9,0,0.299557,0.0049008,0
19.8,3,0,0.297842,0.00521752,0
19.8,3.1,0,0.2955,0.00496808,0
19.8,3.2,0,0.292677,0.00511662,0
19.8,3.3,0,0.289364,0.00523024,0
19.8,3.4,0,0.285342,0.00516748,0
19.8,3.5,0,0.28075,0.00560342,0
19.8,3.6,0,0.275244,0.00552716,0
19.8,3.7,0,0.268965,0.00577421,0
19.8,3.8,0,0.261944,0.00604285,0
19.8,3.9,0,0.254161,0.00611433,0
19.8,4,0,0.245771,0.00653862,0
19.8,4.1,0,0.236346,0.00665493,0
19.8,4.2,0,0.226762,0.00680866,0
19.8,4.3,0,0.216514,0.00703889,0
19.8,4.4,0,0.206157,0.00705637,0
19.8,4.5,0,0.196155,0.00705812,0
19.8,4.6,0,0.185377,0.00710392,0
19.8,4.7,0,0.176111,0.00678641,0
19.8,4.8,0,0.166837,0.00656316,0
19.8,4.9,0,0.158999,0.00627016,0
19.8,5,0,0.154295,0.00570298,0
19.8,5.1,0,0.145815,0.00486244,0
19.8,5.2,0,0.14115,0.00413021,0
19.8,5.3,0,0.137953,0.00330459,0
19.8,5.4,0,0.136295,0.00239901,0
19.8,5.5,0,0.136207,0.00142938,0
19.8,5.6,0,0.137679,0.000413783,0
19.8,5.7,0,0.140663,-0.000627922,0
19.8,5.8,0,0.145077,-0.00167435,0
19.8,5.9,0,0.150809,-0.00270548,0
19.8,6,0,0.161976,-0.00427329,0
19.8,6.1,0,0.167244,-0.00490487,0
19.8,6.2,0,0.174089,-0.00549559,0
19.8,6.3,0,0.183378,-0.00628061,0
19.8,6.4,0,0.193493,-0.00711641,0
19.8,6.5,0,0.203551,-0.00776265,0
19.8,6.6,0,0.21339,-0.00813172,0
19.8,6.7,0,0.223563,-0.00852436,0
19.8,6.8,0,0.234063,-0.0090361,0
19.8,6.9,0,0.243078,-0.00908061,0
19.8,7,0,0.251486,-0.00891676,0
19.8,7.1,0,0.260599,-0.00915981,0
19.8,7.2,0,0.268278,-0.00906739,0
19.8,7.3,0,0.274436,-0.00864696,0
19.8,7.4,0,0.280764,-0.00849041,0
19.8,7.5,0,0.286675,-0.00837705,0
19.8,7.6,0,0.290903,-0.00791195,0
19.8,7.7,0,0.294471,-0.00745642,0
19.8,7.8,0,0.298498,-0.00741573,0
19.8,7.9,0,0.301221,-0.00700699,0
19.8,8,0,0.302795,-0.00640394,0
19.8,8.1,0,0.304922,-0.00633182,0
19.8,8.2,0,0.306549,-0.0060787,0
19.8,8.3,0,0.307292,-0.00557919,0
19.8,8.4,0,0.308066,-0.00534059,0
19.8,8.5,0,0.308898,-0.00524776,0
19.8,8.6,0,0.309233,-0.00488128,0
19.8,8.7,0,0.309297,-0.00449939,0
19.8,8.8,0,0.309637,-0.00454177,0
19.8,8.9,0,0.309741,-0.00430361,0
19.8,9,0,0.309529,-0.00387575,0
19.8,9.1,0,0.309523,-0.00386266,0
19.8,9.2,0,0.309479,-0.0037613,0
19.8,9.3,0,0.309264,-0.00344736,0
19.8,9.4,0,0.309073,-0.00329267,0
19.8,9.5,0,0.308947,-0.00328992,0
19.8,9.6,0,0.308742,-0.00308223,0
19.8,9.7,0,0.308475,-0.00281696,0
19.8,9.8,0,0.308308,-0.00287689,0
19.8,9.9,0,0.308112,-0.00276223,0
19.8,10,0,0.307834,-0.00248654,0
19.8,10.1,0,0.307621,-0.00247456,0
19.8,10.2,0,0.307416,-0.00243462,0
19.8,10.3,0,0.307168,-0.00224719,0
19.8,10.4,0,0.306924,-0.00213907,0
19.8,10.5,0,0.306712,-0.0021542,0
19.8,10.6,0,0.306482,-0.00203817,0
19.8,10.7,0,0.306224,-0.00186188,0
19.8,10.8,0,0.306005,-0.00190805,0
19.8,10.9,0,0.305789,-0.00185269,0
19.8,11,0,0.305541,-0.00168976,0
19.8,11.1,0,0.305314,-0.00168175,0
19.8,11.2,0,0.305103,-0.00167374,0
19.8,11.3,0,0.304885,-0.00157001,0
19.8,11.4,0,0.304666,-0.00150469,0
19.8,11.5,0,0.304466,-0.0015355,0
19.8,11.6,0,0.304286,-0.00148073,0
19.8,11.7,0,0.304103,-0.00137276,0
19.8,11.8,0,0.303932,-0.00142707,0
19.8,11.9,0,0.303797,-0.00141586,0
19.8,12,0,0.303676,-0.00132859,0
19.8,12.1,0,0.303564,-0.00134306,0
19.8,12.2,0,0.303477,-0.00136791,0
19.8,12.3,0,0.303421,-0.00132055,0
19.8,12.4,0,0.303379,-0.00129301,0
19.8,12.5,0,0.303345,-0.00134982,0
19.8,12.6,0,0.303331,-0.00133417,0
19.8,12.7,0,0.303327,-0.00126247,0
19.9,0,0,0.304298,0.00593054,0
19.9,0.1,0,0.304274,0.00586141,0
19.9,0.2,0,0.304269,0.00586408,0
19.9,0.3,0,0.304245,0.00585763,0
19.9,0.4,0,0.304237,0.00583491,0
19.9,0.5,0,0.304257,0.00589386,0
19.9,0.6,0,0.304237,0.00580015,0
19.9,0.7,0,0.304266,0.00578542,0
19.9,0.8,0,0.304296,0.0057648,0
19.9,0.9,0,0.304354,0.00572458,0
19.9,1,0,0.304461,0.00578758,0
19.9,1.1,0,0.304502,0.00566653,0
19.9,1.2,0,0.304602,0.00563934,0
19.9,1.3,0,0.304693,0.00561145,0
19.9,1.4,0,0.304792,0.00555231,0
19.9,1.5,0,0.304942,0.00562584,0
19.9,1.6,0,0.30497,0.00546788,0
19.9,1.7,0,0.305059,0.00542357,0
19.9,1.8,0,0.305102,0.00538593,0
19.9,1.9,0,0.305111,0.00530098,0
19.9,2,0,0.305164,0.00538739,0
19.9,2.1,0,0.305003,0.00518612,0
19.9,2.2,0,0.304878,0.00512255,0
19.9,2.3,0,0.304644,0.00508231,0
19.9,2.4,0,0.30425,0.00497693,0
19.9,2.5,0,0.303867,0.00508842,0
19.9,2.6,0,0.303069,0.00486569,0
19.9,2.7,0,0.302211,0.00480392,0
19.9,2.8,0,0.301089,0.00480044,0
19.9,2.9,0,0.2995,0.00471645,0
19.9,3,0,0.297824,0.00489331,0
19.9,3.1,0,0.295342,0.00472406,0
19.9,3.2,0,0.292598,0.0047247,0
19.9,3.3,0,0.289284,0.00483833,0
19.9,3.4,0,0.285068,0.00484898,0
19.9,3.5,0,0.280599,0.00513562,0
19.9,3.6,0,0.274879,0.00511568,0
19.9,3.7,0,0.268754,0.0052224,0
19.9,3.8,0,0.261732,0.00549103,0
19.9,3.9,0,0.253785,0.00558773,0
19.9,4,0,0.245545,0.00589473,0
19.9,4.1,0,0.236099,0.00599049,0
19.9,4.2,0,0.226602,0.00606596,0
19.9,4.3,0,0.216354,0.00629619,0
19.9,4.4,0,0.206203,0.00623969,0
19.9,4.5,0,0.196162,0.00621488,0
19.9,4.6,0,0.185844,0.0061403,0
19.9,4.7,0,0.176372,0.00584967,0
19.9,4.8,0,0.167098,0.00562643,0
19.9,4.9,0,0.160226,0.00522021,0
19.9,5,0,0.154803,0.00470333,0
19.9,5.1,0,0.146482,0.00383675,0
19.9,5.2,0,0.141926,0.00309375,0
19.9,5.3,0,0.138828,0.0022645,0
19.9,5.4,0,0.137254,0.00136254,0
19.9,5.5,0,0.137233,0.000403861,0
19.9,5.6,0,0.138751,-0.000593716,0
19.9,5.7,0,0.141761,-0.00161087,0
19.9,5.8,0,0.146178,-0.00262708,0
19.9,5.9,0,0.151889,-0.00362302,0
19.9,6,0,0.162982,-0.00512632,0
19.9,6.1,0,0.168723,-0.00574563,0
19.9,6.2,0,0.175934,-0.00632685,0
19.9,6.3,0,0.184153,-0.00700684,0
19.9,6.4,0,0.194269,-0.00784264,0
19.9,6.5,0,0.204057,-0.0083054,0
19.9,6.6,0,0.213793,-0.00871737,0
19.9,6.7,0,0.223966,-0.00911001,0
19.9,6.8,0,0.233791,-0.00941081,0
19.9,6.9,0,0.242904,-0.00948888,0
19.9,7,0,0.251519,-0.00939604,0
19.9,7.1,0,0.260258,-0.00954836,0
19.9,7.2,0,0.267475,-0.00934403,0
19.9,7.3,0,0.274213,-0.00904204,0
19.9,7.4,0,0.280541,-0.00888549,0
19.9,7.5,0,0.285697,-0.0085921,0
19.9,7.6,0,0.29057,-0.00823197,0
19.9,7.7,0,0.294139,-0.00777644,0
19.9,7.8,0,0.297617,-0.00757498,0
19.9,7.9,0,0.300451,-0.00718516,0
19.9,8,0,0.302458,-0.00665536,0
19.9,8.1,0,0.304472,-0.00653481,0
19.9,8.2,0,0.305871,-0.00618428,0
19.9,8.3,0,0.306997,-0.00577194,0
19.9,8.4,0,0.307772,-0.00553334,0
19.9,8.5,0,0.308413,-0.00530792,0
19.9,8.6,0,0.308965,-0.00501917,0
19.9,8.7,0,0.309053,-0.004646,0
19.9,8.8,0,0.309295,-0.00456906,0
19.9,8.9,0,0.309411,-0.00433854,0
19.9,9,0,0.309329,-0.00398834,0
19.9,9.1,0,0.309313,-0.00395241,0
19.9,9.2,0,0.30923,-0.00376835,0
19.9,9.3,0,0.309099,-0.00353593,0
19.9,9.4,0,0.308907,-0.00338124,0
19.9,9.5,0,0.308757,-0.00328682,0
19.9,9.6,0,0.308593,-0.00313801,0
19.9,9.7,0,0.308337,-0.00288901,0
19.9,9.8,0,0.308158,-0.00287746,0
19.9,9.9,0,0.307961,-0.00275576,0
19.9,10,0,0.307718,-0.00254739,0
19.9,10.1,0,0.307505,-0.0025287,0
19.9,10.2,0,0.307295,-0.00242878,0
19.9,10.3,0,0.307072,-0.00230057,0
19.9,10.4,0,0.306828,-0.00219245,0
19.9,10.5,0,0.306613,-0.00215101,0
19.9,10.6,0,0.306397,-0.00206947,0
19.9,10.7,0,0.306146,-0.00191033,0
19.9,10.8,0,0.305928,-0.00191823,0
19.9,10.9,0,0.305712,-0.00185299,0
19.9,11,0,0.305479,-0.00173504,0
19.9,11.1,0,0.305252,-0.00172703,0
19.9,11.2,0,0.305047,-0.00167761,0
19.9,11.3,0,0.304838,-0.00161331,0
19.9,11.4,0,0.304619,-0.00154798,0
19.9,11.5,0,0.304431,-0.0015425,0
19.9,11.6,0,0.304254,-0.00150709,0
19.9,11.7,0,0.304071,-0.00141481,0
19.9,11.8,0,0.303913,-0.00144679,0
19.9,11.9,0,0.303784,-0.00142503,0
19.9,12,0,0.303659,-0.00136962,0
19.9,12.1,0,0.303547,-0.00138409,0
19.9,12.2,0,0.303478,-0.00137789,0
19.9,12.3,0,0.303414,-0.0013603,0
19.9,12.4,0,0.303371,-0.00133275,0
19.9,12.5,0,0.303346,-0.00135894,0
19.9,12.6,0,0.30333,-0.00135632,0
19.9,12.7,0,0.303322,-0.00130145,0
20,0,0,0.304305,0.00591113,0
20,0.1,0,0.304291,0.00587857,0
20,0.2,0,0.304285,0.00587343,0
20,0.3,0,0.304271,0.00586501,0
20,0.4,0,0.304267,0.0058496,0
20,0.5,0,0.304274,0.00586606,0
20,0.6,0,0.30428,0.00581202,0
20,0.7,0,0.304305,0.00578774,0
20,0.8,0,0.304342,0.00576334,0
20,0.9,0,0.304406,0.00573173,0
20,1,0,0.304489,0.00574066,0
20,1.1,0,0.304561,0.00566623,0
20,1.2,0,0.304656,0.00562676,0
20,1.3,0,0.304752,0.00559045,0
20,1.4,0,0.304857,0.00554147,0
20,1.5,0,0.304981,0.00554501,0
20,1.6,0,0.305041,0.00544286,0
20,1.7,0,0.305124,0.00538257,0
20,1.8,0,0.305171,0.00533004,0
20,1.9,0,0.305185,0.00525734,0
20,2,0,0.305216,0.00525283,0
20,2.1,0,0.305074,0.00511848,0
20,2.2,0,0.304945,0.00503432,0
20,2.3,0,0.304697,0.00496968,0
20,2.4,0,0.304302,0.00487878,0
20,2.5,0,0.303913,0.00487463,0
20,2.6,0,0.303081,0.0047292,0
20,2.7,0,0.302225,0.00464176,0
20,2.8,0,0.301047,0.00459999,0
20,2.9,0,0.299442,0.0045321,0
20,3,0,0.297806,0.0045691,0
20,3.1,0,0.295183,0.00448003,0
20,3.2,0,0.292455,0.0044511,0
20,3.3,0,0.28905,0.00450515,0
20,3.4,0,0.284795,0.00453049,0
20,3.5,0,0.280448,0.00466781,0
20,3.6,0,0.274514,0.0047042,0
20,3.7,0,0.268419,0.00478285,0
20,3.8,0,0.26139,0.00495938,0
20,3.9,0,0.25341,0.00506113,0
20,4,0,0.245318,0.00525084,0
20,4.1,0,0.235853,0.00532605,0
20,4.2,0,0.226373,0.00538587,0
20,4.3,0,0.216359,0.00549431,0
20,4.4,0,0.206249,0.00542301,0
20,4.5,0,0.196169,0.00537164,0
20,4.6,0,0.186311,0.00517668,0
20,4.7,0,0.176797,0.00489143,0
20,4.8,0,0.168131,0.00459913,0
20,4.9,0,0.161452,0.00417026,0
20,5,0,0.155311,0.00370368,0
20,5.1,0,0.147149,0.00281106,0
20,5.2,0,0.142702,0.0020573,0
20,5.3,0,0.139702,0.00122441,0
20,5.4,0,0.138213,0.00032608,0
20,5.5,0,0.138259,-0.000621662,0
20,5.6,0,0.139824,-0.00160122,0
20,5.7,0,0.142859,-0.00259382,0
20,5.8,0,0.147279,-0.0035798,0
20,5.9,0,0.152969,-0.00454056,0
20,6,0,0.163987,-0.00597934,0
20,6.1,0,0.170569,-0.00657689,0
20,6.2,0,0.17778,-0.00715811,0
20,6.3,0,0.184992,-0.00773934,0
20,6.4,0,0.194841,-0.00843057,0
20,6.5,0,0.204563,-0.00884814,0
20,6.6,0,0.214285,-0.00926572,0
20,6.7,0,0.22437,-0.00969566,0
20,6.8,0,0.23352,-0.00978553,0
20,6.9,0,0.242633,-0.00986359,0
20,7,0,0.251553,-0.00987532,0
20,7.1,0,0.259456,-0.009825,0
20,7.2,0,0.266672,-0.00962068,0
20,7.3,0,0.273889,-0.00941636,0
20,7.4,0,0.279837,-0.00916569,0
20,7.5,0,0.284719,-0.00880714,0
20,7.6,0,0.289602,-0.00844858,0
20,7.7,0,0.293806,-0.00809646,0
20,7.8,0,0.296735,-0.00773423,0
20,7.9,0,0.299569,-0.00734441,0
20,8,0,0.302121,-0.00690678,0
20,8.1,0,0.303793,-0.00664038,0
20,8.2,0,0.305192,-0.00628985,0
20,8.3,0,0.306591,-0.00593932,0
20,8.4,0,0.307378,-0.00565683,0
20,8.5,0,0.307929,-0.00536808,0
20,8.6,0,0.30848,-0.00507933,0
20,8.7,0,0.308809,-0.0047926,0
20,8.8,0,0.308953,-0.00459635,0
20,8.9,0,0.30907,-0.00436583,0
20,9,0,0.309129,-0.00410093,0
20,9.1,0,0.309064,-0.00395946,0
20,9.2,0,0.308981,-0.0037754,0
20,9.3,0,0.308899,-0.00359134,0
20,9.4,0,0.308732,-0.00343252,0
20,9.5,0,0.308567,-0.00328371,0
20,9.6,0,0.308403,-0.0031349,0
20,9.7,0,0.308199,-0.00296105,0
20,9.8,0,0.308007,-0.00287099,0
20,9.9,0,0.30781,-0.00274929,0
20,10,0,0.307603,-0.00260825,0
20,10.1,0,0.307383,-0.00252285,0
20,10.2,0,0.307173,-0.00242293,0
20,10.3,0,0.306962,-0.00232301,0
20,10.4,0,0.306731,-0.00222937,0
20,10.5,0,0.306515,-0.00214783,0
20,10.6,0,0.306299,-0.00206629,0
20,10.7,0,0.306067,-0.00195879,0
20,10.8,0,0.305851,-0.00191852,0
20,10.9,0,0.305635,-0.00185328,0
20,11,0,0.305417,-0.00178032,0
20,11.1,0,0.305196,-0.00173152,0
20,11.2,0,0.304991,-0.00168148,0
20,11.3,0,0.304786,-0.00163145,0
20,11.4,0,0.304575,-0.00158492,0
20,11.5,0,0.304397,-0.0015495,0
20,11.6,0,0.30422,-0.00151409,0
20,11.7,0,0.30404,-0.00145687,0
20,11.8,0,0.3039,-0.00145596,0
20,11.9,0,0.303771,-0.0014342,0
20,12,0,0.303642,-0.00141066,0
20,12.1,0,0.303545,-0.00139813,0
20,12.2,0,0.303479,-0.00138787,0
20,12.3,0,0.303413,-0.00137761,0
20,12.4,0,0.303364,-0.00137067,0
20,12.5,0,0.303347,-0.00136805,0
20,12.6,0,0.303331,-0.00136544,0
20,12.7,0,0.303318,-0.00134043,0
20.1,0,0,0.304313,0.00589746,0
20.1,0.1,0,0.30431,0.00589655,0
20.1,0.2,0,0.304303,0.00589142,0
20.1,0.3,0,0.304299,0.00588053,0
20.1,0.4,0,0.304296,0.00586512,0
20.1,0.5,0,0.304292,0.00584475,0
20.1,0.6,0,0.304319,0.0058245,0
20.1,0.7,0,0.304344,0.00580022,0
20.1,0.8,0,0.304391,0.00577106,0
20.1,0.9,0,0.304455,0.00573945,0
20.1,1,0,0.30452,0.00570236,0
20.1,1.1,0,0.304618,0.00566662,0
20.1,1.2,0,0.304713,0.00562716,0
20.1,1.3,0,0.304817,0.00558046,0
20.1,1.4,0,0.304922,0.00553148,0
20.1,1.5,0,0.305029,0.00547643,0
20.1,1.6,0,0.305115,0.00541882,0
20.1,1.7,0,0.305198,0.00535853,0
20.1,1.8,0,0.305253,0.00528742,0
20.1,1.9,0,0.305267,0.00521473,0
20.1,2,0,0.305281,0.00513605,0
20.1,2.1,0,0.305159,0.00505168,0
20.1,2.2,0,0.305031,0.00496751,0
20.1,2.3,0,0.304777,0.00487179,0
20.1,2.4,0,0.304382,0.00478089,0
20.1,2.5,0,0.30398,0.00468645,0
20.1,2.6,0,0.303141,0.0045919,0
20.1,2.7,0,0.302284,0.00450446,0
20.1,2.8,0,0.301063,0.0044133,0
20.1,2.9,0,0.299458,0.00434541,0
20.1,3,0,0.297821,0.00428014,0
20.1,3.1,0,0.295132,0.00423206,0
20.1,3.2,0,0.292404,0.00420312,0
20.1,3.3,0,0.288916,0.00418185,0
20.1,3.4,0,0.28466,0.00420718,0
20.1,3.5,0,0.280345,0.00424222,0
20.1,3.6,0,0.274306,0.00428894,0
20.1,3.7,0,0.268212,0.00436758,0
20.1,3.8,0,0.261161,0.00443285,0
20.1,3.9,0,0.253181,0.00453459,0
20.1,4,0,0.24516,0.00464479,0
20.1,4.1,0,0.235702,0.00466832,0
20.1,4.2,0,0.226222,0.00472813,0
20.1,4.3,0,0.216411,0.00469208,0
20.1,4.4,0,0.206301,0.00462078,0
20.1,4.5,0,0.196253,0.00454762,0
20.1,4.6,0,0.186675,0.00423312,0
20.1,4.7,0,0.177162,0.00394787,0
20.1,4.8,0,0.169003,0.00355228,0
20.1,4.9,0,0.162324,0.00312342,0
20.1,5,0,0.155864,0.002703,0
20.1,5.1,0,0.147841,0.00177925,0
20.1,5.2,0,0.143489,0.00101165,0
20.1,5.3,0,0.140572,0.000172695,0
20.1,5.4,0,0.139152,-0.000723732,0
20.1,5.5,0,0.139248,-0.00166152,0
20.1,5.6,0,0.140846,-0.00262329,0
20.1,5.7,0,0.143894,-0.00359085,0
20.1,5.8,0,0.148305,-0.00454538,0
20.1,5.9,0,0.153966,-0.00546907,0
20.1,6,0,0.164901,-0.00683926,0
20.1,6.1,0,0.171898,-0.00740661,0
20.1,6.2,0,0.179109,-0.00798784,0
20.1,6.3,0,0.186321,-0.00856906,0
20.1,6.4,0,0.195321,-0.00901022,0
20.1,6.5,0,0.205043,-0.0094278,0
20.1,6.6,0,0.214765,-0.00984537,0
20.1,6.7,0,0.224293,-0.0101187,0
20.1,6.8,0,0.233406,-0.0101967,0
20.1,6.9,0,0.242519,-0.0102748,0
20.1,7,0,0.251564,-0.0103334,0
20.1,7.1,0,0.258906,-0.0101262,0
20.1,7.2,0,0.266122,-0.00992188,0
20.1,7.3,0,0.273339,-0.00971756,0
20.1,7.4,0,0.27911,-0.00938951,0
20.1,7.5,0,0.283993,-0.00903096,0
20.1,7.6,0,0.288876,-0.0086724,0
20.1,7.7,0,0.29321,-0.00828128,0
20.1,7.8,0,0.296044,-0.00789146,0
20.1,7.9,0,0.298878,-0.00750164,0
20.1,8,0,0.301708,-0.0071118,0
20.1,8.1,0,0.303234,-0.00673948,0
20.1,8.2,0,0.304633,-0.00638895,0
20.1,8.3,0,0.306031,-0.00603842,0
20.1,8.4,0,0.306957,-0.00571011,0
20.1,8.5,0,0.307508,-0.00542136,0
20.1,8.6,0,0.308059,-0.00513261,0
20.1,8.7,0,0.308525,-0.00484846,0
20.1,8.8,0,0.308642,-0.00461794,0
20.1,8.9,0,0.308758,-0.00438741,0
20.1,9,0,0.308874,-0.00415689,0
20.1,9.1,0,0.308827,-0.00396217,0
20.1,9.2,0,0.308745,-0.00377811,0
20.1,9.3,0,0.308663,-0.00359405,0
20.1,9.4,0,0.308547,-0.00342613,0
20.1,9.5,0,0.308382,-0.00327733,0
20.1,9.6,0,0.308218,-0.00312852,0
20.1,9.7,0,0.308055,-0.00298364,0
20.1,9.8,0,0.307858,-0.00286194,0
20.1,9.9,0,0.307661,-0.00274024,0
20.1,10,0,0.307464,-0.00261855,0
20.1,10.1,0,0.307262,-0.00251488,0
20.1,10.2,0,0.307052,-0.00241496,0
20.1,10.3,0,0.306841,-0.00231504,0
20.1,10.4,0,0.306633,-0.00222434,0
20.1,10.5,0,0.306417,-0.00214279,0
20.1,10.6,0,0.306201,-0.00206125,0
20.1,10.7,0,0.305989,-0.00198275,0
20.1,10.8,0,0.305773,-0.00191714,0
20.1,10.9,0,0.305558,-0.0018519,0
20.1,11,0,0.305342,-0.00178665,0
20.1,11.1,0,0.305138,-0.00173378,0
20.1,11.2,0,0.304933,-0.00168375,0
20.1,11.3,0,0.304728,-0.00163371,0
20.1,11.4,0,0.304537,-0.00159036,0
20.1,11.5,0,0.304359,-0.00155495,0
20.1,11.6,0,0.304182,-0.00151953,0
20.1,11.7,0,0.304011,-0.001487,0
20.1,11.8,0,0.30388,-0.00146374,0
20.1,11.9,0,0.303751,-0.00144198,0
20.1,12,0,0.303621,-0.00142022,0
20.1,12.1,0,0.303539,-0.00140702,0
20.1,12.2,0,0.303473,-0.00139676,0
20.1,12.3,0,0.303407,-0.0013865,0
20.1,12.4,0,0.303361,-0.00137922,0
20.1,12.5,0,0.303345,-0.00137661,0
20.1,12.6,0,0.303328,-0.00137399,0
20.1,12.7,0,0.303314,-0.00137335,0
20.2,0,0,0.304324,0.00590098,0
20.2,0.1,0,0.304331,0.00591703,0
20.2,0.2,0,0.304325,0.00591189,0
20.2,0.3,0,0.304323,0.00589853,0
20.2,0.4,0,0.304319,0.00588312,0
20.2,0.5,0,0.304315,0.00584289,0
20.2,0.6,0,0.304349,0.00583879,0
20.2,0.7,0,0.304374,0.00581451,0
20.2,0.8,0,0.304431,0.00578051,0
20.2,0.9,0,0.304495,0.0057489,0
20.2,1,0,0.304564,0.00568992,0
20.2,1.1,0,0.304669,0.00566909,0
20.2,1.2,0,0.304764,0.00562962,0
20.2,1.3,0,0.304883,0.00557299,0
20.2,1.4,0,0.304988,0.00552402,0
20.2,1.5,0,0.305099,0.00544463,0
20.2,1.6,0,0.305199,0.00539772,0
20.2,1.7,0,0.305282,0.00533744,0
20.2,1.8,0,0.305358,0.00524787,0
20.2,1.9,0,0.305372,0.00517517,0
20.2,2,0,0.305386,0.00507259,0
20.2,2.1,0,0.305291,0.00498736,0
20.2,2.2,0,0.305162,0.0049032,0
20.2,2.3,0,0.30494,0.00477467,0
20.2,2.4,0,0.304545,0.00468377,0
20.2,2.5,0,0.304111,0.00457515,0
20.2,2.6,0,0.30334,0.00445216,0
20.2,2.7,0,0.302484,0.00436472,0
20.2,2.8,0,0.301301,0.00421959,0
20.2,2.9,0,0.299696,0.0041517,0
20.2,3,0,0.297934,0.00409696,0
20.2,3.1,0,0.295402,0.00397225,0
20.2,3.2,0,0.292674,0.00394332,0
20.2,3.3,0,0.289199,0.00384412,0
20.2,3.4,0,0.284944,0.00386945,0
20.2,3.5,0,0.280387,0.00394328,0
20.2,3.6,0,0.274571,0.0038623,0
20.2,3.7,0,0.268477,0.00394094,0
20.2,3.8,0,0.261372,0.0039065,0
20.2,3.9,0,0.253392,0.00400825,0
20.2,4,0,0.245208,0.00415229,0
20.2,4.1,0,0.235837,0.00403067,0
20.2,4.2,0,0.226357,0.00409049,0
20.2,4.3,0,0.216482,0.0039332,0
20.2,4.4,0,0.206373,0.0038619,0
20.2,4.5,0,0.196567,0.00378126,0
20.2,4.6,0,0.186732,0.00334974,0
20.2,4.7,0,0.177219,0.00306449,0
20.2,4.8,0,0.168811,0.00251475,0
20.2,4.9,0,0.162132,0.00208589,0
20.2,5,0,0.156549,0.00169924,0
20.2,5.1,0,0.148612,0.000729088,0
20.2,5.2,0,0.144309,-6.1601e-05,0
20.2,5.3,0,0.141428,-0.000913897,0
20.2,5.4,0,0.140028,-0.00181359,0
20.2,5.5,0,0.140129,-0.00274439,0
20.2,5.6,0,0.141716,-0.00368911,0
20.2,5.7,0,0.144736,-0.00463012,0
20.2,5.8,0,0.149106,-0.00554953,0
20.2,5.9,0,0.154713,-0.00643045,0
20.2,6,0,0.16554,-0.00771985,0
20.2,6.1,0,0.171675,-0.00823173,0
20.2,6.2,0,0.178887,-0.00881296,0
20.2,6.3,0,0.186379,-0.00934667,0
20.2,6.4,0,0.195725,-0.00970058,0
20.2,6.5,0,0.205447,-0.0101182,0
20.2,6.6,0,0.21517,-0.0105357,0
20.2,6.7,0,0.22452,-0.010642,0
20.2,6.8,0,0.233764,-0.0107173,0
20.2,6.9,0,0.242876,-0.0107954,0
20.2,7,0,0.251414,-0.0107094,0
20.2,7.1,0,0.259114,-0.0105011,0
20.2,7.2,0,0.266331,-0.0102968,0
20.2,7.3,0,0.27337,-0.0100594,0
20.2,7.4,0,0.279139,-0.00963966,0
20.2,7.5,0,0.284022,-0.0092811,0
20.2,7.6,0,0.288904,-0.00892255,0
20.2,7.7,0,0.292892,-0.00846701,0
20.2,7.8,0,0.295926,-0.00804263,0
20.2,7.9,0,0.298761,-0.00765281,0
20.2,8,0,0.301306,-0.00726227,0
20.2,8.1,0,0.303033,-0.00681916,0
20.2,8.2,0,0.304431,-0.00646863,0
20.2,8.3,0,0.305801,-0.0061243,0
20.2,8.4,0,0.306728,-0.00574275,0
20.2,8.5,0,0.307279,-0.005454,0
20.2,8.6,0,0.30783,-0.00516525,0
20.2,8.7,0,0.308263,-0.00491004,0
20.2,8.8,0,0.30842,-0.00462241,0
20.2,8.9,0,0.308536,-0.00439188,0
20.2,9,0,0.308659,-0.00420493,0
20.2,9.1,0,0.308629,-0.00395187,0
20.2,9.2,0,0.308547,-0.00376781,0
20.2,9.3,0,0.308468,-0.00358804,0
20.2,9.4,0,0.308377,-0.00341475,0
20.2,9.5,0,0.308213,-0.0032611,0
20.2,9.6,0,0.308048,-0.00311229,0
20.2,9.7,0,0.307921,-0.00300425,0
20.2,9.8,0,0.307715,-0.00284516,0
20.2,9.9,0,0.307518,-0.00272346,0
20.2,10,0,0.30735,-0.00262919,0
20.2,10.1,0,0.307144,-0.00250052,0
20.2,10.2,0,0.306933,-0.0024006,0
20.2,10.3,0,0.306723,-0.00230068,0
20.2,10.4,0,0.306538,-0.00221904,0
20.2,10.5,0,0.30632,-0.00213223,0
20.2,10.6,0,0.306103,-0.00205069,0
20.2,10.7,0,0.305921,-0.0019961,0
20.2,10.8,0,0.305695,-0.00191071,0
20.2,10.9,0,0.305479,-0.00184547,0
20.2,11,0,0.30528,-0.00179349,0
20.2,11.1,0,0.305075,-0.00173123,0
20.2,11.2,0,0.30487,-0.00168119,0
20.2,11.3,0,0.304665,-0.00163115,0
20.2,11.4,0,0.30449,-0.00159542,0
20.2,11.5,0,0.304309,-0.00155573,0
20.2,11.6,0,0.304131,-0.00152032,0
20.2,11.7,0,0.303985,-0.00150179,0
20.2,11.8,0,0.303841,-0.00146732,0
20.2,11.9,0,0.303711,-0.00144556,0
20.2,12,0,0.303596,-0.00143031,0
20.2,12.1,0,0.303512,-0.00141264,0
20.2,12.2,0,0.303445,-0.00140238,0
20.2,12.3,0,0.303379,-0.00139212,0
20.2,12.4,0,0.303351,-0.0013897,0
20.2,12.5,0,0.303331,-0.00138347,0
20.2,12.6,0,0.303315,-0.00138085,0
20.2,12.7,0,0.30331,-0.00138809,0
20.3,0,0,0.304335,0.00590451,0
20.3,0.1,0,0.304353,0.0059375,0
20.3,0.2,0,0.304341,0.00591931,0
20.3,0.3,0,0.30434,0.00590521,0
20.3,0.4,0,0.304343,0.00590112,0
20.3,0.5,0,0.304338,0.00584103,0
20.3,0.6,0,0.304379,0.00585309,0
20.3,0.7,0,0.304406,0.00581433,0
20.3,0.8,0,0.304465,0.00577888,0
20.3,0.9,0,0.304534,0.00575836,0
20.3,1,0,0.304607,0.00567748,0
20.3,1.1,0,0.304721,0.00567155,0
20.3,1.2,0,0.304819,0.00561582,0
20.3,1.3,0,0.304942,0.00555621,0
20.3,1.4,0,0.305055,0.00551656,0
20.3,1.5,0,0.305169,0.00541283,0
20.3,1.6,0,0.305283,0.00537663,0
20.3,1.7,0,0.305368,0.00529899,0
20.3,1.8,0,0.30545,0.00520388,0
20.3,1.9,0,0.305478,0.00513561,0
20.3,2,0,0.305491,0.00500914,0
20.3,2.1,0,0.305422,0.00492304,0
20.3,2.2,0,0.305286,0.00482438,0
20.3,2.3,0,0.305074,0.00468601,0
20.3,2.4,0,0.304708,0.00458666,0
20.3,2.5,0,0.304243,0.00446385,0
20.3,2.6,0,0.30354,0.00431242,0
20.3,2.7,0,0.302635,0.00422242,0
20.3,2.8,0,0.301464,0.0040611,0
20.3,2.9,0,0.299934,0.00395799,0
20.3,3,0,0.298046,0.00391378,0
20.3,3.1,0,0.295672,0.00371245,0
20.3,3.2,0,0.292811,0.00370184,0
20.3,3.3,0,0.28934,0.00357926,0
20.3,3.4,0,0.285227,0.00353172,0
20.3,3.5,0,0.280429,0.00364435,0
20.3,3.6,0,0.274836,0.00343566,0
20.3,3.7,0,0.268571,0.00354415,0
20.3,3.8,0,0.26145,0.0034798,0
20.3,3.9,0,0.253602,0.0034819,0
20.3,4,0,0.245256,0.00365978,0
20.3,4.1,0,0.235972,0.00339303,0
20.3,4.2,0,0.226499,0.00346296,0
20.3,4.3,0,0.216606,0.0032693,0
20.3,4.4,0,0.206444,0.00310302,0
20.3,4.5,0,0.196881,0.0030149,0
20.3,4.6,0,0.186789,0.00246636,0
20.3,4.7,0,0.1776,0.00216597,0
20.3,4.8,0,0.169118,0.00156998,0
20.3,4.9,0,0.161939,0.00104835,0
20.3,5,0,0.157234,0.000695484,0
20.3,5.1,0,0.149383,-0.000321072,0
20.3,5.2,0,0.145129,-0.00113485,0
20.3,5.3,0,0.142284,-0.00200049,0
20.3,5.4,0,0.140904,-0.00290345,0
20.3,5.5,0,0.14101,-0.00382726,0
20.3,5.6,0,0.142585,-0.00475492,0
20.3,5.7,0,0.145579,-0.00566938,0
20.3,5.8,0,0.149907,-0.00655368,0
20.3,5.9,0,0.155459,-0.00739184,0
20.3,6,0,0.166179,-0.00860044,0
20.3,6.1,0,0.171453,-0.00905685,0
20.3,6.2,0,0.178664,-0.00963808,0
20.3,6.3,0,0.186795,-0.0100639,0
20.3,6.4,0,0.196138,-0.010411,0
20.3,6.5,0,0.205851,-0.0108085,0
20.3,6.6,0,0.215396,-0.0111222,0
20.3,6.7,0,0.224642,-0.0111676,0
20.3,6.8,0,0.234121,-0.0112379,0
20.3,6.9,0,0.243234,-0.011316,0
20.3,7,0,0.251265,-0.0110854,0
20.3,7.1,0,0.259304,-0.010876,0
20.3,7.2,0,0.266539,-0.0106716,0
20.3,7.3,0,0.273031,-0.0103324,0
20.3,7.4,0,0.278851,-0.00990951,0
20.3,7.5,0,0.28405,-0.00953125,0
20.3,7.6,0,0.288704,-0.00914822,0
20.3,7.7,0,0.292476,-0.00866963,0
20.3,7.8,0,0.295809,-0.00819381,0
20.3,7.9,0,0.298643,-0.00780398,0
20.3,8,0,0.300904,-0.00741275,0
20.3,8.1,0,0.302798,-0.00691073,0
20.3,8.2,0,0.30423,-0.00654831,0
20.3,8.3,0,0.305458,-0.00623366,0
20.3,8.4,0,0.306388,-0.00585039,0
20.3,8.5,0,0.30705,-0.00548665,0
20.3,8.6,0,0.307584,-0.00521561,0
20.3,8.7,0,0.307989,-0.00498704,0
20.3,8.8,0,0.308199,-0.00462688,0
20.3,8.9,0,0.308315,-0.00439635,0
20.3,9,0,0.308445,-0.00425766,0
20.3,9.1,0,0.308427,-0.00395944,0
20.3,9.2,0,0.308349,-0.00375751,0
20.3,9.3,0,0.3083,-0.00362375,0
20.3,9.4,0,0.30821,-0.00345046,0
20.3,9.5,0,0.308043,-0.00324487,0
20.3,9.6,0,0.307889,-0.00310764,0
20.3,9.7,0,0.307789,-0.00302888,0
20.3,9.8,0,0.307573,-0.00282838,0
20.3,9.9,0,0.307375,-0.00270668,0
20.3,10,0,0.307243,-0.00264724,0
20.3,10.1,0,0.30703,-0.0024991,0
20.3,10.2,0,0.306815,-0.00238624,0
20.3,10.3,0,0.306636,-0.00231468,0
20.3,10.4,0,0.306453,-0.00223369,0
20.3,10.5,0,0.306223,-0.00212167,0
20.3,10.6,0,0.306011,-0.00204414,0
20.3,10.7,0,0.305852,-0.00200945,0
20.3,10.8,0,0.305616,-0.00190429,0
20.3,10.9,0,0.3054,-0.00183905,0
20.3,11,0,0.305227,-0.00180682,0
20.3,11.1,0,0.305017,-0.00173685,0
20.3,11.2,0,0.304806,-0.00167863,0
20.3,11.3,0,0.304622,-0.00164284,0
20.3,11.4,0,0.304451,-0.00160939,0
20.3,11.5,0,0.304259,-0.00155652,0
20.3,11.6,0,0.304082,-0.00152184,0
20.3,11.7,0,0.303959,-0.00151657,0
20.3,11.8,0,0.303801,-0.0014709,0
20.3,11.9,0,0.303672,-0.00144914,0
20.3,12,0,0.303582,-0.00144561,0
20.3,12.1,0,0.303493,-0.00142437,0
20.3,12.2,0,0.303418,-0.00140801,0
20.3,12.3,0,0.303368,-0.0014048,0
20.3,12.4,0,0.303345,-0.00140478,0
20.3,12.5,0,0.303318,-0.00139032,0
20.3,12.6,0,0.303302,-0.00138771,0
20.3,12.7,0,0.303307,-0.00140284,0
20.4,0,0,0.304346,0.00590803,0
20.4,0.1,0,0.304373,0.00595543,0
20.4,0.2,0,0.304356,0.00592114,0
20.4,0.3,0,0.304355,0.00590704,0
20.4,0.4,0,0.304367,0.00591615,0
20.4,0.5,0,0.30436,0.00583917,0
20.4,0.6,0,0.304408,0.00586496,0
20.4,0.7,0,0.304439,0.00580794,0
20.4,0.8,0,0.304498,0.0057725,0
20.4,0.9,0,0.304574,0.00576452,0
20.4,1,0,0.304651,0.00566503,0
20.4,1.1,0,0.304771,0.00567178,0
20.4,1.2,0,0.304875,0.00559504,0
20.4,1.3,0,0.304998,0.00553544,0
20.4,1.4,0,0.305122,0.00550545,0
20.4,1.5,0,0.305239,0.00538103,0
20.4,1.6,0,0.305365,0.00535393,0
20.4,1.7,0,0.305455,0.0052531,0
20.4,1.8,0,0.305537,0.00515799,0
20.4,1.9,0,0.305583,0.00509247,0
20.4,2,0,0.305596,0.00494568,0
20.4,2.1,0,0.305549,0.00485885,0
20.4,2.2,0,0.305407,0.00473936,0
20.4,2.3,0,0.305195,0.00460099,0
20.4,2.4,0,0.304867,0.00448741,0
20.4,2.5,0,0.304374,0.00435255,0
20.4,2.6,0,0.303729,0.00417694,0
20.4,2.7,0,0.302765,0.00407901,0
20.4,2.8,0,0.301594,0.00391769,0
20.4,2.9,0,0.300153,0.00376585,0
20.4,3,0,0.298159,0.00373059,0
20.4,3.1,0,0.295919,0.00346413,0
20.4,3.2,0,0.292891,0.00346823,0
20.4,3.3,0,0.28942,0.00334565,0
20.4,3.4,0,0.285474,0.00319981,0
20.4,3.5,0,0.280471,0.00334541,0
20.4,3.6,0,0.275068,0.00302817,0
20.4,3.7,0,0.268592,0.00316014,0
20.4,3.8,0,0.261471,0.0030958,0
20.4,3.9,0,0.253789,0.00296064,0
20.4,4,0,0.245303,0.00316728,0
20.4,4.1,0,0.236094,0.00277716,0
20.4,4.2,0,0.226645,0.00283977,0
20.4,4.3,0,0.216751,0.00264611,0
20.4,4.4,0,0.206552,0.00234302,0
20.4,4.5,0,0.197196,0.00224854,0
20.4,4.6,0,0.186884,0.00160053,0
20.4,4.7,0,0.178121,0.00126095,0
20.4,4.8,0,0.169638,0.000664964,0
20.4,4.9,0,0.161879,1.58865e-05,0
20.4,5,0,0.15792,-0.000308274,0
20.4,5.1,0,0.150154,-0.00137123,0
20.4,5.2,0,0.145949,-0.00220809,0
20.4,5.3,0,0.14314,-0.00308708,0
20.4,5.4,0,0.14178,-0.00399331,0
20.4,5.5,0,0.141891,-0.00491013,0
20.4,5.6,0,0.143454,-0.00582074,0
20.4,5.7,0,0.146421,-0.00670864,0
20.4,5.8,0,0.150709,-0.00755782,0
20.4,5.9,0,0.156206,-0.00835323,0
20.4,6,0,0.166818,-0.00948104,0
20.4,6.1,0,0.172037,-0.00993393,0
20.4,6.2,0,0.178523,-0.0104495,0
20.4,6.3,0,0.18721,-0.0107811,0
20.4,6.4,0,0.196553,-0.0111282,0
20.4,6.5,0,0.206255,-0.0114989,0
20.4,6.6,0,0.215518,-0.0116478,0
20.4,6.7,0,0.224765,-0.0116932,0
20.4,6.8,0,0.234421,-0.0117598,0
20.4,6.9,0,0.243175,-0.0117179,0
20.4,7,0,0.251116,-0.0114614,0
20.4,7.1,0,0.259154,-0.011252,0
20.4,7.2,0,0.266741,-0.0110454,0
20.4,7.3,0,0.272693,-0.0106054,0
20.4,7.4,0,0.278512,-0.0101825,0
20.4,7.5,0,0.284079,-0.0097814,0
20.4,7.6,0,0.288289,-0.00935084,0
20.4,7.7,0,0.292061,-0.00887225,0
20.4,7.8,0,0.295584,-0.00836341,0
20.4,7.9,0,0.298325,-0.00795466,0
20.4,8,0,0.300502,-0.00756322,0
20.4,8.1,0,0.302396,-0.0070612,0
20.4,8.2,0,0.304029,-0.00662799,0
20.4,8.3,0,0.305116,-0.00634302,0
20.4,8.4,0,0.306046,-0.00595975,0
20.4,8.5,0,0.306821,-0.00551929,0
20.4,8.6,0,0.30731,-0.00529261,0
20.4,8.7,0,0.307715,-0.00506404,0
20.4,8.8,0,0.307952,-0.00466572,0
20.4,8.9,0,0.308098,-0.00442927,0
20.4,9,0,0.308231,-0.00431039,0
20.4,9.1,0,0.308213,-0.00401217,0
20.4,9.2,0,0.308151,-0.00374721,0
20.4,9.3,0,0.308133,-0.00365945,0
20.4,9.4,0,0.308042,-0.00348616,0
20.4,9.5,0,0.307873,-0.00322864,0
20.4,9.6,0,0.307756,-0.00313228,0
20.4,9.7,0,0.307656,-0.00305352,0
20.4,9.8,0,0.307436,-0.00283601,0
20.4,9.9,0,0.30725,-0.00270641,0
20.4,10,0,0.307137,-0.0026653,0
20.4,10.1,0,0.306924,-0.00251715,0
20.4,10.2,0,0.306697,-0.00237188,0
20.4,10.3,0,0.30655,-0.00232933,0
20.4,10.4,0,0.306367,-0.00224834,0
20.4,10.5,0,0.306125,-0.00211111,0
20.4,10.6,0,0.305943,-0.00205749,0
20.4,10.7,0,0.305784,-0.0020228,0
20.4,10.8,0,0.305544,-0.00191181,0
20.4,10.9,0,0.305331,-0.0018397,0
20.4,11,0,0.305174,-0.00182014,0
20.4,11.1,0,0.304964,-0.00175017,0
20.4,11.2,0,0.304743,-0.00167608,0
20.4,11.3,0,0.304583,-0.0016568,0
20.4,11.4,0,0.304412,-0.00162335,0
20.4,11.5,0,0.304208,-0.00155745,0
20.4,11.6,0,0.304057,-0.00153662,0
20.4,11.7,0,0.303934,-0.00153135,0
20.4,11.8,0,0.303773,-0.00148368,0
20.4,11.9,0,0.303639,-0.00145556,0
20.4,12,0,0.303568,-0.00146091,0
20.4,12.1,0,0.303479,-0.00143967,0
20.4,12.2,0,0.303391,-0.00141364,0
20.4,12.3,0,0.303361,-0.00141988,0
20.4,12.4,0,0.303338,-0.00141985,0
20.4,12.5,0,0.303306,-0.00139823,0
20.4,12.6,0,0.303297,-0.00140195,0
20.4,12.7,0,0.303303,-0.00141758,0
20.5,0,0,0.304357,0.00591156,0
20.5,0.1,0,0.304384,0.00595895,0
20.5,0.2,0,0.30437,0.00592298,0
20.5,0.3,0,0.304369,0.00590888,0
20.5,0.4,0,0.30439,0.00591429,0
20.5,0.5,0,0.304383,0.00583731,0
20.5,0.6,0,0.304431,0.0058631,0
20.5,0.7,0,0.304472,0.00580156,0
20.5,0.8,0,0.304531,0.00576611,0
20.5,0.9,0,0.304618,0.00575208,0
20.5,1,0,0.304695,0.00565259,0
20.5,1.1,0,0.304814,0.00565934,0
20.5,1.2,0,0.30493,0.00557427,0
20.5,1.3,0,0.305053,0.00551467,0
20.5,1.4,0,0.305192,0.00547365,0
20.5,1.5,0,0.305309,0.00534923,0
20.5,1.6,0,0.305435,0.00532213,0
20.5,1.7,0,0.305542,0.00520721,0
20.5,1.8,0,0.305624,0.0051121,0
20.5,1.9,0,0.305688,0.00502901,0
20.5,2,0,0.305701,0.00488222,0
20.5,2.1,0,0.305654,0.00479539,0
20.5,2.2,0,0.305529,0.00465433,0
20.5,2.3,0,0.305316,0.00451596,0
20.5,2.4,0,0.304998,0.00437611,0
20.5,2.5,0,0.304506,0.00424125,0
20.5,2.6,0,0.303861,0.00406564,0
20.5,2.7,0,0.302895,0.00393561,0
20.5,2.8,0,0.301724,0.00377429,0
20.5,2.9,0,0.300266,0.00358267,0
20.5,3,0,0.298272,0.00354741,0
20.5,3.1,0,0.296031,0.00328095,0
20.5,3.2,0,0.292971,0.00323461,0
20.5,3.3,0,0.2895,0.00311203,0
20.5,3.4,0,0.285516,0.00290088,0
20.5,3.5,0,0.280513,0.00304648,0
20.5,3.6,0,0.27511,0.00272924,0
20.5,3.7,0,0.268613,0.00277614,0
20.5,3.8,0,0.261492,0.00271179,0
20.5,3.9,0,0.253837,0.00246813,0
20.5,4,0,0.245351,0.00267478,0
20.5,4.1,0,0.236141,0.00228465,0
20.5,4.2,0,0.226791,0.00221658,0
20.5,4.3,0,0.216897,0.00202292,0
20.5,4.4,0,0.206866,0.00157666,0
20.5,4.5,0,0.19751,0.00148218,0
20.5,4.6,0,0.187199,0.000834169,0
20.5,4.7,0,0.178641,0.000355938,0
20.5,4.8,0,0.170159,-0.00024005,0
20.5,4.9,0,0.162564,-0.000987871,0
20.5,5,0,0.158605,-0.00131203,0
20.5,5.1,0,0.150924,-0.00242139,0
20.5,5.2,0,0.146769,-0.00328134,0
20.5,5.3,0,0.143995,-0.00417367,0
20.5,5.4,0,0.142657,-0.00508316,0
20.5,5.5,0,0.142771,-0.005993,0
20.5,5.6,0,0.144324,-0.00688655,0
20.5,5.7,0,0.147264,-0.00774791,0
20.5,5.8,0,0.15151,-0.00856197,0
20.5,5.9,0,0.156953,-0.00931462,0
20.5,6,0,0.167457,-0.0103616,0
20.5,6.1,0,0.172676,-0.0108145,0
20.5,6.2,0,0.178938,-0.0111667,0
20.5,6.3,0,0.187625,-0.0114983,0
20.5,6.4,0,0.196968,-0.0118454,0
20.5,6.5,0,0.206575,-0.0121486,0
20.5,6.6,0,0.215641,-0.0121733,0
20.5,6.7,0,0.224887,-0.0122188,0
20.5,6.8,0,0.234544,-0.0122853,0
20.5,6.9,0,0.243026,-0.0120939,0
20.5,7,0,0.250966,-0.0118375,0
20.5,7.1,0,0.259005,-0.011628,0
20.5,7.2,0,0.266403,-0.0113184,0
20.5,7.3,0,0.272354,-0.0108784,0
20.5,7.4,0,0.278174,-0.0104555,0
20.5,7.5,0,0.283817,-0.0100345,0
20.5,7.6,0,0.287873,-0.00955346,0
20.5,7.7,0,0.291646,-0.00907487,0
20.5,7.8,0,0.295169,-0.00856603,0
20.5,7.9,0,0.297923,-0.00810514,0
20.5,8,0,0.300101,-0.0077137,0
20.5,8.1,0,0.301994,-0.00721168,0
20.5,8.2,0,0.303701,-0.00673425,0
20.5,8.3,0,0.304774,-0.00645237,0
20.5,8.4,0,0.305704,-0.00606911,0
20.5,8.5,0,0.306513,-0.00560669,0
20.5,8.6,0,0.307036,-0.00536961,0
20.5,8.7,0,0.307442,-0.00514103,0
20.5,8.8,0,0.307679,-0.00474272,0
20.5,8.9,0,0.307884,-0.004482,0
20.5,9,0,0.308017,-0.00436312,0
20.5,9.1,0,0.307999,-0.0040649,0
20.5,9.2,0,0.307977,-0.00377279,0
20.5,9.3,0,0.307965,-0.00369516,0
20.5,9.4,0,0.307875,-0.00352187,0
20.5,9.5,0,0.307705,-0.00325291,0
20.5,9.6,0,0.307623,-0.00315691,0
20.5,9.7,0,0.307523,-0.00307815,0
20.5,9.8,0,0.307303,-0.00286065,0
20.5,9.9,0,0.307143,-0.00272446,0
20.5,10,0,0.30703,-0.00268335,0
20.5,10.1,0,0.306817,-0.0025352,0
20.5,10.2,0,0.306601,-0.00237957,0
20.5,10.3,0,0.306465,-0.00234398,0
20.5,10.4,0,0.306281,-0.002263,0
20.5,10.5,0,0.306038,-0.00212312,0
20.5,10.6,0,0.305874,-0.00207084,0
20.5,10.7,0,0.305715,-0.00203615,0
20.5,10.8,0,0.305476,-0.00192516,0
20.5,10.9,0,0.305277,-0.00185303,0
20.5,11,0,0.305121,-0.00183347,0
20.5,11.1,0,0.30491,-0.0017635,0
20.5,11.2,0,0.304695,-0.00168578,0
20.5,11.3,0,0.304544,-0.00167076,0
20.5,11.4,0,0.304373,-0.00163731,0
20.5,11.5,0,0.304169,-0.00157142,0
20.5,11.6,0,0.304031,-0.0015514,0
20.5,11.7,0,0.303908,-0.00154614,0
20.5,11.8,0,0.303748,-0.00149846,0
20.5,11.9,0,0.303625,-0.00147086,0
20.5,12,0,0.303554,-0.00147621,0
20.5,12.1,0,0.303464,-0.00145497,0
20.5,12.2,0,0.303376,-0.00142642,0
20.5,12.3,0,0.303355,-0.00143496,0
20.5,12.4,0,0.303332,-0.00143493,0
20.5,12.5,0,0.303299,-0.0014133,0
20.5,12.6,0,0.303294,-0.0014167,0
20.5,12.7,0,0.303299,-0.00143232,0
20.6,0,0,0.304368,0.00591508,0
20.6,0.1,0,0.30439,0.00595129,0
20.6,0.2,0,0.304385,0.00592481,0
20.6,0.3,0,0.304384,0.00591071,0
20.6,0.4,0,0.304407,0.00590273,0
20.6,0.5,0,0.304406,0.00583545,0
20.6,0.6,0,0.304455,0.00584883,0
20.6,0.7,0,0.304504,0.00579518,0
20.6,0.8,0,0.304564,0.00575973,0
20.6,0.9,0,0.304657,0.00573014,0
20.6,1,0,0.304738,0.00564015,0
20.6,1.1,0,0.30486,0.00563295,0
20.6,1.2,0,0.304986,0.0055535,0
20.6,1.3,0,0.305109,0.00549389,0
20.6,1.4,0,0.305255,0.00543386,0
20.6,1.5,0,0.305379,0.00531743,0
20.6,1.6,0,0.305507,0.00527545,0
20.6,1.7,0,0.305629,0.00516132,0
20.6,1.8,0,0.305711,0.00506622,0
20.6,1.9,0,0.305782,0.00496176,0
20.6,2,0,0.305806,0.00481876,0
20.6,2.1,0,0.305753,0.00471951,0
20.6,2.2,0,0.30565,0.0045693,0
20.6,2.3,0,0.305437,0.00443093,0
20.6,2.4,0,0.305105,0.00427206,0
20.6,2.5,0,0.304637,0.00412995,0
20.6,2.6,0,0.30395,0.00395215,0
20.6,2.7,0,0.303025,0.00379221,0
20.6,2.8,0,0.301854,0.00363089,0
20.6,2.9,0,0.300314,0.00342967,0
20.6,3,0,0.298385,0.00336423,0
20.6,3.1,0,0.29603,0.00311348,0
20.6,3.2,0,0.293051,0.00300099,0
20.6,3.3,0,0.28958,0.00287841,0
20.6,3.4,0,0.285436,0.00266441,0
20.6,3.5,0,0.280555,0.00274754,0
20.6,3.6,0,0.275005,0.00245589,0
20.6,3.7,0,0.268635,0.00239214,0
20.6,3.8,0,0.261513,0.00232779,0
20.6,3.9,0,0.253771,0.00206103,0
20.6,4,0,0.245399,0.00218227,0
20.6,4.1,0,0.236196,0.00180082,0
20.6,4.2,0,0.226936,0.0015934,0
20.6,4.3,0,0.217043,0.00139974,0
20.6,4.4,0,0.207225,0.000891714,0
20.6,4.5,0,0.197825,0.000715825,0
20.6,4.6,0,0.187791,5.48303e-05,0
20.6,4.7,0,0.179162,-0.000549076,0
20.6,4.8,0,0.170679,-0.00114506,0
20.6,4.9,0,0.163677,-0.00191212,0
20.6,5,0,0.15929,-0.00231579,0
20.6,5.1,0,0.151695,-0.00347155,0
20.6,5.2,0,0.14759,-0.00435459,0
20.6,5.3,0,0.144851,-0.00526026,0
20.6,5.4,0,0.143533,-0.00617302,0
20.6,5.5,0,0.143652,-0.00707587,0
20.6,5.6,0,0.145193,-0.00795237,0
20.6,5.7,0,0.148106,-0.00878717,0
20.6,5.8,0,0.152311,-0.00956612,0
20.6,5.9,0,0.1577,-0.010276,0
20.6,6,0,0.168096,-0.0112422,0
20.6,6.1,0,0.173315,-0.0116951,0
20.6,6.2,0,0.17989,-0.0119185,0
20.6,6.3,0,0.188041,-0.0122155,0
20.6,6.4,0,0.197384,-0.0125626,0
20.6,6.5,0,0.206709,-0.012701,0
20.6,6.6,0,0.215763,-0.0126989,0
20.6,6.7,0,0.225009,-0.0127443,0
20.6,6.8,0,0.234409,-0.0127375,0
20.6,6.9,0,0.242876,-0.0124699,0
20.6,7,0,0.250817,-0.0122135,0
20.6,7.1,0,0.258856,-0.0120041,0
20.6,7.2,0,0.2658,-0.0115922,0
20.6,7.3,0,0.272015,-0.0111514,0
20.6,7.4,0,0.277835,-0.0107285,0
20.6,7.5,0,0.283034,-0.01026,0
20.6,7.6,0,0.287458,-0.00975609,0
20.6,7.7,0,0.29123,-0.0092775,0
20.6,7.8,0,0.294642,-0.00876838,0
20.6,7.9,0,0.297508,-0.00825792,0
20.6,8,0,0.299699,-0.00786417,0
20.6,8.1,0,0.301592,-0.00736215,0
20.6,8.2,0,0.303187,-0.0069041,0
20.6,8.3,0,0.304431,-0.00656173,0
20.6,8.4,0,0.305361,-0.00617847,0
20.6,8.5,0,0.306126,-0.00576041,0
20.6,8.6,0,0.306762,-0.00544661,0
20.6,8.7,0,0.307168,-0.00521803,0
20.6,8.8,0,0.307407,-0.00483304,0
20.6,8.9,0,0.307662,-0.00454637,0
20.6,9,0,0.307804,-0.00441585,0
20.6,9.1,0,0.307785,-0.00411762,0
20.6,9.2,0,0.307794,-0.00386964,0
20.6,9.3,0,0.307798,-0.00373087,0
20.6,9.4,0,0.307707,-0.00355758,0
20.6,9.5,0,0.307573,-0.00332826,0
20.6,9.6,0,0.30749,-0.00318154,0
20.6,9.7,0,0.30739,-0.00310278,0
20.6,9.8,0,0.307176,-0.00289087,0
20.6,9.9,0,0.307039,-0.00275395,0
20.6,10,0,0.306924,-0.0027014,0
20.6,10.1,0,0.306711,-0.00255325,0
20.6,10.2,0,0.306527,-0.00242663,0
20.6,10.3,0,0.306379,-0.00235863,0
20.6,10.4,0,0.306195,-0.00227765,0
20.6,10.5,0,0.305977,-0.00215821,0
20.6,10.6,0,0.305806,-0.00208419,0
20.6,10.7,0,0.305647,-0.00204949,0
20.6,10.8,0,0.305409,-0.0019394,0
20.6,10.9,0,0.305228,-0.0018741,0
20.6,11,0,0.305068,-0.00184679,0
20.6,11.1,0,0.304857,-0.00177682,0
20.6,11.2,0,0.304666,-0.00171562,0
20.6,11.3,0,0.304505,-0.00168472,0
20.6,11.4,0,0.304334,-0.00165127,0
20.6,11.5,0,0.304149,-0.00159572,0
20.6,11.6,0,0.304005,-0.00156619,0
20.6,11.7,0,0.303882,-0.00156092,0
20.6,11.8,0,0.303722,-0.00151324,0
20.6,11.9,0,0.303618,-0.00149185,0
20.6,12,0,0.30354,-0.00149151,0
20.6,12.1,0,0.30345,-0.00147027,0
20.6,12.2,0,0.303383,-0.00145117,0
20.6,12.3,0,0.303349,-0.00145004,0
20.6,12.4,0,0.303326,-0.00145001,0
20.6,12.5,0,0.303299,-0.0014333,0
20.6,12.6,0,0.30329,-0.00143144,0
20.6,12.7,0,0.303296,-0.00144707,0
20.7,0,0,0.304379,0.00591861,0
20.7,0.1,0,0.304394,0.00593618,0
20.7,0.2,0,0.304399,0.00592579,0
20.7,0.3,0,0.304398,0.00591155,0
20.7,0.4,0,0.30442,0.00588469,0
20.7,0.5,0,0.304429,0.00583359,0
20.7,0.6,0,0.304481,0.00582629,0
20.7,0.7,0,0.304537,0.00578799,0
20.7,0.8,0,0.304597,0.00575225,0
20.7,0.9,0,0.304694,0.00570186,0
20.7,1,0,0.304782,0.0056277,0
20.7,1.1,0,0.304908,0.00559727,0
20.7,1.2,0,0.305041,0.00553198,0
20.7,1.3,0,0.305165,0.0054719,0
20.7,1.4,0,0.305315,0.00538875,0
20.7,1.5,0,0.305449,0.00528563,0
20.7,1.6,0,0.30558,0.00521886,0
20.7,1.7,0,0.305715,0.0051149,0
20.7,1.8,0,0.305798,0.00501913,0
20.7,1.9,0,0.305868,0.00489197,0
20.7,2,0,0.305911,0.0047553,0
20.7,2.1,0,0.305848,0.00463534,0
20.7,2.2,0,0.30577,0.00448432,0
20.7,2.3,0,0.305557,0.0043452,0
20.7,2.4,0,0.305194,0.00417285,0
20.7,2.5,0,0.304769,0.00401864,0
20.7,2.6,0,0.304012,0.00383718,0
20.7,2.7,0,0.303152,0.00365023,0
20.7,2.8,0,0.301978,0.00348802,0
20.7,2.9,0,0.300319,0.0032968,0
20.7,3,0,0.298497,0.00318104,0
20.7,3.1,0,0.295953,0.00295648,0
20.7,3.2,0,0.293123,0.0027712,0
20.7,3.3,0,0.289648,0.00264673,0
20.7,3.4,0,0.285275,0.00246959,0
20.7,3.5,0,0.280597,0.00244861,0
20.7,3.6,0,0.274804,0.00219959,0
20.7,3.7,0,0.268645,0.00201452,0
20.7,3.8,0,0.261527,0.00194548,0
20.7,3.9,0,0.253629,0.00171087,0
20.7,4,0,0.245447,0.00168977,0
20.7,4.1,0,0.236254,0.00132277,0
20.7,4.2,0,0.227078,0.000977464,0
20.7,4.3,0,0.217201,0.000776173,0
20.7,4.4,0,0.207614,0.000261049,0
20.7,4.5,0,0.198139,-5.0534e-05,0
20.7,4.6,0,0.188569,-0.000733162,0
20.7,4.7,0,0.179695,-0.00144824,0
20.7,4.8,0,0.171244,-0.00204839,0
20.7,4.9,0,0.165075,-0.00278336,0
20.7,5,0,0.159975,-0.00331955,0
20.7,5.1,0,0.152466,-0.00452171,0
20.7,5.2,0,0.14841,-0.00542783,0
20.7,5.3,0,0.145707,-0.00634686,0
20.7,5.4,0,0.144409,-0.00726288,0
20.7,5.5,0,0.144533,-0.00815874,0
20.7,5.6,0,0.146062,-0.00901818,0
20.7,5.7,0,0.148949,-0.00982643,0
20.7,5.8,0,0.153112,-0.0105703,0
20.7,5.9,0,0.158446,-0.0112374,0
20.7,6,0,0.168735,-0.0121228,0
20.7,6.1,0,0.174473,-0.0124879,0
20.7,6.2,0,0.181167,-0.0126912,0
20.7,6.3,0,0.188456,-0.0129328,0
20.7,6.4,0,0.197798,-0.0132792,0
20.7,6.5,0,0.206842,-0.0132535,0
20.7,6.6,0,0.215887,-0.0132277,0
20.7,6.7,0,0.225132,-0.0132699,0
20.7,6.8,0,0.234024,-0.0131185,0
20.7,6.9,0,0.242509,-0.0128506,0
20.7,7,0,0.250668,-0.0125895,0
20.7,7.1,0,0.258325,-0.012309,0
20.7,7.2,0,0.265103,-0.0118664,0
20.7,7.3,0,0.271677,-0.0114244,0
20.7,7.4,0,0.277497,-0.0110016,0
20.7,7.5,0,0.282251,-0.0104855,0
20.7,7.6,0,0.286956,-0.00996408,0
20.7,7.7,0,0.290815,-0.00948012,0
20.7,7.8,0,0.293943,-0.0089703,0
20.7,7.9,0,0.296809,-0.00845984,0
20.7,8,0,0.299297,-0.00801465,0
20.7,8.1,0,0.301109,-0.0075299,0
20.7,8.2,0,0.302645,-0.00708425,0
20.7,8.3,0,0.304089,-0.00667109,0
20.7,8.4,0,0.305019,-0.00628782,0
20.7,8.5,0,0.305739,-0.00591412,0
20.7,8.6,0,0.306449,-0.00555051,0
20.7,8.7,0,0.306894,-0.00529503,0
20.7,8.8,0,0.307141,-0.0049583,0
20.7,8.9,0,0.307395,-0.00467162,0
20.7,9,0,0.30759,-0.00446858,0
20.7,9.1,0,0.307585,-0.00419181,0
20.7,9.2,0,0.307611,-0.00396837,0
20.7,9.3,0,0.30763,-0.00376657,0
20.7,9.4,0,0.307539,-0.00359328,0
20.7,9.5,0,0.307443,-0.00340483,0
20.7,9.6,0,0.307358,-0.0032304,0
20.7,9.7,0,0.307257,-0.00312741,0
20.7,9.8,0,0.307079,-0.00295033,0
20.7,9.9,0,0.306943,-0.00281341,0
20.7,10,0,0.306817,-0.00271945,0
20.7,10.1,0,0.306615,-0.00258148,0
20.7,10.2,0,0.306453,-0.00247369,0
20.7,10.3,0,0.306293,-0.00237328,0
20.7,10.4,0,0.306109,-0.0022923,0
20.7,10.5,0,0.30592,-0.00219677,0
20.7,10.6,0,0.305744,-0.00211222,0
20.7,10.7,0,0.305578,-0.00206284,0
20.7,10.8,0,0.305366,-0.00197249,0
20.7,10.9,0,0.305185,-0.00190719,0
20.7,11,0,0.305014,-0.00186012,0
20.7,11.1,0,0.30481,-0.00179403,0
20.7,11.2,0,0.304637,-0.00174547,0
20.7,11.3,0,0.304466,-0.00169868,0
20.7,11.4,0,0.304295,-0.00166523,0
20.7,11.5,0,0.304134,-0.00162368,0
20.7,11.6,0,0.303987,-0.00159016,0
20.7,11.7,0,0.303857,-0.0015757,0
20.7,11.8,0,0.30372,-0.00153891,0
20.7,11.9,0,0.303617,-0.00151835,0
20.7,12,0,0.303526,-0.00150681,0
20.7,12.1,0,0.303439,-0.0014867,0
20.7,12.2,0,0.30339,-0.00147592,0
20.7,12.3,0,0.303342,-0.00146515,0
20.7,12.4,0,0.303319,-0.00146509,0
20.7,12.5,0,0.303302,-0.00145626,0
20.7,12.6,0,0.303292,-0.00145287,0
20.7,12.7,0,0.303292,-0.00146181,0
20.8,0,0,0.30439,0.00592213,0
20.8,0.1,0,0.304398,0.00592106,0
20.8,0.2,0,0.304403,0.00591068,0
20.8,0.3,0,0.304411,0.00589351,0
20.8,0.4,0,0.304434,0.00586666,0
20.8,0.5,0,0.304452,0.00583173,0
20.8,0.6,0,0.304506,0.00580376,0
20.8,0.7,0,0.304562,0.00576545,0
20.8,0.8,0,0.304634,0.00572397,0
20.8,0.9,0,0.304731,0.00567358,0
20.8,1,0,0.304825,0.00561526,0
20.8,1.1,0,0.304956,0.00556159,0
20.8,1.2,0,0.305089,0.00549629,0
20.8,1.3,0,0.305225,0.00542679,0
20.8,1.4,0,0.305375,0.00534363,0
20.8,1.5,0,0.305519,0.00525383,0
20.8,1.6,0,0.305653,0.00516226,0
20.8,1.7,0,0.305789,0.00505831,0
20.8,1.8,0,0.305885,0.00494934,0
20.8,1.9,0,0.305955,0.00482218,0
20.8,2,0,0.306016,0.00469185,0
20.8,2.1,0,0.305943,0.00455118,0
20.8,2.2,0,0.305865,0.00440015,0
20.8,2.3,0,0.305647,0.00424599,0
20.8,2.4,0,0.305284,0.00407364,0
20.8,2.5,0,0.3049,0.00390734,0
20.8,2.6,0,0.304074,0.00372222,0
20.8,2.7,0,0.303214,0.00353527,0
20.8,2.8,0,0.301983,0.00335514,0
20.8,2.9,0,0.300323,0.00316393,0
20.8,3,0,0.29861,0.00299786,0
20.8,3.1,0,0.295875,0.00279948,0
20.8,3.2,0,0.293046,0.0026142,0
20.8,3.3,0,0.289486,0.0024519,0
20.8,3.4,0,0.285114,0.00227476,0
20.8,3.5,0,0.280639,0.00214968,0
20.8,3.6,0,0.274602,0.00194329,0
20.8,3.7,0,0.268443,0.00175822,0
20.8,3.8,0,0.261385,0.00159532,0
20.8,3.9,0,0.253487,0.00136071,0
20.8,4,0,0.245495,0.00119726,0
20.8,4.1,0,0.236313,0.000844727,0
20.8,4.2,0,0.227136,0.000499416,0
20.8,4.3,0,0.217589,0.000145508,0
20.8,4.4,0,0.208003,-0.000369616,0
20.8,4.5,0,0.198454,-0.000816893,0
20.8,4.6,0,0.189347,-0.00152115,0
20.8,4.7,0,0.180473,-0.00223623,0
20.8,4.8,0,0.172642,-0.00291963,0
20.8,4.9,0,0.166473,-0.0036546,0
20.8,5,0,0.16066,-0.0043233,0
20.8,5.1,0,0.153237,-0.00557187,0
20.8,5.2,0,0.14923,-0.00650108,0
20.8,5.3,0,0.146563,-0.00743345,0
20.8,5.4,0,0.145285,-0.00835274,0
20.8,5.5,0,0.145414,-0.00924161,0
20.8,5.6,0,0.146932,-0.010084,0
20.8,5.7,0,0.149791,-0.0108657,0
20.8,5.8,0,0.153914,-0.0115744,0
20.8,5.9,0,0.159193,-0.0121988,0
20.8,6,0,0.169374,-0.0130034,0
20.8,6.1,0,0.17575,-0.0132606,0
20.8,6.2,0,0.182444,-0.0134639,0
20.8,6.3,0,0.189138,-0.0136672,0
20.8,6.4,0,0.197932,-0.0138317,0
20.8,6.5,0,0.206976,-0.0138059,0
20.8,6.6,0,0.21602,-0.0137801,0
20.8,6.7,0,0.225156,-0.0137674,0
20.8,6.8,0,0.23364,-0.0134995,0
20.8,6.9,0,0.242124,-0.0132315,0
20.8,7,0,0.250518,-0.0129655,0
20.8,7.1,0,0.257628,-0.0125831,0
20.8,7.2,0,0.264407,-0.0121405,0
20.8,7.3,0,0.271186,-0.0116979,0
20.8,7.4,0,0.276764,-0.0112324,0
20.8,7.5,0,0.281468,-0.010711,0
20.8,7.6,0,0.286173,-0.0101896,0
20.8,7.7,0,0.290377,-0.00968268,0
20.8,7.8,0,0.293243,-0.00917222,0
20.8,7.9,0,0.296109,-0.00866176,0
20.8,8,0,0.298895,-0.00816512,0
20.8,8.1,0,0.300566,-0.00771005,0
20.8,8.2,0,0.302102,-0.0072644,0
20.8,8.3,0,0.303638,-0.00681875,0
20.8,8.4,0,0.304642,-0.00643144,0
20.8,8.5,0,0.305352,-0.00606783,0
20.8,8.6,0,0.306062,-0.00570423,0
20.8,8.7,0,0.306621,-0.00537203,0
20.8,8.8,0,0.306875,-0.00508356,0
20.8,8.9,0,0.307129,-0.00479688,0
20.8,9,0,0.307376,-0.0045213,0
20.8,9.1,0,0.307402,-0.00429055,0
20.8,9.2,0,0.307427,-0.00406711,0
20.8,9.3,0,0.307452,-0.00384367,0
20.8,9.4,0,0.307396,-0.00365582,0
20.8,9.5,0,0.307312,-0.0034814,0
20.8,9.6,0,0.307228,-0.00330697,0
20.8,9.7,0,0.307124,-0.00315205,0
20.8,9.8,0,0.306983,-0.0030098,0
20.8,9.9,0,0.306846,-0.00287288,0
20.8,10,0,0.30671,-0.00273751,0
20.8,10.1,0,0.306541,-0.00262855,0
20.8,10.2,0,0.306379,-0.00252076,0
20.8,10.3,0,0.306216,-0.00241297,0
20.8,10.4,0,0.306039,-0.00231989,0
20.8,10.5,0,0.305863,-0.00223533,0
20.8,10.6,0,0.305687,-0.00215078,0
20.8,10.7,0,0.30551,-0.00207619,0
20.8,10.8,0,0.305323,-0.00200559,0
20.8,10.9,0,0.305142,-0.00194029,0
20.8,11,0,0.304962,-0.00187499,0
20.8,11.1,0,0.304781,-0.00182387,0
20.8,11.2,0,0.304609,-0.00177531,0
20.8,11.3,0,0.304436,-0.00172675,0
20.8,11.4,0,0.304267,-0.00168515,0
20.8,11.5,0,0.30412,-0.00165164,0
20.8,11.6,0,0.303973,-0.00161812,0
20.8,11.7,0,0.303831,-0.00159048,0
20.8,11.8,0,0.303719,-0.00156541,0
20.8,11.9,0,0.303617,-0.00154485,0
20.8,12,0,0.303514,-0.00152428,0
20.8,12.1,0,0.303446,-0.00151145,0
20.8,12.2,0,0.303398,-0.00150068,0
20.8,12.3,0,0.303349,-0.0014899,0
20.8,12.4,0,0.303316,-0.00148261,0
20.8,12.5,0,0.303306,-0.00147922,0
20.8,12.6,0,0.303295,-0.00147583,0
20.8,12.7,0,0.303288,-0.00147655,0
20.9,0,0,0.304408,0.00594149,0
20.9,0.1,0,0.304401,0.0059093,0
20.9,0.2,0,0.304405,0.00589891,0
20.9,0.3,0,0.304421,0.00587744,0
20.9,0.4,0,0.304443,0.00585059,0
20.9,0.5,0,0.304483,0.00584826,0
20.9,0.6,0,0.304525,0.00578296,0
20.9,0.7,0,0.304581,0.00574465,0
20.9,0.8,0,0.304664,0.00569786,0
20.9,0.9,0,0.304761,0.00564746,0
20.9,1,0,0.304882,0.00562928,0
20.9,1.1,0,0.304999,0.00552855,0
20.9,1.2,0,0.305132,0.00546325,0
20.9,1.3,0,0.305284,0.00538479,0
20.9,1.4,0,0.305434,0.00530164,0
20.9,1.5,0,0.305611,0.00526447,0
20.9,1.6,0,0.305732,0.00510926,0
20.9,1.7,0,0.305867,0.00500531,0
20.9,1.8,0,0.305987,0.00488345,0
20.9,1.9,0,0.306057,0.00475628,0
20.9,2,0,0.306151,0.00469784,0
20.9,2.1,0,0.30607,0.00447081,0
20.9,2.2,0,0.305992,0.00431979,0
20.9,2.3,0,0.305796,0.00414986,0
20.9,2.4,0,0.305433,0.00397751,0
20.9,2.5,0,0.305073,0.00390626,0
20.9,2.6,0,0.304237,0.00360889,0
20.9,2.7,0,0.303377,0.00342194,0
20.9,2.8,0,0.302144,0.00322201,0
20.9,2.9,0,0.300485,0.00303079,0
20.9,3,0,0.29879,0.0029786,0
20.9,3.1,0,0.296019,0.00264083,0
20.9,3.2,0,0.293189,0.00245555,0
20.9,3.3,0,0.289602,0.00225611,0
20.9,3.4,0,0.285229,0.00207897,0
20.9,3.5,0,0.280812,0.00207329,0
20.9,3.6,0,0.2747,0.00169052,0
20.9,3.7,0,0.268541,0.00150545,0
20.9,3.8,0,0.261505,0.00125761,0
20.9,3.9,0,0.253607,0.001023,0
20.9,4,0,0.245775,0.000981582,0
20.9,4.1,0,0.236522,0.000389932,0
20.9,4.2,0,0.227346,4.46216e-05,0
20.9,4.3,0,0.21796,-0.000453631,0
20.9,4.4,0,0.208373,-0.000968755,0
20.9,4.5,0,0.199056,-0.00125566,0
20.9,4.6,0,0.189914,-0.00227617,0
20.9,4.7,0,0.18104,-0.00299125,0
20.9,4.8,0,0.173378,-0.00381743,0
20.9,4.9,0,0.167209,-0.00455239,0
20.9,5,0,0.161555,-0.00495906,0
20.9,5.1,0,0.154167,-0.00624739,0
20.9,5.2,0,0.150169,-0.00719711,0
20.9,5.3,0,0.147493,-0.00814191,0
20.9,5.4,0,0.146189,-0.00906523,0
20.9,5.5,0,0.146274,-0.00994959,0
20.9,5.6,0,0.147734,-0.010779,0
20.9,5.7,0,0.150523,-0.0115398,0
20.9,5.8,0,0.154564,-0.0122202,0
20.9,5.9,0,0.159754,-0.0128097,0
20.9,6,0,0.169782,-0.0135488,0
20.9,6.1,0,0.176056,-0.0140748,0
20.9,6.2,0,0.182751,-0.0142781,0
20.9,6.3,0,0.189445,-0.0144814,0
20.9,6.4,0,0.19802,-0.0144416,0
20.9,6.5,0,0.207064,-0.0144158,0
20.9,6.6,0,0.216108,-0.0143901,0
20.9,6.7,0,0.225059,-0.0141956,0
20.9,6.8,0,0.233543,-0.0139277,0
20.9,6.9,0,0.242028,-0.0136597,0
20.9,7,0,0.250227,-0.0131671,0
20.9,7.1,0,0.257382,-0.0128856,0
20.9,7.2,0,0.26416,-0.012443,0
20.9,7.3,0,0.270939,-0.0120003,0
20.9,7.4,0,0.276428,-0.0114636,0
20.9,7.5,0,0.281133,-0.0109422,0
20.9,7.6,0,0.285837,-0.0104208,0
20.9,7.7,0,0.290025,-0.00987412,0
20.9,7.8,0,0.292891,-0.00936366,0
20.9,7.9,0,0.295757,-0.00885319,0
20.9,8,0,0.298482,-0.00825294,0
20.9,8.1,0,0.300251,-0.00787268,0
20.9,8.2,0,0.301787,-0.00742702,0
20.9,8.3,0,0.303323,-0.00698137,0
20.9,8.4,0,0.304385,-0.00656722,0
20.9,8.5,0,0.305095,-0.00620361,0
20.9,8.6,0,0.305805,-0.00584,0
20.9,8.7,0,0.306413,-0.00547287,0
20.9,8.8,0,0.306675,-0.0051935,0
20.9,8.9,0,0.30693,-0.00490682,0
20.9,9,0,0.307161,-0.00459356,0
20.9,9.1,0,0.307251,-0.00437726,0
20.9,9.2,0,0.307276,-0.00415383,0
20.9,9.3,0,0.307301,-0.00393039,0
20.9,9.4,0,0.307281,-0.00372323,0
20.9,9.5,0,0.307197,-0.0035488,0
20.9,9.6,0,0.307112,-0.00337437,0
20.9,9.7,0,0.307016,-0.0031848,0
20.9,9.8,0,0.306893,-0.00306222,0
20.9,9.9,0,0.306757,-0.0029253,0
20.9,10,0,0.306619,-0.00278528,0
20.9,10.1,0,0.306471,-0.00267007,0
20.9,10.2,0,0.306309,-0.00256228,0
20.9,10.3,0,0.306146,-0.00245449,0
20.9,10.4,0,0.305984,-0.00235395,0
20.9,10.5,0,0.305808,-0.0022694,0
20.9,10.6,0,0.305631,-0.00218484,0
20.9,10.7,0,0.30545,-0.00208732,0
20.9,10.8,0,0.30528,-0.00203487,0
20.9,10.9,0,0.305099,-0.00196957,0
20.9,11,0,0.304919,-0.00190427,0
20.9,11.1,0,0.304749,-0.0018503,0
20.9,11.2,0,0.304576,-0.00180174,0
20.9,11.3,0,0.304404,-0.00175318,0
20.9,11.4,0,0.304245,-0.00171002,0
20.9,11.5,0,0.304098,-0.0016765,0
20.9,11.6,0,0.303951,-0.00164299,0
20.9,11.7,0,0.303807,-0.00159822,0
20.9,11.8,0,0.303707,-0.00158941,0
20.9,11.9,0,0.303604,-0.00156884,0
20.9,12,0,0.303502,-0.00154828,0
20.9,12.1,0,0.303441,-0.00153447,0
20.9,12.2,0,0.303393,-0.0015237,0
20.9,12.3,0,0.303345,-0.00151293,0
20.9,12.4,0,0.303315,-0.00150411,0
20.9,12.5,0,0.303305,-0.00150072,0
20.9,12.6,0,0.303294,-0.00149733,0
20.9,12.7,0,0.303283,-0.00148069,0
21,0,0,0.304434,0.00597668,0
21,0.1,0,0.304402,0.00590089,0
21,0.2,0,0.304406,0.0058905,0
21,0.3,0,0.304426,0.00586333,0
21,0.4,0,0.304448,0.00583648,0
21,0.5,0,0.304522,0.00588319,0
21,0.6,0,0.304538,0.00576389,0
21,0.7,0,0.304594,0.00572559,0
21,0.8,0,0.304687,0.0056739,0
21,0.9,0,0.304785,0.00562351,0
21,1,0,0.304952,0.00566976,0
21,1.1,0,0.305038,0.00549815,0
21,1.2,0,0.305171,0.00543286,0
21,1.3,0,0.305342,0.00534592,0
21,1.4,0,0.305492,0.00526277,0
21,1.5,0,0.305724,0.00531755,0
21,1.6,0,0.305816,0.00505985,0
21,1.7,0,0.305951,0.00495589,0
21,1.8,0,0.306104,0.00482145,0
21,1.9,0,0.306174,0.00469429,0
21,2,0,0.306317,0.00477327,0
21,2.1,0,0.306229,0.00439425,0
21,2.2,0,0.306151,0.00424322,0
21,2.3,0,0.306005,0.00405681,0
21,2.4,0,0.305642,0.00388446,0
21,2.5,0,0.305288,0.0040154,0
21,2.6,0,0.304501,0.0034972,0
21,2.7,0,0.30364,0.00331025,0
21,2.8,0,0.302462,0.00308863,0
21,2.9,0,0.300803,0.00289741,0
21,3,0,0.299036,0.00312326,0
21,3.1,0,0.296383,0.00248052,0
21,3.2,0,0.293553,0.00229523,0
21,3.3,0,0.289994,0.00205935,0
21,3.4,0,0.285622,0.00188221,0
21,3.5,0,0.281114,0.00221944,0
21,3.6,0,0.275097,0.00144127,0
21,3.7,0,0.268938,0.00125621,0
21,3.8,0,0.261886,0.000932361,0
21,3.9,0,0.253988,0.000697749,0
21,4,0,0.246288,0.00104272,0
21,4.1,0,0.236883,-4.16102e-05,0
21,4.2,0,0.227706,-0.00038692,0
21,4.3,0,0.218311,-0.00102124,0
21,4.4,0,0.208725,-0.00153637,0
21,4.5,0,0.199947,-0.00136683,0
21,4.6,0,0.19027,-0.00299821,0
21,4.7,0,0.181396,-0.00371329,0
21,4.8,0,0.173452,-0.00474179,0
21,4.9,0,0.167284,-0.00547675,0
21,5,0,0.162657,-0.0052268,0
21,5.1,0,0.155257,-0.00654828,0
21,5.2,0,0.151225,-0.00751591,0
21,5.3,0,0.148496,-0.00847226,0
21,5.4,0,0.147119,-0.00940037,0
21,5.5,0,0.147114,-0.0102827,0
21,5.6,0,0.148471,-0.0111033,0
21,5.7,0,0.151145,-0.0118486,0
21,5.8,0,0.155064,-0.0125076,0
21,5.9,0,0.160128,-0.0130702,0
21,6,0,0.16996,-0.0137591,0
21,6.1,0,0.175393,-0.0149306,0
21,6.2,0,0.182087,-0.0151338,0
21,6.3,0,0.189152,-0.014823,0
21,6.4,0,0.198062,-0.015109,0
21,6.5,0,0.207106,-0.0150832,0
21,6.6,0,0.216151,-0.0150575,0
21,6.7,0,0.224777,-0.0142791,0
21,6.8,0,0.233734,-0.0144031,0
21,6.9,0,0.242219,-0.0141351,0
21,7,0,0.249676,-0.0130578,0
21,7.1,0,0.257584,-0.0132163,0
21,7.2,0,0.264363,-0.0127737,0
21,7.3,0,0.270676,-0.0120483,0
21,7.4,0,0.276458,-0.011656,0
21,7.5,0,0.281244,-0.0111792,0
21,7.6,0,0.285949,-0.0106578,0
21,7.7,0,0.289478,-0.00973135,0
21,7.8,0,0.292887,-0.0095446,0
21,7.9,0,0.295753,-0.00903414,0
21,8,0,0.297953,-0.00809967,0
21,8.1,0,0.300162,-0.00801777,0
21,8.2,0,0.301698,-0.00757212,0
21,8.3,0,0.303071,-0.0070016,0
21,8.4,0,0.304185,-0.00662933,0
21,8.5,0,0.304967,-0.00632145,0
21,8.6,0,0.305677,-0.00595784,0
21,8.7,0,0.306053,-0.00537181,0
21,8.8,0,0.306543,-0.00528812,0
21,8.9,0,0.306798,-0.00500145,0
21,9,0,0.306877,-0.00451438,0
21,9.1,0,0.307131,-0.00445196,0
21,9.2,0,0.307156,-0.00422853,0
21,9.3,0,0.307146,-0.00395823,0
21,9.4,0,0.307138,-0.00374025,0
21,9.5,0,0.307096,-0.00360703,0
21,9.6,0,0.307012,-0.00343261,0
21,9.7,0,0.306842,-0.00313649,0
21,9.8,0,0.306812,-0.00310759,0
21,9.9,0,0.306675,-0.00297067,0
21,10,0,0.306483,-0.00274758,0
21,10.1,0,0.306405,-0.00270604,0
21,10.2,0,0.306243,-0.00259825,0
21,10.3,0,0.306071,-0.00247562,0
21,10.4,0,0.305907,-0.00235653,0
21,10.5,0,0.305754,-0.00229896,0
21,10.6,0,0.305578,-0.00221441,0
21,10.7,0,0.305369,-0.00206497,0
21,10.8,0,0.305236,-0.00206032,0
21,10.9,0,0.305056,-0.00199502,0
21,11,0,0.30486,-0.00189079,0
21,11.1,0,0.304713,-0.00187332,0
21,11.2,0,0.304541,-0.00182476,0
21,11.3,0,0.304368,-0.00177223,0
21,11.4,0,0.304207,-0.00171217,0
21,11.5,0,0.304069,-0.00169828,0
21,11.6,0,0.303922,-0.00166477,0
21,11.7,0,0.303779,-0.00158911,0
21,11.8,0,0.303683,-0.00161089,0
21,11.9,0,0.30358,-0.00159033,0
21,12,0,0.303484,-0.00154676,0
21,12.1,0,0.303424,-0.00155577,0
21,12.2,0,0.303376,-0.001545,0
21,12.3,0,0.303328,-0.00153423,0
21,12.4,0,0.303307,-0.00150589,0
21,12.5,0,0.303299,-0.00152075,0
21,12.6,0,0.303288,-0.00151736,0
21,12.7,0,0.303275,-0.00147421,0
21.1,0,0,0.30446,0.00601186,0
21.1,0.1,0,0.304403,0.00589247,0
21.1,0.2,0,0.304434,0.00592313,0
21.1,0.3,0,0.304454,0.00589568,0
21.1,0.4,0,0.304453,0.00582237,0
21.1,0.5,0,0.304562,0.00591812,0
21.1,0.6,0,0.30455,0.00574483,0
21.1,0.7,0,0.304645,0.00575966,0
21.1,0.8,0,0.304739,0.00570773,0
21.1,0.9,0,0.304808,0.00559956,0
21.1,1,0,0.305023,0.00571024,0
21.1,1.1,0,0.305076,0.00546775,0
21.1,1.2,0,0.305258,0.00547482,0
21.1,1.3,0,0.30543,0.00538746,0
21.1,1.4,0,0.30555,0.00522389,0
21.1,1.5,0,0.305837,0.00537064,0
21.1,1.6,0,0.3059,0.00501044,0
21.1,1.7,0,0.306087,0.00501313,0
21.1,1.8,0,0.306242,0.00487805,0
21.1,1.9,0,0.306292,0.00463229,0
21.1,2,0,0.306483,0.00484871,0
21.1,2.1,0,0.306388,0.00431768,0
21.1,2.2,0,0.306342,0.00432587,0
21.1,2.3,0,0.306198,0.00413863,0
21.1,2.4,0,0.305851,0.00379141,0
21.1,2.5,0,0.305503,0.00412454,0
21.1,2.6,0,0.304765,0.0033855,0
21.1,2.7,0,0.303874,0.00342641,0
21.1,2.8,0,0.302699,0.0032037,0
21.1,2.9,0,0.301122,0.00276402,0
21.1,3,0,0.299282,0.00326791,0
21.1,3.1,0,0.296748,0.0023202,0
21.1,3.2,0,0.293823,0.00243264,0
21.1,3.3,0,0.290265,0.00219493,0
21.1,3.4,0,0.286014,0.00168544,0
21.1,3.5,0,0.281417,0.0023656,0
21.1,3.6,0,0.275494,0.00119203,0
21.1,3.7,0,0.269319,0.00135469,0
21.1,3.8,0,0.262267,0.00102704,0
21.1,3.9,0,0.254369,0.000372499,0
21.1,4,0,0.246801,0.00110386,0
21.1,4.1,0,0.237243,-0.000473152,0
21.1,4.2,0,0.228384,-0.000425801,0
21.1,4.3,0,0.218988,-0.00106693,0
21.1,4.4,0,0.209076,-0.00210398,0
21.1,4.5,0,0.200837,-0.001478,0
21.1,4.6,0,0.190626,-0.00372025,0
21.1,4.7,0,0.182407,-0.00394132,0
21.1,4.8,0,0.174449,-0.00497993,0
21.1,4.9,0,0.167358,-0.00640111,0
21.1,5,0,0.16376,-0.00549455,0
21.1,5.1,0,0.156347,-0.00684917,0
21.1,5.2,0,0.152282,-0.00783472,0
21.1,5.3,0,0.149499,-0.0088026,0
21.1,5.4,0,0.148049,-0.00973551,0
21.1,5.5,0,0.147955,-0.0106157,0
21.1,5.6,0,0.149207,-0.0114275,0
21.1,5.7,0,0.151767,-0.0121575,0
21.1,5.8,0,0.155564,-0.012795,0
21.1,5.9,0,0.160503,-0.0133307,0
21.1,6,0,0.170137,-0.0139693,0
21.1,6.1,0,0.174886,-0.0156658,0
21.1,6.2,0,0.181424,-0.0159895,0
21.1,6.3,0,0.189025,-0.0149341,0
21.1,6.4,0,0.197936,-0.0152221,0
21.1,6.5,0,0.207149,-0.0157507,0
21.1,6.6,0,0.215807,-0.0151275,0
21.1,6.7,0,0.22438,-0.0142681,0
21.1,6.8,0,0.233926,-0.0148784,0
21.1,6.9,0,0.242357,-0.014569,0
21.1,7,0,0.249126,-0.0129486,0
21.1,7.1,0,0.257559,-0.0134141,0
21.1,7.2,0,0.264566,-0.0131044,0
21.1,7.3,0,0.270067,-0.0118868,0
21.1,7.4,0,0.27585,-0.0114945,0
21.1,7.5,0,0.281355,-0.0114162,0
21.1,7.6,0,0.285521,-0.0105833,0
21.1,7.7,0,0.288885,-0.00956106,0
21.1,7.8,0,0.292883,-0.00972555,0
21.1,7.9,0,0.29575,-0.00921508,0
21.1,8,0,0.297423,-0.0079464,0
21.1,8.1,0,0.29989,-0.00803818,0
21.1,8.2,0,0.30161,-0.00771722,0
21.1,8.3,0,0.302626,-0.00687461,0
21.1,8.4,0,0.30374,-0.00650235,0
21.1,8.5,0,0.30484,-0.00643929,0
21.1,8.6,0,0.305399,-0.00593356,0
21.1,8.7,0,0.305694,-0.00527074,0
21.1,8.8,0,0.306411,-0.00538274,0
21.1,8.9,0,0.306665,-0.00509607,0
21.1,9,0,0.306593,-0.00443521,0
21.1,9.1,0,0.306924,-0.00444456,0
21.1,9.2,0,0.307037,-0.00430323,0
21.1,9.3,0,0.306924,-0.00389641,0
21.1,9.4,0,0.306916,-0.00367843,0
21.1,9.5,0,0.306996,-0.00366527,0
21.1,9.6,0,0.306872,-0.00343399,0
21.1,9.7,0,0.306668,-0.00308819,0
21.1,9.8,0,0.30673,-0.00315296,0
21.1,9.9,0,0.306594,-0.00301604,0
21.1,10,0,0.306348,-0.00270988,0
21.1,10.1,0,0.306294,-0.00269418,0
21.1,10.2,0,0.306177,-0.00263423,0
21.1,10.3,0,0.305966,-0.0024464,0
21.1,10.4,0,0.305801,-0.00232731,0
21.1,10.5,0,0.305701,-0.00232852,0
21.1,10.6,0,0.305513,-0.00222227,0
21.1,10.7,0,0.305288,-0.00204262,0
21.1,10.8,0,0.305193,-0.00208578,0
21.1,10.9,0,0.305013,-0.00202048,0
21.1,11,0,0.304799,-0.00187401,0
21.1,11.1,0,0.304658,-0.00186589,0
21.1,11.2,0,0.304505,-0.00184777,0
21.1,11.3,0,0.304324,-0.00175986,0
21.1,11.4,0,0.304164,-0.00169979,0
21.1,11.5,0,0.304039,-0.00172006,0
21.1,11.6,0,0.303892,-0.00167721,0
21.1,11.7,0,0.30375,-0.00158,0
21.1,11.8,0,0.303659,-0.00163021,0
21.1,11.9,0,0.303556,-0.00161181,0
21.1,12,0,0.303467,-0.00153972,0
21.1,12.1,0,0.303408,-0.00155211,0
21.1,12.2,0,0.30336,-0.0015663,0
21.1,12.3,0,0.303318,-0.00152792,0
21.1,12.4,0,0.303297,-0.00149948,0
21.1,12.5,0,0.303293,-0.00154079,0
21.1,12.6,0,0.303282,-0.00153245,0
21.1,12.7,0,0.303268,-0.00146773,0
21.2,0,0,0.304486,0.00604705,0
21.2,0.1,0,0.304413,0.0059015,0
21.2,0.2,0,0.304464,0.00595793,0
21.2,0.3,0,0.304483,0.00593048,0
21.2,0.4,0,0.304472,0.00582787,0
21.2,0.5,0,0.304601,0.00595304,0
21.2,0.6,0,0.304573,0.00574736,0
21.2,0.7,0,0.304698,0.00579653,0
21.2,0.8,0,0.304792,0.0057446,0
21.2,0.9,0,0.30485,0.00560138,0
21.2,1,0,0.305093,0.00575072,0
21.2,1.1,0,0.305127,0.0054657,0
21.2,1.2,0,0.305348,0.00552059,0
21.2,1.3,0,0.30552,0.00543323,0
21.2,1.4,0,0.30563,0.0052218,0
21.2,1.5,0,0.30595,0.00542372,0
21.2,1.6,0,0.305996,0.00500203,0
21.2,1.7,0,0.306226,0.00507597,0
21.2,1.8,0,0.30638,0.0049409,0
21.2,1.9,0,0.306429,0.00462526,0
21.2,2,0,0.306649,0.00492415,0
21.2,2.1,0,0.30655,0.00430192,0
21.2,2.2,0,0.306534,0.00441689,0
21.2,2.3,0,0.30639,0.00422965,0
21.2,2.4,0,0.306062,0.00377923,0
21.2,2.5,0,0.305718,0.00423367,0
21.2,2.6,0,0.305009,0.00336214,0
21.2,2.7,0,0.304107,0.00355456,0
21.2,2.8,0,0.302932,0.00333186,0
21.2,2.9,0,0.301411,0.00274185,0
21.2,3,0,0.299529,0.00341257,0
21.2,3.1,0,0.297065,0.00228188,0
21.2,3.2,0,0.294088,0.00258572,0
21.2,3.3,0,0.29053,0.00234801,0
21.2,3.4,0,0.286371,0.00162585,0
21.2,3.5,0,0.28172,0.00251176,0
21.2,3.6,0,0.275853,0.00110094,0
21.2,3.7,0,0.2697,0.00147147,0
21.2,3.8,0,0.262647,0.00114382,0
21.2,3.9,0,0.254803,0.000201804,0
21.2,4,0,0.247314,0.001165,0
21.2,4.1,0,0.237665,-0.000707622,0
21.2,4.2,0,0.229078,-0.000444015,0
21.2,4.3,0,0.219683,-0.00108514,0
21.2,4.4,0,0.209643,-0.00248902,0
21.2,4.5,0,0.201728,-0.00158917,0
21.2,4.6,0,0.191196,-0.00419795,0
21.2,4.7,0,0.183452,-0.00414334,0
21.2,4.8,0,0.175495,-0.00518196,0
21.2,4.9,0,0.167844,-0.00706282,0
21.2,5,0,0.164863,-0.00576229,0
21.2,5.1,0,0.157437,-0.00715006,0
21.2,5.2,0,0.153339,-0.00815353,0
21.2,5.3,0,0.150502,-0.00913294,0
21.2,5.4,0,0.148979,-0.0100707,0
21.2,5.5,0,0.148795,-0.0109488,0
21.2,5.6,0,0.149944,-0.0117518,0
21.2,5.7,0,0.152389,-0.0124664,0
21.2,5.8,0,0.156064,-0.0130824,0
21.2,5.9,0,0.160878,-0.0135912,0
21.2,6,0,0.170314,-0.0141795,0
21.2,6.1,0,0.175064,-0.0158761,0
21.2,6.2,0,0.180963,-0.0165646,0
21.2,6.3,0,0.188899,-0.0150451,0
21.2,6.4,0,0.197809,-0.0153332,0
21.2,6.5,0,0.207191,-0.0164181,0
21.2,6.6,0,0.21541,-0.0151166,0
21.2,6.7,0,0.223984,-0.0142572,0
21.2,6.8,0,0.233827,-0.0151143,0
21.2,6.9,0,0.241807,-0.0144598,0
21.2,7,0,0.248575,-0.0128393,0
21.2,7.1,0,0.257009,-0.0133048,0
21.2,7.2,0,0.264556,-0.0133066,0
21.2,7.3,0,0.269459,-0.0117253,0
21.2,7.4,0,0.275241,-0.0113331,0
21.2,7.5,0,0.281466,-0.0116532,0
21.2,7.6,0,0.284928,-0.010413,0
21.2,7.7,0,0.288292,-0.00939078,0
21.2,7.8,0,0.292521,-0.00969287,0
21.2,7.9,0,0.295244,-0.00907678,0
21.2,8,0,0.296894,-0.00779312,0
21.2,8.1,0,0.29936,-0.00788491,0
21.2,8.2,0,0.30147,-0.00782272,0
21.2,8.3,0,0.302181,-0.00674763,0
21.2,8.4,0,0.303296,-0.00637536,0
21.2,8.5,0,0.304713,-0.00655713,0
21.2,8.6,0,0.30504,-0.00583249,0
21.2,8.7,0,0.305334,-0.00516968,0
21.2,8.8,0,0.306114,-0.00533571,0
21.2,8.9,0,0.306406,-0.00504478,0
21.2,9,0,0.306309,-0.00435603,0
21.2,9.1,0,0.30664,-0.00436538,0
21.2,9.2,0,0.306915,-0.00437385,0
21.2,9.3,0,0.306701,-0.00383459,0
21.2,9.4,0,0.306693,-0.00361661,0
21.2,9.5,0,0.306892,-0.00371992,0
21.2,9.6,0,0.306699,-0.00338568,0
21.2,9.7,0,0.306494,-0.00303988,0
21.2,9.8,0,0.306571,-0.00311968,0
21.2,9.9,0,0.306473,-0.00300128,0
21.2,10,0,0.306213,-0.00267218,0
21.2,10.1,0,0.306159,-0.00265648,0
21.2,10.2,0,0.30611,-0.00267021,0
21.2,10.3,0,0.305861,-0.00241718,0
21.2,10.4,0,0.305696,-0.00229808,0
21.2,10.5,0,0.30564,-0.00234952,0
21.2,10.6,0,0.305432,-0.00219992,0
21.2,10.7,0,0.305207,-0.00202026,0
21.2,10.8,0,0.305114,-0.00206556,0
21.2,10.9,0,0.304959,-0.00202024,0
21.2,11,0,0.304738,-0.00185723,0
21.2,11.1,0,0.304597,-0.00184911,0
21.2,11.2,0,0.304469,-0.00187079,0
21.2,11.3,0,0.304281,-0.00174748,0
21.2,11.4,0,0.304121,-0.00168741,0
21.2,11.5,0,0.304006,-0.00173292,0
21.2,11.6,0,0.303864,-0.0016681,0
21.2,11.7,0,0.303722,-0.00157089,0
21.2,11.8,0,0.30363,-0.0016211,0
21.2,11.9,0,0.303536,-0.00161925,0
21.2,12,0,0.30345,-0.00153267,0
21.2,12.1,0,0.303391,-0.00154506,0
21.2,12.2,0,0.303343,-0.00158759,0
21.2,12.3,0,0.303308,-0.00152151,0
21.2,12.4,0,0.303287,-0.00149307,0
21.2,12.5,0,0.303286,-0.00155085,0
21.2,12.6,0,0.303275,-0.00152597,0
21.2,12.7,0,0.30326,-0.00146125,0
21.3,0,0,0.304511,0.00608224,0
21.3,0.1,0,0.304439,0.00593669,0
21.3,0.2,0,0.304493,0.00599272,0
21.3,0.3,0,0.304513,0.00596527,0
21.3,0.4,0,0.304511,0.0058628,0
21.3,0.5,0,0.30464,0.00598797,0
21.3,0.6,0,0.304613,0.00578229,0
21.3,0.7,0,0.304752,0.0058334,0
21.3,0.8,0,0.304846,0.00578147,0
21.3,0.9,0,0.304921,0.00564186,0
21.3,1,0,0.305163,0.0057912,0
21.3,1.1,0,0.305197,0.00550618,0
21.3,1.2,0,0.305438,0.00556636,0
21.3,1.3,0,0.30561,0.005479,0
21.3,1.4,0,0.305743,0.00527489,0
21.3,1.5,0,0.306063,0.00547681,0
21.3,1.6,0,0.306109,0.00505511,0
21.3,1.7,0,0.306365,0.00513881,0
21.3,1.8,0,0.306519,0.00500374,0
21.3,1.9,0,0.306595,0.0047007,0
21.3,2,0,0.306814,0.00499958,0
21.3,2.1,0,0.306716,0.00437735,0
21.3,2.2,0,0.306726,0.00450791,0
21.3,2.3,0,0.306582,0.00432067,0
21.3,2.4,0,0.306277,0.00388837,0
21.3,2.5,0,0.305933,0.00434281,0
21.3,2.6,0,0.305224,0.00347127,0
21.3,2.7,0,0.304339,0.00368271,0
21.3,2.8,0,0.303164,0.00346001,0
21.3,2.9,0,0.301657,0.00288651,0
21.3,3,0,0.299775,0.00355723,0
21.3,3.1,0,0.297311,0.00242653,0
21.3,3.2,0,0.294352,0.0027388,0
21.3,3.3,0,0.290795,0.00250109,0
21.3,3.4,0,0.286674,0.001772,0
21.3,3.5,0,0.282023,0.00265791,0
21.3,3.6,0,0.276156,0.0012471,0
21.3,3.7,0,0.270081,0.00158825,0
21.3,3.8,0,0.263028,0.0012606,0
21.3,3.9,0,0.255316,0.000262942,0
21.3,4,0,0.247827,0.00122613,0
21.3,4.1,0,0.238178,-0.000646484,0
21.3,4.2,0,0.229773,-0.000462229,0
21.3,4.3,0,0.220377,-0.00110336,0
21.3,4.4,0,0.210534,-0.00260019,0
21.3,4.5,0,0.202619,-0.00170035,0
21.3,4.6,0,0.192087,-0.00430912,0
21.3,4.7,0,0.184498,-0.00434537,0
21.3,4.8,0,0.17654,-0.00538398,0
21.3,4.9,0,0.168947,-0.00733057,0
21.3,5,0,0.165966,-0.00603004,0
21.3,5.1,0,0.158527,-0.00745095,0
21.3,5.2,0,0.154396,-0.00847233,0
21.3,5.3,0,0.151505,-0.00946329,0
21.3,5.4,0,0.149909,-0.0104058,0
21.3,5.5,0,0.149635,-0.0112819,0
21.3,5.6,0,0.15068,-0.012076,0
21.3,5.7,0,0.153011,-0.0127752,0
21.3,5.8,0,0.156564,-0.0133698,0
21.3,5.9,0,0.161252,-0.0138517,0
21.3,6,0,0.170491,-0.0143898,0
21.3,6.1,0,0.175241,-0.0160863,0
21.3,6.2,0,0.180836,-0.0166757,0
21.3,6.3,0,0.188772,-0.0151561,0
21.3,6.4,0,0.197682,-0.0154442,0
21.3,6.5,0,0.206869,-0.0163208,0
21.3,6.6,0,0.215014,-0.0151057,0
21.3,6.7,0,0.223588,-0.0142463,0
21.3,6.8,0,0.233431,-0.0151034,0
21.3,6.9,0,0.241256,-0.0143505,0
21.3,7,0,0.248025,-0.0127301,0
21.3,7.1,0,0.256458,-0.0131956,0
21.3,7.2,0,0.263948,-0.0131451,0
21.3,7.3,0,0.26885,-0.0115639,0
21.3,7.4,0,0.274633,-0.0111716,0
21.3,7.5,0,0.280685,-0.0113882,0
21.3,7.6,0,0.284335,-0.0102427,0
21.3,7.7,0,0.287699,-0.00922049,0
21.3,7.8,0,0.291928,-0.00952258,0
21.3,7.9,0,0.294714,-0.0089235,0
21.3,8,0,0.296365,-0.00763985,0
21.3,8.1,0,0.298831,-0.00773163,0
21.3,8.2,0,0.300979,-0.00766456,0
21.3,8.3,0,0.301736,-0.00662064,0
21.3,8.4,0,0.302851,-0.00624838,0
21.3,8.5,0,0.304217,-0.00637764,0
21.3,8.6,0,0.304681,-0.00573143,0
21.3,8.7,0,0.304975,-0.00506861,0
21.3,8.8,0,0.305755,-0.00523465,0
21.3,8.9,0,0.306121,-0.0049656,0
21.3,9,0,0.306024,-0.00427686,0
21.3,9.1,0,0.306356,-0.00428621,0
21.3,9.2,0,0.306656,-0.00427816,0
21.3,9.3,0,0.306478,-0.00377277,0
21.3,9.4,0,0.306471,-0.00355479,0
21.3,9.5,0,0.306653,-0.00363465,0
21.3,9.6,0,0.306525,-0.00333737,0
21.3,9.7,0,0.306321,-0.00299157,0
21.3,9.8,0,0.306397,-0.00307137,0
21.3,9.9,0,0.306338,-0.00296357,0
21.3,10,0,0.306077,-0.00263448,0
21.3,10.1,0,0.306023,-0.00261878,0
21.3,10.2,0,0.305985,-0.00262184,0
21.3,10.3,0,0.305755,-0.00238796,0
21.3,10.4,0,0.305591,-0.00226886,0
21.3,10.5,0,0.305532,-0.00231488,0
21.3,10.6,0,0.305351,-0.00217757,0
21.3,10.7,0,0.305126,-0.00199791,0
21.3,10.8,0,0.305033,-0.00204321,0
21.3,10.9,0,0.304898,-0.00200346,0
21.3,11,0,0.304677,-0.00184045,0
21.3,11.1,0,0.304537,-0.00183233,0
21.3,11.2,0,0.304416,-0.00184757,0
21.3,11.3,0,0.304237,-0.0017351,0
21.3,11.4,0,0.304077,-0.00167504,0
21.3,11.5,0,0.303962,-0.00172054,0
21.3,11.6,0,0.303835,-0.00165899,0
21.3,11.7,0,0.303693,-0.00156178,0
21.3,11.8,0,0.303601,-0.00161199,0
21.3,11.9,0,0.303519,-0.0016122,0
21.3,12,0,0.303433,-0.00152562,0
21.3,12.1,0,0.303374,-0.00153801,0
21.3,12.2,0,0.303331,-0.0015739,0
21.3,12.3,0,0.303299,-0.0015151,0
21.3,12.4,0,0.303277,-0.00148666,0
21.3,12.5,0,0.303276,-0.00154445,0
21.3,12.6,0,0.303267,-0.00151949,0
21.3,12.7,0,0.303253,-0.00145477,0
21.4,0,0,0.304537,0.00611742,0
21.4,0.1,0,0.304489,0.0060086,0
21.4,0.2,0,0.304523,0.00602752,0
21.4,0.3,0,0.304542,0.00600006,0
21.4,0.4,0,0.304571,0.0059393,0
21.4,0.5,0,0.30468,0.0060229,0
21.4,0.6,0,0.304687,0.00586476,0
21.4,0.7,0,0.304805,0.00587027,0
21.4,0.8,0,0.304899,0.00581835,0
21.4,0.9,0,0.305016,0.00573404,0
21.4,1,0,0.305233,0.00583168,0
21.4,1.1,0,0.305311,0.00561141,0
21.4,1.2,0,0.305528,0.00561214,0
21.4,1.3,0,0.3057,0.00552478,0
21.4,1.4,0,0.305883,0.00539992,0
21.4,1.5,0,0.306175,0.00552989,0
21.4,1.6,0,0.306268,0.00520361,0
21.4,1.7,0,0.306503,0.00520166,0
21.4,1.8,0,0.306658,0.00506658,0
21.4,1.9,0,0.306778,0.00488225,0
21.4,2,0,0.30698,0.00507502,0
21.4,2.1,0,0.30691,0.00459524,0
21.4,2.2,0,0.306918,0.00459893,0
21.4,2.3,0,0.306775,0.00441169,0
21.4,2.4,0,0.306478,0.00415397,0
21.4,2.5,0,0.306148,0.00445195,0
21.4,2.6,0,0.305412,0.00378429,0
21.4,2.7,0,0.304572,0.00381087,0
21.4,2.8,0,0.303397,0.00358816,0
21.4,2.9,0,0.301831,0.00325348,0
21.4,3,0,0.300022,0.00370188,0
21.4,3.1,0,0.297473,0.00283758,0
21.4,3.2,0,0.294617,0.00289188,0
21.4,3.3,0,0.291059,0.00265418,0
21.4,3.4,0,0.286868,0.00221553,0
21.4,3.5,0,0.282326,0.00280407,0
21.4,3.6,0,0.276445,0.00170438,0
21.4,3.7,0,0.270462,0.00170503,0
21.4,3.8,0,0.263409,0.00137739,0
21.4,3.9,0,0.255829,0.000699807,0
21.4,4,0,0.24834,0.00128727,0
21.4,4.1,0,0.238975,-0.000234017,0
21.4,4.2,0,0.230467,-0.000480443,0
21.4,4.3,0,0.221071,-0.00112157,0
21.4,4.4,0,0.211716,-0.00224437,0
21.4,4.5,0,0.203509,-0.00181152,0
21.4,4.6,0,0.193563,-0.00397828,0
21.4,4.7,0,0.185543,-0.0045474,0
21.4,4.8,0,0.177586,-0.00558601,0
21.4,4.9,0,0.170875,-0.00698433,0
21.4,5,0,0.167069,-0.00629779,0
21.4,5.1,0,0.159617,-0.00775184,0
21.4,5.2,0,0.155453,-0.00879114,0
21.4,5.3,0,0.152507,-0.00979363,0
21.4,5.4,0,0.150839,-0.0107409,0
21.4,5.5,0,0.150475,-0.011615,0
21.4,5.6,0,0.151416,-0.0124002,0
21.4,5.7,0,0.153632,-0.0130841,0
21.4,5.8,0,0.157064,-0.0136571,0
21.4,5.9,0,0.161627,-0.0141122,0
21.4,6,0,0.170669,-0.0146,0
21.4,6.1,0,0.175452,-0.0162493,0
21.4,6.2,0,0.181443,-0.0162231,0
21.4,6.3,0,0.188645,-0.0152672,0
21.4,6.4,0,0.197556,-0.0155552,0
21.4,6.5,0,0.206304,-0.0157535,0
21.4,6.6,0,0.214618,-0.0150948,0
21.4,6.7,0,0.223191,-0.0142353,0
21.4,6.8,0,0.232473,-0.0146496,0
21.4,6.9,0,0.240601,-0.0141542,0
21.4,7,0,0.247474,-0.0126209,0
21.4,7.1,0,0.255908,-0.0130863,0
21.4,7.2,0,0.262595,-0.0125486,0
21.4,7.3,0,0.268242,-0.0114024,0
21.4,7.4,0,0.274024,-0.0110102,0
21.4,7.5,0,0.279372,-0.0108194,0
21.4,7.6,0,0.283742,-0.0100724,0
21.4,7.7,0,0.287106,-0.0090502,0
21.4,7.8,0,0.290998,-0.0091378,0
21.4,7.9,0,0.294011,-0.0086667,0
21.4,8,0,0.295835,-0.00748658,0
21.4,8.1,0,0.298301,-0.00757836,0
21.4,8.2,0,0.300093,-0.00723921,0
21.4,8.3,0,0.301291,-0.00649366,0
21.4,8.4,0,0.302406,-0.00612139,0
21.4,8.5,0,0.30354,-0.00603175,0
21.4,8.6,0,0.304321,-0.00563037,0
21.4,8.7,0,0.304615,-0.00496755,0
21.4,8.8,0,0.305315,-0.00504215,0
21.4,8.9,0,0.305744,-0.00480611,0
21.4,9,0,0.30574,-0.00419768,0
21.4,9.1,0,0.306071,-0.00420703,0
21.4,9.2,0,0.306268,-0.00406246,0
21.4,9.3,0,0.306256,-0.00371095,0
21.4,9.4,0,0.306248,-0.00349297,0
21.4,9.5,0,0.306357,-0.00346628,0
21.4,9.6,0,0.306351,-0.00328907,0
21.4,9.7,0,0.306147,-0.00294326,0
21.4,9.8,0,0.306201,-0.00298897,0
21.4,9.9,0,0.306154,-0.00287659,0
21.4,10,0,0.305942,-0.00259677,0
21.4,10.1,0,0.305888,-0.00258108,0
21.4,10.2,0,0.305811,-0.00251894,0
21.4,10.3,0,0.30565,-0.00235873,0
21.4,10.4,0,0.305486,-0.00223964,0
21.4,10.5,0,0.305399,-0.00223374,0
21.4,10.6,0,0.30527,-0.00215521,0
21.4,10.7,0,0.305045,-0.00197556,0
21.4,10.8,0,0.304947,-0.00200841,0
21.4,10.9,0,0.304813,-0.001956,0
21.4,11,0,0.304617,-0.00182367,0
21.4,11.1,0,0.304476,-0.00181554,0
21.4,11.2,0,0.304348,-0.0017954,0
21.4,11.3,0,0.304194,-0.00172272,0
21.4,11.4,0,0.304034,-0.00166266,0
21.4,11.5,0,0.30392,-0.00167762,0
21.4,11.6,0,0.303807,-0.00164988,0
21.4,11.7,0,0.303665,-0.00155267,0
21.4,11.8,0,0.303574,-0.00159777,0
21.4,11.9,0,0.303499,-0.00158197,0
21.4,12,0,0.303416,-0.00151857,0
21.4,12.1,0,0.303357,-0.00153096,0
21.4,12.2,0,0.303321,-0.00153914,0
21.4,12.3,0,0.303289,-0.0015087,0
21.4,12.4,0,0.303268,-0.00148026,0
21.4,12.5,0,0.303265,-0.00151489,0
21.4,12.6,0,0.30326,-0.00151134,0
21.4,12.7,0,0.303245,-0.00144829,0
21.5,0,0,0.304563,0.00615261,0
21.5,0.1,0,0.304543,0.006087,0
21.5,0.2,0,0.30456,0.00607539,0
21.5,0.3,0,0.304582,0.00604957,0
21.5,0.4,0,0.304635,0.00602313,0
21.5,0.5,0,0.304719,0.00605783,0
21.5,0.6,0,0.304767,0.00595563,0
21.5,0.7,0,0.304867,0.00592334,0
21.5,0.8,0,0.304966,0.00587455,0
21.5,0.9,0,0.305116,0.00583534,0
21.5,1,0,0.305303,0.00587216,0
21.5,1.1,0,0.305433,0.00572806,0
21.5,1.2,0,0.305628,0.00567917,0
21.5,1.3,0,0.305806,0.00559814,0
21.5,1.4,0,0.306027,0.00553765,0
21.5,1.5,0,0.306288,0.00558298,0
21.5,1.6,0,0.306435,0.00536895,0
21.5,1.7,0,0.306651,0.00529525,0
21.5,1.8,0,0.306811,0.00517066,0
21.5,1.9,0,0.306965,0.00508253,0
21.5,2,0,0.307146,0.00515045,0
21.5,2.1,0,0.307109,0.00483826,0
21.5,2.2,0,0.307112,0.00473555,0
21.5,2.3,0,0.306969,0.00456336,0
21.5,2.4,0,0.306677,0.00444718,0
21.5,2.5,0,0.306363,0.00456109,0
21.5,2.6,0,0.305596,0.00413327,0
21.5,2.7,0,0.30479,0.00400527,0
21.5,2.8,0,0.303608,0.00379973,0
21.5,2.9,0,0.301991,0.00365967,0
21.5,3,0,0.300268,0.00384654,0
21.5,3.1,0,0.297619,0.00329563,0
21.5,3.2,0,0.294846,0.00313645,0
21.5,3.3,0,0.291297,0.00291013,0
21.5,3.4,0,0.287043,0.00271153,0
21.5,3.5,0,0.282628,0.00295022,0
21.5,3.6,0,0.276732,0.00221656,0
21.5,3.7,0,0.270814,0.00194043,0
21.5,3.8,0,0.263829,0.00161008,0
21.5,3.9,0,0.256342,0.00120298,0
21.5,4,0,0.248853,0.00134841,0
21.5,4.1,0,0.239821,0.000240449,0
21.5,4.2,0,0.231207,-0.000350853,0
21.5,4.3,0,0.221927,-0.00100285,0
21.5,4.4,0,0.212949,-0.00180615,0
21.5,4.5,0,0.2044,-0.00192269,0
21.5,4.6,0,0.195144,-0.00356944,0
21.5,4.7,0,0.186749,-0.00456616,0
21.5,4.8,0,0.17894,-0.00559105,0
21.5,4.9,0,0.172949,-0.00652975,0
21.5,5,0,0.168172,-0.00656553,0
21.5,5.1,0,0.160707,-0.00805273,0
21.5,5.2,0,0.156509,-0.00910994,0
21.5,5.3,0,0.15351,-0.010124,0
21.5,5.4,0,0.151769,-0.0110761,0
21.5,5.5,0,0.151315,-0.0119481,0
21.5,5.6,0,0.152153,-0.0127245,0
21.5,5.7,0,0.154254,-0.013393,0
21.5,5.8,0,0.157564,-0.0139445,0
21.5,5.9,0,0.162001,-0.0143727,0
21.5,6,0,0.170846,-0.0148102,0
21.5,6.1,0,0.176166,-0.0157149,0
21.5,6.2,0,0.182157,-0.0156886,0
21.5,6.3,0,0.188518,-0.0153782,0
21.5,6.4,0,0.197318,-0.0154941,0
21.5,6.5,0,0.205738,-0.0151862,0
21.5,6.6,0,0.214159,-0.0148783,0
21.5,6.7,0,0.222795,-0.0142244,0
21.5,6.8,0,0.231335,-0.014054,0
21.5,6.9,0,0.239462,-0.0135586,0
21.5,7,0,0.246924,-0.0125116,0
21.5,7.1,0,0.254588,-0.0125106,0
21.5,7.2,0,0.261233,-0.0119472,0
21.5,7.3,0,0.267633,-0.011241,0
21.5,7.4,0,0.273319,-0.0107925,0
21.5,7.5,0,0.278059,-0.0102507,0
21.5,7.6,0,0.2828,-0.00970884,0
21.5,7.7,0,0.286513,-0.00887991,0
21.5,7.8,0,0.289879,-0.00863329,0
21.5,7.9,0,0.292892,-0.00816219,0
21.5,8,0,0.295306,-0.00733331,0
21.5,8.1,0,0.297475,-0.00719869,0
21.5,8.2,0,0.299207,-0.00681385,0
21.5,8.3,0,0.300847,-0.00636667,0
21.5,8.4,0,0.301956,-0.0059895,0
21.5,8.5,0,0.302863,-0.00568586,0
21.5,8.6,0,0.303771,-0.00538222,0
21.5,8.7,0,0.304256,-0.00486649,0
21.5,8.8,0,0.304804,-0.00476728,0
21.5,8.9,0,0.305232,-0.00453125,0
21.5,9,0,0.305456,-0.00411851,0
21.5,9.1,0,0.305713,-0.00403005,0
21.5,9.2,0,0.305881,-0.00384677,0
21.5,9.3,0,0.306033,-0.00364913,0
21.5,9.4,0,0.306025,-0.00343115,0
21.5,9.5,0,0.306061,-0.00329792,0
21.5,9.6,0,0.30609,-0.00315475,0
21.5,9.7,0,0.305973,-0.00289495,0
21.5,9.8,0,0.305974,-0.00285759,0
21.5,9.9,0,0.305926,-0.00274521,0
21.5,10,0,0.305806,-0.00255907,0
21.5,10.1,0,0.305729,-0.00250421,0
21.5,10.2,0,0.305636,-0.00241604,0
21.5,10.3,0,0.305543,-0.00232786,0
21.5,10.4,0,0.30538,-0.00221042,0
21.5,10.5,0,0.305266,-0.00215261,0
21.5,10.6,0,0.305146,-0.00208395,0
21.5,10.7,0,0.304964,-0.0019532,0
21.5,10.8,0,0.304848,-0.00194382,0
21.5,10.9,0,0.304715,-0.00189141,0
21.5,11,0,0.304556,-0.00180688,0
21.5,11.1,0,0.304411,-0.00178159,0
21.5,11.2,0,0.304279,-0.00174322,0
21.5,11.3,0,0.304147,-0.00170485,0
21.5,11.4,0,0.30399,-0.00165028,0
21.5,11.5,0,0.303878,-0.00163435,0
21.5,11.6,0,0.303765,-0.0016084,0
21.5,11.7,0,0.303636,-0.00154356,0
21.5,11.8,0,0.303553,-0.00156013,0
21.5,11.9,0,0.303477,-0.00154433,0
21.5,12,0,0.303399,-0.00151152,0
21.5,12.1,0,0.303343,-0.00151368,0
21.5,12.2,0,0.303311,-0.00150439,0
21.5,12.3,0,0.303279,-0.0014951,0
21.5,12.4,0,0.303258,-0.00147385,0
21.5,12.5,0,0.303253,-0.00148197,0
21.5,12.6,0,0.303248,-0.00147842,0
21.5,12.7,0,0.303238,-0.00144181,0
21.6,0,0,0.304589,0.0061878,0
21.6,0.1,0,0.304598,0.00616539,0
21.6,0.2,0,0.304614,0.00615378,0
21.6,0.3,0,0.304646,0.0061334,0
21.6,0.4,0,0.304699,0.00610697,0
21.6,0.5,0,0.304759,0.00609276,0
21.6,0.6,0,0.304848,0.00604649,0
21.6,0.7,0,0.304947,0.0060142,0
21.6,0.8,0,0.305067,0.00597585,0
21.6,0.9,0,0.305216,0.00593664,0
21.6,1,0,0.305374,0.00591264,0
21.6,1.1,0,0.305555,0.00584471,0
21.6,1.2,0,0.305749,0.00579582,0
21.6,1.3,0,0.305951,0.00573587,0
21.6,1.4,0,0.306172,0.00567538,0
21.6,1.5,0,0.306401,0.00563606,0
21.6,1.6,0,0.306603,0.00553429,0
21.6,1.7,0,0.306818,0.00546059,0
21.6,1.8,0,0.306998,0.00537094,0
21.6,1.9,0,0.307152,0.00528281,0
21.6,2,0,0.307312,0.00522589,0
21.6,2.1,0,0.307308,0.00508128,0
21.6,2.2,0,0.307311,0.00497857,0
21.6,2.3,0,0.307167,0.00485658,0
21.6,2.4,0,0.306875,0.00474039,0
21.6,2.5,0,0.306578,0.00467022,0
21.6,2.6,0,0.30578,0.00448226,0
21.6,2.7,0,0.304974,0.00435426,0
21.6,2.8,0,0.303768,0.00420593,0
21.6,2.9,0,0.302152,0.00406587,0
21.6,3,0,0.300514,0.0039912,0
21.6,3.1,0,0.297766,0.00375368,0
21.6,3.2,0,0.294993,0.00359451,0
21.6,3.3,0,0.291472,0.00340613,0
21.6,3.4,0,0.287218,0.00320752,0
21.6,3.5,0,0.282931,0.00309638,0
21.6,3.6,0,0.277018,0.00272874,0
21.6,3.7,0,0.271101,0.00245262,0
21.6,3.8,0,0.264342,0.00211325,0
21.6,3.9,0,0.256854,0.00170615,0
21.6,4,0,0.249366,0.00140955,0
21.6,4.1,0,0.240668,0.000714915,0
21.6,4.2,0,0.232054,0.000123613,0
21.6,4.3,0,0.223161,-0.000564624,0
21.6,4.4,0,0.214183,-0.00136792,0
21.6,4.5,0,0.205291,-0.00203386,0
21.6,4.6,0,0.196724,-0.00316059,0
21.6,4.7,0,0.188329,-0.00415732,0
21.6,4.8,0,0.181014,-0.00513647,0
21.6,4.9,0,0.175023,-0.00607517,0
21.6,5,0,0.169275,-0.00683328,0
21.6,5.1,0,0.161797,-0.00835362,0
21.6,5.2,0,0.157566,-0.00942875,0
21.6,5.3,0,0.154514,-0.0104543,0
21.6,5.4,0,0.152699,-0.0114112,0
21.6,5.5,0,0.152156,-0.0122812,0
21.6,5.6,0,0.152889,-0.0130487,0
21.6,5.7,0,0.154876,-0.0137018,0
21.6,5.8,0,0.158064,-0.0142319,0
21.6,5.9,0,0.162376,-0.0146332,0
21.6,6,0,0.171023,-0.0150205,0
21.6,6.1,0,0.17688,-0.0151804,0
21.6,6.2,0,0.182871,-0.0151542,0
21.6,6.3,0,0.188862,-0.0151279,0
21.6,6.4,0,0.196752,-0.0149268,0
21.6,6.5,0,0.205173,-0.0146189,0
21.6,6.6,0,0.213593,-0.014311,0
21.6,6.7,0,0.222069,-0.0139539,0
21.6,6.8,0,0.230197,-0.0134585,0
21.6,6.9,0,0.238324,-0.0129631,0
21.6,7,0,0.246373,-0.0124024,0
21.6,7.1,0,0.253227,-0.0119092,0
21.6,7.2,0,0.259871,-0.0113458,0
21.6,7.3,0,0.266516,-0.0107824,0
21.6,7.4,0,0.272006,-0.0102237,0
21.6,7.5,0,0.276747,-0.00968191,0
21.6,7.6,0,0.281488,-0.00914009,0
21.6,7.7,0,0.285748,-0.00859988,0
21.6,7.8,0,0.288761,-0.00812878,0
21.6,7.9,0,0.291774,-0.00765769,0
21.6,8,0,0.294776,-0.00718003,0
21.6,8.1,0,0.296589,-0.00677334,0
21.6,8.2,0,0.298321,-0.0063885,0
21.6,8.3,0,0.300053,-0.00600366,0
21.6,8.4,0,0.301279,-0.00564361,0
21.6,8.5,0,0.302186,-0.00533997,0
21.6,8.6,0,0.303094,-0.00503633,0
21.6,8.7,0,0.303864,-0.00472846,0
21.6,8.8,0,0.304293,-0.00449242,0
21.6,8.9,0,0.304721,-0.00425638,0
21.6,9,0,0.30515,-0.00402035,0
21.6,9.1,0,0.305326,-0.00381436,0
21.6,9.2,0,0.305493,-0.00363107,0
21.6,9.3,0,0.305661,-0.00344779,0
21.6,9.4,0,0.305736,-0.00327273,0
21.6,9.5,0,0.305765,-0.00312956,0
21.6,9.6,0,0.305794,-0.00298638,0
21.6,9.7,0,0.305794,-0.00283858,0
21.6,9.8,0,0.305747,-0.0027262,0
21.6,9.9,0,0.305699,-0.00261383,0
21.6,10,0,0.305651,-0.00250145,0
21.6,10.1,0,0.305554,-0.00240131,0
21.6,10.2,0,0.305461,-0.00231314,0
21.6,10.3,0,0.305369,-0.00222496,0
21.6,10.4,0,0.305253,-0.00214013,0
21.6,10.5,0,0.305133,-0.00207147,0
21.6,10.6,0,0.305013,-0.00200281,0
21.6,10.7,0,0.304883,-0.00193085,0
21.6,10.8,0,0.30475,-0.00187923,0
21.6,10.9,0,0.304616,-0.00182682,0
21.6,11,0,0.304483,-0.0017744,0
21.6,11.1,0,0.304343,-0.00172942,0
21.6,11.2,0,0.304211,-0.00169105,0
21.6,11.3,0,0.304078,-0.00165267,0
21.6,11.4,0,0.303948,-0.00161704,0
21.6,11.5,0,0.303835,-0.00159109,0
21.6,11.6,0,0.303723,-0.00156513,0
21.6,11.7,0,0.303608,-0.00153445,0
21.6,11.8,0,0.303531,-0.00152249,0
21.6,11.9,0,0.303456,-0.00150669,0
21.6,12,0,0.30338,-0.00149089,0
21.6,12.1,0,0.303333,-0.00147892,0
21.6,12.2,0,0.303301,-0.00146963,0
21.6,12.3,0,0.303269,-0.00146034,0
21.6,12.4,0,0.303247,-0.0014526,0
21.6,12.5,0,0.303242,-0.00144905,0
21.6,12.6,0,0.303237,-0.0014455,0
21.6,12.7,0,0.30323,-0.00143533,0
21.7,0,0,0.304607,0.00626776,0
21.7,0.1,0,0.304644,0.0062494,0
21.7,0.2,0,0.30466,0.00623779,0
21.7,0.3,0,0.3047,0.0062188,0
21.7,0.4,0,0.304753,0.00619236,0
21.7,0.5,0,0.304782,0.00617848,0
21.7,0.6,0,0.304916,0.00613862,0
21.7,0.7,0,0.305015,0.00610634,0
21.7,0.8,0,0.305155,0.00607923,0
21.7,0.9,0,0.305304,0.00604003,0
21.7,1,0,0.305408,0.00601557,0
21.7,1.1,0,0.305668,0.00596396,0
21.7,1.2,0,0.305862,0.00591507,0
21.7,1.3,0,0.306093,0.0058766,0
21.7,1.4,0,0.306314,0.00581612,0
21.7,1.5,0,0.306452,0.0057705,0
21.7,1.6,0,0.306777,0.00570302,0
21.7,1.7,0,0.306992,0.00562932,0
21.7,1.8,0,0.307208,0.00557481,0
21.7,1.9,0,0.307362,0.00548668,0
21.7,2,0,0.307384,0.00541077,0
21.7,2.1,0,0.307556,0.00532777,0
21.7,2.2,0,0.30756,0.00522506,0
21.7,2.3,0,0.307458,0.00515284,0
21.7,2.4,0,0.307166,0.00503665,0
21.7,2.5,0,0.306674,0.00492648,0
21.7,2.6,0,0.306119,0.00483391,0
21.7,2.7,0,0.305313,0.00470591,0
21.7,2.8,0,0.304165,0.0046153,0
21.7,2.9,0,0.302549,0.00447524,0
21.7,3,0,0.300647,0.00433096,0
21.7,3.1,0,0.298236,0.00421781,0
21.7,3.2,0,0.295463,0.00405864,0
21.7,3.3,0,0.29204,0.00391513,0
21.7,3.4,0,0.287786,0.00371653,0
21.7,3.5,0,0.283185,0.00350152,0
21.7,3.6,0,0.277716,0.00326544,0
21.7,3.7,0,0.271799,0.00298931,0
21.7,3.8,0,0.265203,0.00265529,0
21.7,3.9,0,0.257715,0.00224819,0
21.7,4,0,0.249922,0.00182374,0
21.7,4.1,0,0.241712,0.00123964,0
21.7,4.2,0,0.233097,0.000648338,0
21.7,4.3,0,0.224374,-7.40781e-05,0
21.7,4.4,0,0.215396,-0.000877371,0
21.7,4.5,0,0.206251,-0.00166376,0
21.7,4.6,0,0.198042,-0.00271047,0
21.7,4.7,0,0.189648,-0.0037072,0
21.7,4.8,0,0.182186,-0.00475124,0
21.7,4.9,0,0.176195,-0.00568994,0
21.7,5,0,0.170406,-0.00650561,0
21.7,5.1,0,0.1629,-0.00803288,0
21.7,5.2,0,0.158624,-0.00911118,0
21.7,5.3,0,0.155505,-0.0101387,0
21.7,5.4,0,0.153606,-0.0110963,0
21.7,5.5,0,0.152961,-0.0119657,0
21.7,5.6,0,0.153579,-0.0127314,0
21.7,5.7,0,0.155441,-0.0133813,0
21.7,5.8,0,0.158499,-0.0139071,0
21.7,5.9,0,0.162676,-0.0143029,0
21.7,6,0,0.171116,-0.0146775,0
21.7,6.1,0,0.17618,-0.0147469,0
21.7,6.2,0,0.182171,-0.0147207,0
21.7,6.3,0,0.188162,-0.0146945,0
21.7,6.4,0,0.196025,-0.0144412,0
21.7,6.5,0,0.204446,-0.0141332,0
21.7,6.6,0,0.212866,-0.0138253,0
21.7,6.7,0,0.22129,-0.0133976,0
21.7,6.8,0,0.22941,-0.0129029,0
21.7,6.9,0,0.237538,-0.0124075,0
21.7,7,0,0.245697,-0.0118951,0
21.7,7.1,0,0.252475,-0.0113119,0
21.7,7.2,0,0.25912,-0.0107485,0
21.7,7.3,0,0.265765,-0.0101851,0
21.7,7.4,0,0.271317,-0.00963682,0
21.7,7.5,0,0.276058,-0.00909499,0
21.7,7.6,0,0.280799,-0.00855317,0
21.7,7.7,0,0.28512,-0.00806995,0
21.7,7.8,0,0.288139,-0.00759659,0
21.7,7.9,0,0.291152,-0.00712549,0
21.7,8,0,0.294204,-0.00669073,0
21.7,8.1,0,0.296037,-0.00631974,0
21.7,8.2,0,0.297769,-0.0059349,0
21.7,8.3,0,0.299501,-0.00555007,0
21.7,8.4,0,0.300802,-0.00527332,0
21.7,8.5,0,0.301709,-0.00496968,0
21.7,8.6,0,0.302617,-0.00466603,0
21.7,8.7,0,0.303507,-0.00442388,0
21.7,8.8,0,0.303892,-0.00419813,0
21.7,8.9,0,0.30432,-0.0039621,0
21.7,9,0,0.304832,-0.00373661,0
21.7,9.1,0,0.304997,-0.00358389,0
21.7,9.2,0,0.305164,-0.0034006,0
21.7,9.3,0,0.305332,-0.00321732,0
21.7,9.4,0,0.305472,-0.00309314,0
21.7,9.5,0,0.305501,-0.00294996,0
21.7,9.6,0,0.30553,-0.00280679,0
21.7,9.7,0,0.30563,-0.00268517,0
21.7,9.8,0,0.305537,-0.00258609,0
21.7,9.9,0,0.30549,-0.00247371,0
21.7,10,0,0.30548,-0.00236239,0
21.7,10.1,0,0.305391,-0.00229146,0
21.7,10.2,0,0.305298,-0.00220328,0
21.7,10.3,0,0.305205,-0.00211511,0
21.7,10.4,0,0.305127,-0.00205329,0
21.7,10.5,0,0.305007,-0.00198463,0
21.7,10.6,0,0.304887,-0.00191597,0
21.7,10.7,0,0.304815,-0.00185414,0
21.7,10.8,0,0.304654,-0.0018098,0
21.7,10.9,0,0.30452,-0.00175739,0
21.7,11,0,0.304398,-0.00170541,0
21.7,11.1,0,0.304271,-0.00167297,0
21.7,11.2,0,0.304139,-0.0016346,0
21.7,11.3,0,0.304007,-0.00159623,0
21.7,11.4,0,0.303896,-0.00156999,0
21.7,11.5,0,0.303783,-0.00154404,0
21.7,11.6,0,0.303671,-0.00151809,0
21.7,11.7,0,0.303588,-0.00149565,0
21.7,11.8,0,0.303495,-0.00148204,0
21.7,11.9,0,0.30342,-0.00146624,0
21.7,12,0,0.303346,-0.00145063,0
21.7,12.1,0,0.303309,-0.00144275,0
21.7,12.2,0,0.303277,-0.00143346,0
21.7,12.3,0,0.303245,-0.00142417,0
21.7,12.4,0,0.303232,-0.00141738,0
21.7,12.5,0,0.303227,-0.00141383,0
21.7,12.6,0,0.303222,-0.00141027,0
21.7,12.7,0,0.303225,-0.00140947,0
21.8,0,0,0.304624,0.00636265,0
21.8,0.1,0,0.304688,0.00633528,0
21.8,0.2,0,0.304699,0.00632589,0
21.8,0.3,0,0.304744,0.00630692,0
21.8,0.4,0,0.304804,0.00627827,0
21.8,0.5,0,0.304801,0.00628114,0
21.8,0.6,0,0.30498,0.00623117,0
21.8,0.7,0,0.305071,0.00620268,0
21.8,0.8,0,0.305226,0.00618479,0
21.8,0.9,0,0.305388,0.0061441,0
21.8,1,0,0.305431,0.00613932,0
21.8,1.1,0,0.305777,0.00608408,0
21.8,1.2,0,0.305955,0.00603921,0
21.8,1.3,0,0.30621,0.00601803,0
21.8,1.4,0,0.306454,0.00595786,0
21.8,1.5,0,0.306482,0.00593205,0
21.8,1.6,0,0.306952,0.00587288,0
21.8,1.7,0,0.307139,0.0058029,0
21.8,1.8,0,0.307389,0.00577655,0
21.8,1.9,0,0.30758,0.00569174,0
21.8,2,0,0.307425,0.00563212,0
21.8,2.1,0,0.307822,0.00557541,0
21.8,2.2,0,0.307782,0.00547526,0
21.8,2.3,0,0.307726,0.00544275,0
21.8,2.4,0,0.307489,0.00533393,0
21.8,2.5,0,0.306729,0.00523179,0
21.8,2.6,0,0.306511,0.00518645,0
21.8,2.7,0,0.30564,0.00505882,0
21.8,2.8,0,0.304559,0.00501452,0
21.8,2.9,0,0.303024,0.00488566,0
21.8,3,0,0.300742,0.00473576,0
21.8,3.1,0,0.298815,0.00468396,0
21.8,3.2,0,0.295955,0.00452199,0
21.8,3.3,0,0.292629,0.00441623,0
21.8,3.4,0,0.288485,0.00422986,0
21.8,3.5,0,0.283423,0.003993,0
21.8,3.6,0,0.278551,0.0038103,0
21.8,3.7,0,0.272543,0.0035289,0
21.8,3.8,0,0.266061,0.00320299,0
21.8,3.9,0,0.258692,0.00280318,0
21.8,4,0,0.250492,0.00235563,0
21.8,4.1,0,0.242821,0.00178112,0
21.8,4.2,0,0.234142,0.00118834,0
21.8,4.3,0,0.225495,0.000439127,0
21.8,4.4,0,0.216601,-0.000369386,0
21.8,4.5,0,0.207234,-0.00113324,0
21.8,4.6,0,0.199274,-0.00224659,0
21.8,4.7,0,0.190856,-0.00323075,0
21.8,4.8,0,0.183106,-0.00435622,0
21.8,4.9,0,0.177067,-0.00532784,0
21.8,5,0,0.171547,-0.00597946,0
21.8,5.1,0,0.164007,-0.00750494,0
21.8,5.2,0,0.159682,-0.00858148,0
21.8,5.3,0,0.156493,-0.00960779,0
21.8,5.4,0,0.154505,-0.0105648,0
21.8,5.5,0,0.153755,-0.0114341,0
21.8,5.6,0,0.154254,-0.0122002,0
21.8,5.7,0,0.155988,-0.012851,0
21.8,5.8,0,0.158911,-0.0133782,0
21.8,5.9,0,0.162952,-0.0137756,0
21.8,6,0,0.171181,-0.0141501,0
21.8,6.1,0,0.175009,-0.0143472,0
21.8,6.2,0,0.181,-0.0143209,0
21.8,6.3,0,0.187848,-0.0141674,0
21.8,6.4,0,0.195373,-0.0139638,0
21.8,6.5,0,0.203665,-0.0136748,0
21.8,6.6,0,0.212119,-0.0133545,0
21.8,6.7,0,0.220766,-0.0128443,0
21.8,6.8,0,0.22874,-0.0123605,0
21.8,6.9,0,0.236868,-0.0118651,0
21.8,7,0,0.245076,-0.0113261,0
21.8,7.1,0,0.251928,-0.010716,0
21.8,7.2,0,0.258572,-0.0101526,0
21.8,7.3,0,0.265183,-0.00961629,0
21.8,7.4,0,0.270797,-0.00905468,0
21.8,7.5,0,0.275577,-0.00850203,0
21.8,7.6,0,0.280318,-0.00796117,0
21.8,7.7,0,0.284628,-0.00754172,0
21.8,7.8,0,0.287682,-0.00705516,0
21.8,7.9,0,0.290695,-0.00658406,0
21.8,8,0,0.293822,-0.00621938,0
21.8,8.1,0,0.295597,-0.00585674,0
21.8,8.2,0,0.297329,-0.0054719,0
21.8,8.3,0,0.299171,-0.00512878,0
21.8,8.4,0,0.300452,-0.0048826,0
21.8,8.5,0,0.301299,-0.00459124,0
21.8,8.6,0,0.302207,-0.0042876,0
21.8,8.7,0,0.303297,-0.00408731,0
21.8,8.8,0,0.303527,-0.00389737,0
21.8,8.9,0,0.303956,-0.00366133,0
21.8,9,0,0.304675,-0.00346202,0
21.8,9.1,0,0.304687,-0.00334849,0
21.8,9.2,0,0.304855,-0.00316521,0
21.8,9.3,0,0.305136,-0.00299053,0
21.8,9.4,0,0.305298,-0.00288752,0
21.8,9.5,0,0.305247,-0.00276663,0
21.8,9.6,0,0.305276,-0.00262345,0
21.8,9.7,0,0.305538,-0.00250916,0
21.8,9.8,0,0.305334,-0.00244306,0
21.8,9.9,0,0.305286,-0.00233068,0
21.8,10,0,0.305409,-0.00222304,0
21.8,10.1,0,0.305231,-0.00217928,0
21.8,10.2,0,0.305138,-0.00209111,0
21.8,10.3,0,0.305095,-0.00200401,0
21.8,10.4,0,0.305052,-0.00194955,0
21.8,10.5,0,0.304883,-0.0018959,0
21.8,10.6,0,0.304763,-0.00182724,0
21.8,10.7,0,0.304773,-0.00176753,0
21.8,10.8,0,0.304558,-0.00173876,0
21.8,10.9,0,0.304425,-0.00168635,0
21.8,11,0,0.304367,-0.00163692,0
21.8,11.1,0,0.304199,-0.00161495,0
21.8,11.2,0,0.304066,-0.00157674,0
21.8,11.3,0,0.303952,-0.00153948,0
21.8,11.4,0,0.303868,-0.00151635,0
21.8,11.5,0,0.303728,-0.00149573,0
21.8,11.6,0,0.303615,-0.00146977,0
21.8,11.7,0,0.303574,-0.00145083,0
21.8,11.8,0,0.303454,-0.00144066,0
21.8,11.9,0,0.303379,-0.00142486,0
21.8,12,0,0.303338,-0.00141262,0
21.8,12.1,0,0.303283,-0.00140592,0
21.8,12.2,0,0.303249,-0.00139681,0
21.8,12.3,0,0.303223,-0.00138822,0
21.8,12.4,0,0.303227,-0.00138344,0
21.8,12.5,0,0.303211,-0.00137783,0
21.8,12.6,0,0.303206,-0.00137428,0
21.8,12.7,0,0.303221,-0.00137715,0
21.9,0,0,0.304641,0.00645754,0
21.9,0.1,0,0.304732,0.00642116,0
21.9,0.2,0,0.304716,0.00642284,0
21.9,0.3,0,0.304761,0.00640387,0
21.9,0.4,0,0.304854,0.00636419,0
21.9,0.5,0,0.304819,0.0063838,0
21.9,0.6,0,0.305044,0.00632373,0
21.9,0.7,0,0.305091,0.00631417,0
21.9,0.8,0,0.305246,0.00629629,0
21.9,0.9,0,0.305472,0.00624818,0
21.9,1,0,0.305454,0.00626308,0
21.9,1.1,0,0.305886,0.00620421,0
21.9,1.2,0,0.305981,0.0061794,0
21.9,1.3,0,0.306236,0.00615823,0
21.9,1.4,0,0.306594,0.0060996,0
21.9,1.5,0,0.306513,0.00609361,0
21.9,1.6,0,0.307128,0.00604274,0
21.9,1.7,0,0.307175,0.00599135,0
21.9,1.8,0,0.307424,0.005965,0
21.9,1.9,0,0.307797,0.00589681,0
21.9,2,0,0.307466,0.00585347,0
21.9,2.1,0,0.308087,0.00582306,0
21.9,2.2,0,0.307829,0.00573572,0
21.9,2.3,0,0.307773,0.00570321,0
21.9,2.4,0,0.307811,0.00563121,0
21.9,2.5,0,0.306784,0.00553709,0
21.9,2.6,0,0.306902,0.00553899,0
21.9,2.7,0,0.305709,0.00541322,0
21.9,2.8,0,0.304628,0.00536891,0
21.9,2.9,0,0.3035,0.00529609,0
21.9,3,0,0.300837,0.00514055,0
21.9,3.1,0,0.299393,0.00515012,0
21.9,3.2,0,0.296102,0.00497416,0
21.9,3.3,0,0.292775,0.0048684,0
21.9,3.4,0,0.289184,0.0047432,0
21.9,3.5,0,0.283661,0.00448447,0
21.9,3.6,0,0.279387,0.00435516,0
21.9,3.7,0,0.272923,0.00404741,0
21.9,3.8,0,0.26644,0.0037215,0
21.9,3.9,0,0.25967,0.00335817,0
21.9,4,0,0.251062,0.00288751,0
21.9,4.1,0,0.24393,0.00232259,0
21.9,4.2,0,0.234927,0.00172242,0
21.9,4.3,0,0.226281,0.000973209,0
21.9,4.4,0,0.217807,0.0001386,0
21.9,4.5,0,0.208218,-0.000602713,0
21.9,4.6,0,0.200505,-0.00178271,0
21.9,4.7,0,0.191969,-0.00270404,0
21.9,4.8,0,0.184219,-0.00382951,0
21.9,4.9,0,0.177939,-0.00496573,0
21.9,5,0,0.172688,-0.00545331,0
21.9,5.1,0,0.165115,-0.006977,0
21.9,5.2,0,0.16074,-0.00805179,0
21.9,5.3,0,0.157481,-0.00907686,0
21.9,5.4,0,0.155404,-0.0100333,0
21.9,5.5,0,0.154548,-0.0109025,0
21.9,5.6,0,0.154929,-0.011669,0
21.9,5.7,0,0.156534,-0.0123207,0
21.9,5.8,0,0.159323,-0.0128494,0
21.9,5.9,0,0.163228,-0.0132482,0
21.9,6,0,0.171245,-0.0136226,0
21.9,6.1,0,0.174377,-0.0138917,0
21.9,6.2,0,0.179829,-0.0139211,0
21.9,6.3,0,0.187589,-0.0136322,0
21.9,6.4,0,0.195114,-0.0134286,0
21.9,6.5,0,0.202885,-0.0132164,0
21.9,6.6,0,0.211595,-0.0128011,0
21.9,6.7,0,0.220242,-0.0122909,0
21.9,6.8,0,0.228071,-0.0118182,0
21.9,6.9,0,0.236214,-0.0113142,0
21.9,7,0,0.244455,-0.0107571,0
21.9,7.1,0,0.25134,-0.010135,0
21.9,7.2,0,0.258024,-0.00955674,0
21.9,7.3,0,0.264595,-0.00905326,0
21.9,7.4,0,0.270209,-0.00849164,0
21.9,7.5,0,0.275096,-0.00790906,0
21.9,7.6,0,0.279826,-0.00743294,0
21.9,7.7,0,0.284136,-0.0070135,0
21.9,7.8,0,0.287225,-0.00651373,0
21.9,7.9,0,0.290254,-0.00605701,0
21.9,8,0,0.29344,-0.00574803,0
21.9,8.1,0,0.295196,-0.00538816,0
21.9,8.2,0,0.296889,-0.00500889,0
21.9,8.3,0,0.298886,-0.00472463,0
21.9,8.4,0,0.300167,-0.00447844,0
21.9,8.5,0,0.300889,-0.0042128,0
21.9,8.6,0,0.301976,-0.00394681,0
21.9,8.7,0,0.303086,-0.00375074,0
21.9,8.8,0,0.303163,-0.00359661,0
21.9,8.9,0,0.30361,-0.00336291,0
21.9,9,0,0.304518,-0.00318742,0
21.9,9.1,0,0.304497,-0.00308238,0
21.9,9.2,0,0.304545,-0.00292981,0
21.9,9.3,0,0.305016,-0.00276963,0
21.9,9.4,0,0.305179,-0.00266662,0
21.9,9.5,0,0.304993,-0.00258329,0
21.9,9.6,0,0.305149,-0.00244586,0
21.9,9.7,0,0.305446,-0.00233315,0
21.9,9.8,0,0.305141,-0.00229707,0
21.9,9.9,0,0.305083,-0.00218765,0
21.9,10,0,0.305337,-0.00208369,0
21.9,10.1,0,0.305151,-0.00204267,0
21.9,10.2,0,0.304978,-0.00197893,0
21.9,10.3,0,0.30504,-0.00189411,0
21.9,10.4,0,0.304996,-0.00183964,0
21.9,10.5,0,0.304759,-0.00180716,0
21.9,10.6,0,0.304694,-0.00173992,0
21.9,10.7,0,0.304731,-0.00168091,0
21.9,10.8,0,0.304474,-0.00166453,0
21.9,10.9,0,0.30433,-0.00161531,0
21.9,11,0,0.304335,-0.00156842,0
21.9,11.1,0,0.304168,-0.00154646,0
21.9,11.2,0,0.303993,-0.00151887,0
21.9,11.3,0,0.303931,-0.00148471,0
21.9,11.4,0,0.303847,-0.00146158,0
21.9,11.5,0,0.303673,-0.00144742,0
21.9,11.6,0,0.303583,-0.00142339,0
21.9,11.7,0,0.303561,-0.001406,0
21.9,11.8,0,0.303422,-0.00139818,0
21.9,11.9,0,0.303338,-0.00138349,0
21.9,12,0,0.303331,-0.00137462,0
21.9,12.1,0,0.303275,-0.00136792,0
21.9,12.2,0,0.30322,-0.00136016,0
21.9,12.3,0,0.303218,-0.00135441,0
21.9,12.4,0,0.303222,-0.00134963,0
21.9,12.5,0,0.303195,-0.00134184,0
21.9,12.6,0,0.303195,-0.00133989,0
21.9,12.7,0,0.303217,-0.00134483,0
22,0,0,0.304657,0.00655243,0
22,0.1,0,0.304758,0.0065129,0
22,0.2,0,0.304733,0.00651979,0
22,0.3,0,0.304778,0.00650082,0
22,0.4,0,0.304884,0.00646099,0
22,0.5,0,0.304838,0.00648646,0
22,0.6,0,0.305079,0.00642285,0
22,0.7,0,0.305111,0.00642566,0
22,0.8,0,0.305267,0.00640778,0
22,0.9,0,0.305516,0.00636505,0
22,1,0,0.305477,0.00638683,0
22,1.1,0,0.30594,0.00632669,0
22,1.2,0,0.306007,0.0063196,0
22,1.3,0,0.306262,0.00629842,0
22,1.4,0,0.306662,0.00625422,0
22,1.5,0,0.306543,0.00625516,0
22,1.6,0,0.30721,0.00620721,0
22,1.7,0,0.30721,0.0061798,0
22,1.8,0,0.307459,0.00615345,0
22,1.9,0,0.3079,0.00611246,0
22,2,0,0.307507,0.00607483,0
22,2.1,0,0.308207,0.00605361,0
22,2.2,0,0.307876,0.00599617,0
22,2.3,0,0.30782,0.00596366,0
22,2.4,0,0.30796,0.00593371,0
22,2.5,0,0.30684,0.00584239,0
22,2.6,0,0.307075,0.00586083,0
22,2.7,0,0.305778,0.00576762,0
22,2.8,0,0.304697,0.00572331,0
22,2.9,0,0.303728,0.00570285,0
22,3,0,0.300932,0.00554535,0
22,3.1,0,0.299657,0.00557639,0
22,3.2,0,0.296248,0.00542632,0
22,3.3,0,0.292922,0.00532056,0
22,3.4,0,0.289583,0.00524232,0
22,3.5,0,0.283898,0.00497595,0
22,3.6,0,0.279834,0.00486532,0
22,3.7,0,0.273302,0.00456592,0
22,3.8,0,0.26682,0.00424001,0
22,3.9,0,0.260382,0.00389815,0
22,4,0,0.251631,0.00341939,0
22,4.1,0,0.244688,0.00285783,0
22,4.2,0,0.235713,0.0022565,0
22,4.3,0,0.227066,0.00150729,0
22,4.4,0,0.218868,0.000661235,0
22,4.5,0,0.209201,-7.21887e-05,0
22,4.6,0,0.201575,-0.00127551,0
22,4.7,0,0.193083,-0.00217733,0
22,4.8,0,0.185333,-0.0033028,0
22,4.9,0,0.178985,-0.004497,0
22,5,0,0.173829,-0.00492716,0
22,5.1,0,0.166222,-0.00644906,0
22,5.2,0,0.161798,-0.00752209,0
22,5.3,0,0.158469,-0.00854594,0
22,5.4,0,0.156303,-0.00950171,0
22,5.5,0,0.155342,-0.0103708,0
22,5.6,0,0.155604,-0.0111378,0
22,5.7,0,0.157081,-0.0117905,0
22,5.8,0,0.159735,-0.0123205,0
22,5.9,0,0.163503,-0.0127209,0
22,6,0,0.17131,-0.0130952,0
22,6.1,0,0.174442,-0.0133642,0
22,6.2,0,0.179229,-0.0134365,0
22,6.3,0,0.18733,-0.013097,0
22,6.4,0,0.194854,-0.0128934,0
22,6.5,0,0.202104,-0.0127579,0
22,6.6,0,0.21107,-0.0122478,0
22,6.7,0,0.219717,-0.0117375,0
22,6.8,0,0.227509,-0.0112677,0
22,6.9,0,0.235593,-0.0107452,0
22,7,0,0.243835,-0.010188,0
22,7.1,0,0.250719,-0.00956594,0
22,7.2,0,0.257456,-0.00897765,0
22,7.3,0,0.264006,-0.00849022,0
22,7.4,0,0.26962,-0.0079286,0
22,7.5,0,0.27461,-0.00731754,0
22,7.6,0,0.279334,-0.00690471,0
22,7.7,0,0.283643,-0.00648527,0
22,7.8,0,0.286738,-0.00598363,0
22,7.9,0,0.289872,-0.00558565,0
22,8,0,0.293059,-0.00527667,0
22,8.1,0,0.294814,-0.0049168,0
22,8.2,0,0.29651,-0.00456916,0
22,8.3,0,0.298601,-0.00432047,0
22,8.4,0,0.299882,-0.00407428,0
22,8.5,0,0.300499,-0.00383015,0
22,8.6,0,0.301766,-0.00361024,0
22,8.7,0,0.302876,-0.00341417,0
22,8.8,0,0.302949,-0.00326097,0
22,8.9,0,0.303453,-0.00308832,0
22,9,0,0.304361,-0.00291283,0
22,9.1,0,0.30434,-0.00280779,0
22,9.2,0,0.304289,-0.00269847,0
22,9.3,0,0.304897,-0.00254874,0
22,9.4,0,0.30506,-0.00244573,0
22,9.5,0,0.304776,-0.00238944,0
22,9.6,0,0.305057,-0.00226984,0
22,9.7,0,0.305355,-0.00215714,0
22,9.8,0,0.305049,-0.00212106,0
22,9.9,0,0.305008,-0.0020482,0
22,10,0,0.305266,-0.00194434,0
22,10.1,0,0.305079,-0.00190332,0
22,10.2,0,0.304836,-0.00186713,0
22,10.3,0,0.304985,-0.0017842,0
22,10.4,0,0.304941,-0.00172973,0
22,10.5,0,0.304662,-0.00171006,0
22,10.6,0,0.304651,-0.00165331,0
22,10.7,0,0.304688,-0.0015943,0
22,10.8,0,0.304432,-0.00157792,0
22,10.9,0,0.304289,-0.00154646,0
22,11,0,0.304304,-0.00149993,0
22,11.1,0,0.304136,-0.00147796,0
22,11.2,0,0.303923,-0.00146116,0
22,11.3,0,0.303909,-0.00142993,0
22,11.4,0,0.303825,-0.0014068,0
22,11.5,0,0.303635,-0.0013958,0
22,11.6,0,0.30357,-0.00137856,0
22,11.7,0,0.303547,-0.00136118,0
22,11.8,0,0.303409,-0.00135335,0
22,11.9,0,0.303322,-0.00134461,0
22,12,0,0.303323,-0.00133661,0
22,12.1,0,0.303268,-0.00132991,0
22,12.2,0,0.303192,-0.00132352,0
22,12.3,0,0.303213,-0.0013206,0
22,12.4,0,0.303217,-0.00131582,0
22,12.5,0,0.303186,-0.00130722,0
22,12.6,0,0.303191,-0.00130757,0
22,12.7,0,0.303213,-0.00131251,0
22.1,0,0,0.304674,0.00664732,0
22.1,0.1,0,0.304772,0.0066089,0
22.1,0.2,0,0.30475,0.00661674,0
22.1,0.3,0,0.304795,0.00659777,0
22.1,0.4,0,0.304899,0.00656475,0
22.1,0.5,0,0.304856,0.00658912,0
22.1,0.6,0,0.305093,0.0065274,0
22.1,0.7,0,0.305132,0.00653716,0
22.1,0.8,0,0.305287,0.00651927,0
22.1,0.9,0,0.305533,0.00648954,0
22.1,1,0,0.3055,0.00651058,0
22.1,1.1,0,0.305954,0.00645244,0
22.1,1.2,0,0.306033,0.00645979,0
22.1,1.3,0,0.306288,0.00643861,0
22.1,1.4,0,0.306681,0.00641562,0
22.1,1.5,0,0.306573,0.00641672,0
22.1,1.6,0,0.307226,0.00637062,0
22.1,1.7,0,0.307245,0.00636825,0
22.1,1.8,0,0.307494,0.0063419,0
22.1,1.9,0,0.307922,0.00633215,0
22.1,2,0,0.307548,0.00629618,0
22.1,2.1,0,0.308226,0.00627625,0
22.1,2.2,0,0.307924,0.00625662,0
22.1,2.3,0,0.307868,0.00622411,0
22.1,2.4,0,0.307988,0.00623533,0
22.1,2.5,0,0.306895,0.0061477,0
22.1,2.6,0,0.307098,0.00616632,0
22.1,2.7,0,0.305846,0.00612201,0
22.1,2.8,0,0.304765,0.0060777,0
22.1,2.9,0,0.303783,0.00610205,0
22.1,3,0,0.301028,0.00595014,0
22.1,3.1,0,0.299709,0.00597979,0
22.1,3.2,0,0.296395,0.00587848,0
22.1,3.3,0,0.293068,0.00577272,0
22.1,3.4,0,0.289766,0.00572768,0
22.1,3.5,0,0.284136,0.00546742,0
22.1,3.6,0,0.280026,0.00535416,0
22.1,3.7,0,0.273682,0.00508443,0
22.1,3.8,0,0.267199,0.00475852,0
22.1,3.9,0,0.260892,0.00442638,0
22.1,4,0,0.252201,0.00395127,0
22.1,4.1,0,0.245226,0.00338898,0
22.1,4.2,0,0.236498,0.00279058,0
22.1,4.3,0,0.227852,0.00204137,0
22.1,4.4,0,0.21981,0.00119437,0
22.1,4.5,0,0.210184,0.000458335,0
22.1,4.6,0,0.202547,-0.000738699,0
22.1,4.7,0,0.194196,-0.00165062,0
22.1,4.8,0,0.186446,-0.00277608,0
22.1,4.9,0,0.18015,-0.00395439,0
22.1,5,0,0.174969,-0.00440101,0
22.1,5.1,0,0.167329,-0.00592111,0
22.1,5.2,0,0.162856,-0.0069924,0
22.1,5.3,0,0.159457,-0.00801502,0
22.1,5.4,0,0.157202,-0.00897017,0
22.1,5.5,0,0.156135,-0.00983922,0
22.1,5.6,0,0.156279,-0.0106066,0
22.1,5.7,0,0.157627,-0.0112602,0
22.1,5.8,0,0.160147,-0.0117916,0
22.1,5.9,0,0.163779,-0.0121936,0
22.1,6,0,0.171375,-0.0125678,0
22.1,6.1,0,0.174507,-0.0128368,0
22.1,6.2,0,0.179122,-0.0128856,0
22.1,6.3,0,0.18707,-0.0125618,0
22.1,6.4,0,0.194595,-0.0123582,0
22.1,6.5,0,0.202019,-0.0121503,0
22.1,6.6,0,0.210546,-0.0116944,0
22.1,6.7,0,0.219193,-0.0111842,0
22.1,6.8,0,0.226985,-0.0107141,0
22.1,6.9,0,0.234973,-0.0101762,0
22.1,7,0,0.243214,-0.00961901,0
22.1,7.1,0,0.250099,-0.00899692,0
22.1,7.2,0,0.25685,-0.00842103,0
22.1,7.3,0,0.263418,-0.00792718,0
22.1,7.4,0,0.269032,-0.00736557,0
22.1,7.5,0,0.274014,-0.00679992,0
22.1,7.6,0,0.278842,-0.00637649,0
22.1,7.7,0,0.283151,-0.00595704,0
22.1,7.8,0,0.286246,-0.0054554,0
22.1,7.9,0,0.28949,-0.0051143,0
22.1,8,0,0.292677,-0.00480532,0
22.1,8.1,0,0.294433,-0.00444545,0
22.1,8.2,0,0.296246,-0.00416205,0
22.1,8.3,0,0.298316,-0.00391631,0
22.1,8.4,0,0.299597,-0.00367013,0
22.1,8.5,0,0.300332,-0.00345052,0
22.1,8.6,0,0.301555,-0.00327367,0
22.1,8.7,0,0.302665,-0.00307759,0
22.1,8.8,0,0.302738,-0.0029244,0
22.1,8.9,0,0.303296,-0.00281373,0
22.1,9,0,0.304204,-0.00263824,0
22.1,9.1,0,0.304183,-0.0025332,0
22.1,9.2,0,0.304242,-0.00245915,0
22.1,9.3,0,0.304778,-0.00232784,0
22.1,9.4,0,0.304941,-0.00222483,0
22.1,9.5,0,0.304734,-0.00217199,0
22.1,9.6,0,0.304965,-0.00209383,0
22.1,9.7,0,0.305263,-0.00198113,0
22.1,9.8,0,0.304957,-0.00194505,0
22.1,9.9,0,0.304937,-0.00190885,0
22.1,10,0,0.305195,-0.00180499,0
22.1,10.1,0,0.305008,-0.00176397,0
22.1,10.2,0,0.304832,-0.0017413,0
22.1,10.3,0,0.30493,-0.00167429,0
22.1,10.4,0,0.304886,-0.00161983,0
22.1,10.5,0,0.304636,-0.0016009,0
22.1,10.6,0,0.304609,-0.0015667,0
22.1,10.7,0,0.304646,-0.00150769,0
22.1,10.8,0,0.30439,-0.00149131,0
22.1,10.9,0,0.304258,-0.00147796,0
22.1,11,0,0.304273,-0.00143143,0
22.1,11.1,0,0.304105,-0.00140947,0
22.1,11.2,0,0.30393,-0.00139892,0
22.1,11.3,0,0.303888,-0.00137516,0
22.1,11.4,0,0.303804,-0.00135203,0
22.1,11.5,0,0.303623,-0.00134186,0
22.1,11.6,0,0.303556,-0.00133374,0
22.1,11.7,0,0.303534,-0.00131635,0
22.1,11.8,0,0.303395,-0.00130853,0
22.1,11.9,0,0.303314,-0.00130658,0
22.1,12,0,0.303316,-0.0012986,0
22.1,12.1,0,0.30326,-0.0012919,0
22.1,12.2,0,0.303202,-0.00128841,0
22.1,12.3,0,0.303208,-0.00128679,0
22.1,12.4,0,0.303212,-0.00128201,0
22.1,12.5,0,0.303182,-0.00127386,0
22.1,12.6,0,0.303186,-0.00127525,0
22.1,12.7,0,0.303209,-0.00128018,0
22.2,0,0,0.304691,0.00674221,0
22.2,0.1,0,0.304762,0.00671485,0
22.2,0.2,0,0.304767,0.00671369,0
22.2,0.3,0,0.304812,0.00669472,0
22.2,0.4,0,0.304884,0.00667845,0
22.2,0.5,0,0.304875,0.00669178,0
22.2,0.6,0,0.305067,0.006649,0
22.2,0.7,0,0.305152,0.00664865,0
22.2,0.8,0,0.305308,0.00663077,0
22.2,0.9,0,0.305492,0.00662071,0
22.2,1,0,0.305523,0.00663433,0
22.2,1.1,0,0.305894,0.00659627,0
22.2,1.2,0,0.306059,0.00659998,0
22.2,1.3,0,0.306314,0.00657881,0
22.2,1.4,0,0.306597,0.00657563,0
22.2,1.5,0,0.306603,0.00657827,0
22.2,1.6,0,0.307115,0.00655076,0
22.2,1.7,0,0.30728,0.00655669,0
22.2,1.8,0,0.30753,0.00653035,0
22.2,1.9,0,0.307781,0.00653689,0
22.2,2,0,0.307589,0.00651754,0
22.2,2.1,0,0.308049,0.00651041,0
22.2,2.2,0,0.307971,0.00651708,0
22.2,2.3,0,0.307915,0.00648456,0
22.2,2.4,0,0.307768,0.0065038,0
22.2,2.5,0,0.306951,0.006453,0
22.2,2.6,0,0.306831,0.00647348,0
22.2,2.7,0,0.305915,0.00647641,0
22.2,2.8,0,0.304834,0.0064321,0
22.2,2.9,0,0.303471,0.00645081,0
22.2,3,0,0.301123,0.00635494,0
22.2,3.1,0,0.299372,0.00637059,0
22.2,3.2,0,0.296541,0.00633065,0
22.2,3.3,0,0.293215,0.00622489,0
22.2,3.4,0,0.289451,0.00615798,0
22.2,3.5,0,0.284374,0.00595889,0
22.2,3.6,0,0.279808,0.00581928,0
22.2,3.7,0,0.274061,0.00560294,0
22.2,3.8,0,0.267579,0.00527703,0
22.2,3.9,0,0.260864,0.00492177,0
22.2,4,0,0.252771,0.00448315,0
22.2,4.1,0,0.245472,0.00391346,0
22.2,4.2,0,0.237284,0.00332467,0
22.2,4.3,0,0.228637,0.00257546,0
22.2,4.4,0,0.220373,0.00175099,0
22.2,4.5,0,0.211168,0.000988859,0
22.2,4.6,0,0.203412,-0.000145346,0
22.2,4.7,0,0.195309,-0.00112391,0
22.2,4.8,0,0.187559,-0.00224937,0
22.2,4.9,0,0.181532,-0.00326364,0
22.2,5,0,0.17611,-0.00387487,0
22.2,5.1,0,0.168436,-0.00539317,0
22.2,5.2,0,0.163914,-0.0064627,0
22.2,5.3,0,0.160445,-0.00748409,0
22.2,5.4,0,0.158101,-0.00843863,0
22.2,5.5,0,0.156929,-0.0093076,0
22.2,5.6,0,0.156954,-0.0100754,0
22.2,5.7,0,0.158174,-0.0107299,0
22.2,5.8,0,0.160559,-0.0112627,0
22.2,5.9,0,0.164054,-0.0116662,0
22.2,6,0,0.171439,-0.0120404,0
22.2,6.1,0,0.174857,-0.012267,0
22.2,6.2,0,0.180099,-0.0122228,0
22.2,6.3,0,0.186811,-0.0120266,0
22.2,6.4,0,0.194336,-0.011823,0
22.2,6.5,0,0.202016,-0.0115202,0
22.2,6.6,0,0.210022,-0.011141,0
22.2,6.7,0,0.218668,-0.0106308,0
22.2,6.8,0,0.226509,-0.010134,0
22.2,6.9,0,0.234415,-0.00960241,0
22.2,7,0,0.242594,-0.00904998,0
22.2,7.1,0,0.24947,-0.00843438,0
22.2,7.2,0,0.256189,-0.00788484,0
22.2,7.3,0,0.262829,-0.00736414,0
22.2,7.4,0,0.268443,-0.00680253,0
22.2,7.5,0,0.273414,-0.00630162,0
22.2,7.6,0,0.27835,-0.00584826,0
22.2,7.7,0,0.282659,-0.00542881,0
22.2,7.8,0,0.285821,-0.00498966,0
22.2,7.9,0,0.289089,-0.00465014,0
22.2,8,0,0.292295,-0.00433397,0
22.2,8.1,0,0.294064,-0.00397893,0
22.2,8.2,0,0.29602,-0.00374954,0
22.2,8.3,0,0.298031,-0.00351216,0
22.2,8.4,0,0.299312,-0.00326597,0
22.2,8.5,0,0.300246,-0.00308822,0
22.2,8.6,0,0.301345,-0.0029371,0
22.2,8.7,0,0.302455,-0.00274102,0
22.2,8.8,0,0.302689,-0.00260814,0
22.2,8.9,0,0.303241,-0.00251549,0
22.2,9,0,0.304047,-0.00236365,0
22.2,9.1,0,0.304026,-0.0022586,0
22.2,9.2,0,0.304275,-0.00219906,0
22.2,9.3,0,0.304659,-0.00210695,0
22.2,9.4,0,0.304822,-0.00200394,0
22.2,9.5,0,0.304777,-0.00195842,0
22.2,9.6,0,0.304873,-0.00191782,0
22.2,9.7,0,0.305171,-0.00180511,0
22.2,9.8,0,0.304953,-0.00177147,0
22.2,9.9,0,0.304952,-0.0017439,0
22.2,10,0,0.305124,-0.00166564,0
22.2,10.1,0,0.304937,-0.00162462,0
22.2,10.2,0,0.304866,-0.00160422,0
22.2,10.3,0,0.304875,-0.00156439,0
22.2,10.4,0,0.304831,-0.00150992,0
22.2,10.5,0,0.304662,-0.00149312,0
22.2,10.6,0,0.304573,-0.00147835,0
22.2,10.7,0,0.304604,-0.00142108,0
22.2,10.8,0,0.304383,-0.00140608,0
22.2,10.9,0,0.304274,-0.00139558,0
22.2,11,0,0.304242,-0.00136294,0
22.2,11.1,0,0.304074,-0.00134097,0
22.2,11.2,0,0.303951,-0.00133352,0
22.2,11.3,0,0.303866,-0.00132038,0
22.2,11.4,0,0.303782,-0.00129725,0
22.2,11.5,0,0.303643,-0.00129057,0
22.2,11.6,0,0.30355,-0.00128763,0
22.2,11.7,0,0.303521,-0.00127152,0
22.2,11.8,0,0.303396,-0.00126515,0
22.2,11.9,0,0.303334,-0.00126512,0
22.2,12,0,0.303308,-0.00126059,0
22.2,12.1,0,0.303253,-0.00125389,0
22.2,12.2,0,0.303218,-0.00125324,0
22.2,12.3,0,0.303204,-0.00125298,0
22.2,12.4,0,0.303208,-0.0012482,0
22.2,12.5,0,0.30319,-0.00124372,0
22.2,12.6,0,0.303186,-0.00124361,0
22.2,12.7,0,0.303204,-0.00124786,0
22.3,0,0,0.304707,0.0068371,0
22.3,0.1,0,0.304752,0.00682081,0
22.3,0.2,0,0.304769,0.00681559,0
22.3,0.3,0,0.304812,0.00680088,0
22.3,0.4,0,0.304869,0.00679214,0
22.3,0.5,0,0.304893,0.00679444,0
22.3,0.6,0,0.305042,0.0067706,0
22.3,0.7,0,0.305148,0.0067657,0
22.3,0.8,0,0.305294,0.00675308,0
22.3,0.9,0,0.305452,0.00675187,0
22.3,1,0,0.305546,0.00675808,0
22.3,1.1,0,0.305834,0.00674009,0
22.3,1.2,0,0.306038,0.00674217,0
22.3,1.3,0,0.30628,0.0067299,0
22.3,1.4,0,0.306514,0.00673564,0
22.3,1.5,0,0.306634,0.00673983,0
22.3,1.6,0,0.307005,0.00673091,0
22.3,1.7,0,0.307236,0.00674058,0
22.3,1.8,0,0.307468,0.00672775,0
22.3,1.9,0,0.30764,0.00674163,0
22.3,2,0,0.30763,0.00673889,0
22.3,2.1,0,0.307872,0.00674458,0
22.3,2.2,0,0.307895,0.00676307,0
22.3,2.3,0,0.307815,0.00674943,0
22.3,2.4,0,0.307548,0.00677228,0
22.3,2.5,0,0.307006,0.0067583,0
22.3,2.6,0,0.306564,0.00678063,0
22.3,2.7,0,0.305799,0.00680482,0
22.3,2.8,0,0.304694,0.0067834,0
22.3,2.9,0,0.303159,0.00679958,0
22.3,3,0,0.301218,0.00675973,0
22.3,3.1,0,0.299036,0.0067614,0
22.3,3.2,0,0.296422,0.00674907,0
22.3,3.3,0,0.293108,0.00666503,0
22.3,3.4,0,0.289136,0.00658828,0
22.3,3.5,0,0.284612,0.00645037,0
22.3,3.6,0,0.27959,0.0062844,0
22.3,3.7,0,0.274112,0.00609208,0
22.3,3.8,0,0.267734,0.00578282,0
22.3,3.9,0,0.260836,0.00541717,0
22.3,4,0,0.253341,0.00501503,0
22.3,4.1,0,0.245718,0.00443795,0
22.3,4.2,0,0.237772,0.00385347,0
22.3,4.3,0,0.2293,0.00312194,0
22.3,4.4,0,0.220936,0.00230761,0
22.3,4.5,0,0.212151,0.00151938,0
22.3,4.6,0,0.204278,0.000448006,0
22.3,4.7,0,0.196286,-0.000560541,0
22.3,4.8,0,0.188821,-0.00163244,0
22.3,4.9,0,0.182915,-0.00257288,0
22.3,5,0,0.177251,-0.00334872,0
22.3,5.1,0,0.169544,-0.00486523,0
22.3,5.2,0,0.164972,-0.005933,0
22.3,5.3,0,0.161433,-0.00695317,0
22.3,5.4,0,0.159,-0.00790708,0
22.3,5.5,0,0.157722,-0.00877598,0
22.3,5.6,0,0.157629,-0.00954415,0
22.3,5.7,0,0.15872,-0.0101996,0
22.3,5.8,0,0.160971,-0.0107338,0
22.3,5.9,0,0.16433,-0.0111389,0
22.3,6,0,0.171504,-0.011513,0
22.3,6.1,0,0.175834,-0.0116042,0
22.3,6.2,0,0.181075,-0.0115599,0
22.3,6.3,0,0.186552,-0.0114914,0
22.3,6.4,0,0.194206,-0.01124,0
22.3,6.5,0,0.202013,-0.0108901,0
22.3,6.6,0,0.20982,-0.0105401,0
22.3,6.7,0,0.218144,-0.0100775,0
22.3,6.8,0,0.226034,-0.00955399,0
22.3,6.9,0,0.233939,-0.00902235,0
22.3,7,0,0.241973,-0.00848095,0
22.3,7.1,0,0.248809,-0.00789819,0
22.3,7.2,0,0.255528,-0.00734864,0
22.3,7.3,0,0.262241,-0.0068011,0
22.3,7.4,0,0.267851,-0.00626461,0
22.3,7.5,0,0.272814,-0.00580332,0
22.3,7.6,0,0.277778,-0.00534203,0
22.3,7.7,0,0.282167,-0.00490058,0
22.3,7.8,0,0.285404,-0.00453151,0
22.3,7.9,0,0.288672,-0.00419199,0
22.3,8,0,0.291914,-0.00386261,0
22.3,8.1,0,0.293837,-0.00356642,0
22.3,8.2,0,0.295793,-0.00333704,0
22.3,8.3,0,0.297749,-0.00310766,0
22.3,8.4,0,0.299082,-0.00287322,0
22.3,8.5,0,0.300161,-0.00272593,0
22.3,8.6,0,0.301241,-0.00257864,0
22.3,8.7,0,0.302244,-0.00240445,0
22.3,8.8,0,0.302685,-0.00229774,0
22.3,8.9,0,0.303238,-0.00220509,0
22.3,9,0,0.30389,-0.00208905,0
22.3,9.1,0,0.304053,-0.00199803,0
22.3,9.2,0,0.304309,-0.00193897,0
22.3,9.3,0,0.304564,-0.00187991,0
22.3,9.4,0,0.304728,-0.00178419,0
22.3,9.5,0,0.30482,-0.00174485,0
22.3,9.6,0,0.304912,-0.00170551,0
22.3,9.7,0,0.305079,-0.0016291,0
22.3,9.8,0,0.304993,-0.00159914,0
22.3,9.9,0,0.304993,-0.00157157,0
22.3,10,0,0.305052,-0.00152629,0
22.3,10.1,0,0.304955,-0.0014872,0
22.3,10.2,0,0.304899,-0.00146714,0
22.3,10.3,0,0.304843,-0.00144708,0
22.3,10.4,0,0.304779,-0.0014001,0
22.3,10.5,0,0.304689,-0.00138533,0
22.3,10.6,0,0.304599,-0.00137057,0
22.3,10.7,0,0.304562,-0.00133447,0
22.3,10.8,0,0.304405,-0.00132202,0
22.3,10.9,0,0.304297,-0.00131151,0
22.3,11,0,0.304211,-0.00129445,0
22.3,11.1,0,0.304081,-0.00127475,0
22.3,11.2,0,0.303971,-0.00126812,0
22.3,11.3,0,0.303861,-0.00126149,0
22.3,11.4,0,0.30376,-0.00124248,0
22.3,11.5,0,0.303664,-0.00123928,0
22.3,11.6,0,0.30357,-0.00123634,0
22.3,11.7,0,0.303507,-0.0012267,0
22.3,11.8,0,0.303416,-0.00122369,0
22.3,11.9,0,0.303354,-0.00122366,0
22.3,12,0,0.3033,-0.00122258,0
22.3,12.1,0,0.30326,-0.00121764,0
22.3,12.2,0,0.303234,-0.00121807,0
22.3,12.3,0,0.303209,-0.00121849,0
22.3,12.4,0,0.303203,-0.00121439,0
22.3,12.5,0,0.303197,-0.00121358,0
22.3,12.6,0,0.303193,-0.00121347,0
22.3,12.7,0,0.3032,-0.00121554,0
22.4,0,0,0.304724,0.00693198,0
22.4,0.1,0,0.304742,0.00692677,0
22.4,0.2,0,0.304759,0.00692155,0
22.4,0.3,0,0.304797,0.00691457,0
22.4,0.4,0,0.304854,0.00690584,0
22.4,0.5,0,0.304912,0.0068971,0
22.4,0.6,0,0.305017,0.0068922,0
22.4,0.7,0,0.305123,0.0068873,0
22.4,0.8,0,0.305254,0.00688425,0
22.4,0.9,0,0.305412,0.00688304,0
22.4,1,0,0.305569,0.00688183,0
22.4,1.1,0,0.305773,0.00688391,0
22.4,1.2,0,0.305977,0.006886,0
22.4,1.3,0,0.306196,0.00688991,0
22.4,1.4,0,0.30643,0.00689565,0
22.4,1.5,0,0.306664,0.00690138,0
22.4,1.6,0,0.306894,0.00691105,0
22.4,1.7,0,0.307125,0.00692072,0
22.4,1.8,0,0.307327,0.00693249,0
22.4,1.9,0,0.307499,0.00694637,0
22.4,2,0,0.307671,0.00696025,0
22.4,2.1,0,0.307694,0.00697874,0
22.4,2.2,0,0.307718,0.00699723,0
22.4,2.3,0,0.307596,0.0070179,0
22.4,2.4,0,0.307328,0.00704076,0
22.4,2.5,0,0.307061,0.00706361,0
22.4,2.6,0,0.306296,0.00708779,0
22.4,2.7,0,0.305532,0.00711198,0
22.4,2.8,0,0.304382,0.00713217,0
22.4,2.9,0,0.302847,0.00714835,0
22.4,3,0,0.301313,0.00716453,0
22.4,3.1,0,0.298699,0.0071522,0
22.4,3.2,0,0.296085,0.00713987,0
22.4,3.3,0,0.292793,0.00709533,0
22.4,3.4,0,0.288821,0.00701859,0
22.4,3.5,0,0.284849,0.00694184,0
22.4,3.6,0,0.279372,0.00674952,0
22.4,3.7,0,0.273894,0.0065572,0
22.4,3.8,0,0.267707,0.00627822,0
22.4,3.9,0,0.260809,0.00591257,0
22.4,4,0,0.253911,0.00554691,0
22.4,4.1,0,0.245965,0.00496244,0
22.4,4.2,0,0.238019,0.00437796,0
22.4,4.3,0,0.229864,0.00367856,0
22.4,4.4,0,0.221499,0.00286423,0
22.4,4.5,0,0.213135,0.00204991,0
22.4,4.6,0,0.205143,0.00104136,0
22.4,4.7,0,0.197152,3.28119e-05,0
22.4,4.8,0,0.190203,-0.000941683,0
22.4,4.9,0,0.184297,-0.00188213,0
22.4,5,0,0.178391,-0.00282257,0
22.4,5.1,0,0.170651,-0.00433729,0
22.4,5.2,0,0.166029,-0.00540331,0
22.4,5.3,0,0.162421,-0.00642224,0
22.4,5.4,0,0.159898,-0.00737554,0
22.4,5.5,0,0.158516,-0.00824436,0
22.4,5.6,0,0.158304,-0.00901295,0
22.4,5.7,0,0.159267,-0.00966928,0
22.4,5.8,0,0.161384,-0.010205,0
22.4,5.9,0,0.164606,-0.0106116,0
22.4,6,0,0.171569,-0.0109856,0
22.4,6.1,0,0.17681,-0.0109414,0
22.4,6.2,0,0.182052,-0.0108971,0
22.4,6.3,0,0.187293,-0.0108529,0
22.4,6.4,0,0.194202,-0.0106099,0
22.4,6.5,0,0.20201,-0.01026,0
22.4,6.6,0,0.209817,-0.00991002,0
22.4,6.7,0,0.217654,-0.00950556,0
22.4,6.8,0,0.225559,-0.00897392,0
22.4,6.9,0,0.233464,-0.00844229,0
22.4,7,0,0.241369,-0.00791065,0
22.4,7.1,0,0.248148,-0.007362,0
22.4,7.2,0,0.254866,-0.00681245,0
22.4,7.3,0,0.261585,-0.00626291,0
22.4,7.4,0,0.267251,-0.00576631,0
22.4,7.5,0,0.272215,-0.00530502,0
22.4,7.6,0,0.277179,-0.00484373,0
22.4,7.7,0,0.281719,-0.00441288,0
22.4,7.8,0,0.284987,-0.00407336,0
22.4,7.9,0,0.288255,-0.00373384,0
22.4,8,0,0.291524,-0.00339431,0
22.4,8.1,0,0.293611,-0.00315392,0
22.4,8.2,0,0.295567,-0.00292454,0
22.4,8.3,0,0.297523,-0.00269516,0
22.4,8.4,0,0.298997,-0.00251093,0
22.4,8.5,0,0.300076,-0.00236364,0
22.4,8.6,0,0.301156,-0.00221635,0
22.4,8.7,0,0.30213,-0.00207999,0
22.4,8.8,0,0.302682,-0.00198734,0
22.4,8.9,0,0.303234,-0.00189469,0
22.4,9,0,0.303787,-0.00180204,0
22.4,9.1,0,0.304087,-0.00173794,0
22.4,9.2,0,0.304342,-0.00167888,0
22.4,9.3,0,0.304597,-0.00161982,0
22.4,9.4,0,0.304771,-0.00157063,0
22.4,9.5,0,0.304863,-0.00153128,0
22.4,9.6,0,0.304955,-0.00149194,0
22.4,9.7,0,0.305033,-0.00145437,0
22.4,9.8,0,0.305033,-0.0014268,0
22.4,9.9,0,0.305033,-0.00139924,0
22.4,10,0,0.305033,-0.00137167,0
22.4,10.1,0,0.304988,-0.00135011,0
22.4,10.2,0,0.304933,-0.00133005,0
22.4,10.3,0,0.304877,-0.00130999,0
22.4,10.4,0,0.304806,-0.00129232,0
22.4,10.5,0,0.304716,-0.00127755,0
22.4,10.6,0,0.304626,-0.00126279,0
22.4,10.7,0,0.304535,-0.00124845,0
22.4,10.8,0,0.304427,-0.00123795,0
22.4,10.9,0,0.304319,-0.00122745,0
22.4,11,0,0.304211,-0.00121694,0
22.4,11.1,0,0.304101,-0.00120935,0
22.4,11.2,0,0.303991,-0.00120271,0
22.4,11.3,0,0.303881,-0.00119608,0
22.4,11.4,0,0.303777,-0.00119093,0
22.4,11.5,0,0.303684,-0.00118799,0
22.4,11.6,0,0.30359,-0.00118505,0
22.4,11.7,0,0.303497,-0.00118226,0
22.4,11.8,0,0.303436,-0.00118224,0
22.4,11.9,0,0.303374,-0.00118221,0
22.4,12,0,0.303312,-0.00118218,0
22.4,12.1,0,0.303276,-0.00118247,0
22.4,12.2,0,0.30325,-0.00118289,0
22.4,12.3,0,0.303225,-0.00118332,0
22.4,12.4,0,0.303208,-0.00118356,0
22.4,12.5,0,0.303204,-0.00118344,0
22.4,12.6,0,0.3032,-0.00118333,0
22.4,12.7,0,0.303196,-0.00118322,0
22.5,0,0,0.304725,0.00698954,0
22.5,0.1,0,0.30472,0.00703609,0
22.5,0.2,0,0.304738,0.00703087,0
22.5,0.3,0,0.304768,0.00702718,0
22.5,0.4,0,0.304825,0.00701844,0
22.5,0.5,0,0.304906,0.00696122,0
22.5,0.6,0,0.304975,0.00701243,0
22.5,0.7,0,0.305081,0.00700752,0
22.5,0.8,0,0.305197,0.00701441,0
22.5,0.9,0,0.305354,0.0070132,0
22.5,1,0,0.305548,0.00696156,0
22.5,1.1,0,0.3057,0.00702662,0
22.5,1.2,0,0.305904,0.0070287,0
22.5,1.3,0,0.306107,0.00704867,0
22.5,1.4,0,0.306341,0.00705441,0
22.5,1.5,0,0.306622,0.00700925,0
22.5,1.6,0,0.306792,0.0070899,0
22.5,1.7,0,0.307022,0.00709957,0
22.5,1.8,0,0.307215,0.00713581,0
22.5,1.9,0,0.307388,0.00714969,0
22.5,2,0,0.307601,0.00711507,0
22.5,2.1,0,0.307583,0.00721134,0
22.5,2.2,0,0.307606,0.00722984,0
22.5,2.3,0,0.307497,0.00728513,0
22.5,2.4,0,0.30723,0.00730798,0
22.5,2.5,0,0.306959,0.00728992,0
22.5,2.6,0,0.306229,0.00739534,0
22.5,2.7,0,0.305464,0.00741953,0
22.5,2.8,0,0.304367,0.00748571,0
22.5,2.9,0,0.302833,0.00750189,0
22.5,3,0,0.301206,0.00748752,0
22.5,3.1,0,0.298762,0.00755662,0
22.5,3.2,0,0.296148,0.00754429,0
22.5,3.3,0,0.292955,0.00755358,0
22.5,3.4,0,0.288983,0.00747683,0
22.5,3.5,0,0.284865,0.00737649,0
22.5,3.6,0,0.279648,0.00726127,0
22.5,3.7,0,0.274171,0.00706895,0
22.5,3.8,0,0.268101,0.00683882,0
22.5,3.9,0,0.261203,0.00647317,0
22.5,4,0,0.25427,0.00609648,0
22.5,4.1,0,0.246465,0.00556289,0
22.5,4.2,0,0.238519,0.00497842,0
22.5,4.3,0,0.230442,0.0043075,0
22.5,4.4,0,0.222078,0.00349317,0
22.5,4.5,0,0.213946,0.00272424,0
22.5,4.6,0,0.205752,0.0016877,0
22.5,4.7,0,0.197761,0.000679152,0
22.5,4.8,0,0.190496,-0.000347854,0
22.5,4.9,0,0.18459,-0.0012883,0
22.5,5,0,0.179438,-0.0020244,0
22.5,5.1,0,0.171698,-0.00350957,0
22.5,5.2,0,0.167054,-0.00455755,0
22.5,5.3,0,0.163402,-0.00556116,0
22.5,5.4,0,0.160818,-0.00650203,0
22.5,5.5,0,0.159357,-0.00736171,0
22.5,5.6,0,0.159051,-0.0081247,0
22.5,5.7,0,0.159909,-0.00877901,0
22.5,5.8,0,0.161912,-0.00931614,0
22.5,5.9,0,0.165016,-0.00972773,0
22.5,6,0,0.171792,-0.0101176,0
22.5,6.1,0,0.175961,-0.0104255,0
22.5,6.2,0,0.181202,-0.0103813,0
22.5,6.3,0,0.186591,-0.0102797,0
22.5,6.4,0,0.193807,-0.0100972,0
22.5,6.5,0,0.201614,-0.00974724,0
22.5,6.6,0,0.209422,-0.00939728,0
22.5,6.7,0,0.217434,-0.00890398,0
22.5,6.8,0,0.225391,-0.00843356,0
22.5,6.9,0,0.233296,-0.00790192,0
22.5,7,0,0.240968,-0.00726054,0
22.5,7.1,0,0.248205,-0.00680159,0
22.5,7.2,0,0.254923,-0.00625205,0
22.5,7.3,0,0.261609,-0.00570039,0
22.5,7.4,0,0.26745,-0.00521593,0
22.5,7.5,0,0.272414,-0.00475464,0
22.5,7.6,0,0.277378,-0.00429335,0
22.5,7.7,0,0.281743,-0.00390143,0
22.5,7.8,0,0.285237,-0.00356202,0
22.5,7.9,0,0.288505,-0.0032225,0
22.5,8,0,0.291448,-0.0029428,0
22.5,8.1,0,0.293852,-0.00269938,0
22.5,8.2,0,0.295808,-0.00247,0
22.5,8.3,0,0.297764,-0.00224062,0
22.5,8.4,0,0.299201,-0.0021197,0
22.5,8.5,0,0.300281,-0.00197241,0
22.5,8.6,0,0.301361,-0.00182512,0
22.5,8.7,0,0.302188,-0.00177164,0
22.5,8.8,0,0.302845,-0.00165864,0
22.5,8.9,0,0.303397,-0.00156599,0
22.5,9,0,0.303842,-0.00153584,0
22.5,9.1,0,0.304211,-0.00146711,0
22.5,9.2,0,0.304466,-0.00140805,0
22.5,9.3,0,0.304722,-0.00134899,0
22.5,9.4,0,0.304864,-0.00135076,0
22.5,9.5,0,0.304956,-0.00131141,0
22.5,9.6,0,0.305049,-0.00127207,0
22.5,9.7,0,0.305069,-0.00129741,0
22.5,9.8,0,0.305103,-0.00125059,0
22.5,9.9,0,0.305103,-0.00122303,0
22.5,10,0,0.305074,-0.00122786,0
22.5,10.1,0,0.30504,-0.00121042,0
22.5,10.2,0,0.304984,-0.00119036,0
22.5,10.3,0,0.304929,-0.0011703,0
22.5,10.4,0,0.304844,-0.00118256,0
22.5,10.5,0,0.304754,-0.0011678,0
22.5,10.6,0,0.304664,-0.00115303,0
22.5,10.7,0,0.30455,-0.00117297,0
22.5,10.8,0,0.304453,-0.00115217,0
22.5,10.9,0,0.304345,-0.00114167,0
22.5,11,0,0.30423,-0.0011431,0
22.5,11.1,0,0.304118,-0.00114231,0
22.5,11.2,0,0.304008,-0.00113568,0
22.5,11.3,0,0.303898,-0.00112904,0
22.5,11.4,0,0.303787,-0.00113858,0
22.5,11.5,0,0.303693,-0.00113514,0
22.5,11.6,0,0.303599,-0.0011322,0
22.5,11.7,0,0.303505,-0.00114376,0
22.5,11.8,0,0.303439,-0.00113983,0
22.5,11.9,0,0.303377,-0.0011398,0
22.5,12,0,0.303316,-0.00114285,0
22.5,12.1,0,0.303277,-0.00114786,0
22.5,12.2,0,0.303251,-0.00114829,0
22.5,12.3,0,0.303226,-0.00114871,0
22.5,12.4,0,0.303212,-0.00115364,0
22.5,12.5,0,0.303208,-0.0011532,0
22.5,12.6,0,0.303204,-0.00115309,0
22.5,12.7,0,0.303199,-0.0011562,0
22.6,0,0,0.304725,0.00704709,0
22.6,0.1,0,0.304699,0.00714541,0
22.6,0.2,0,0.304726,0.00711773,0
22.6,0.3,0,0.304751,0.00711583,0
22.6,0.4,0,0.304796,0.00713104,0
22.6,0.5,0,0.3049,0.00702534,0
22.6,0.6,0,0.304933,0.00713265,0
22.6,0.7,0,0.305052,0.0071055,0
22.6,0.8,0,0.30516,0.00711785,0
22.6,0.9,0,0.305297,0.00714336,0
22.6,1,0,0.305528,0.00704129,0
22.6,1.1,0,0.305626,0.00716933,0
22.6,1.2,0,0.30585,0.00714851,0
22.6,1.3,0,0.306044,0.00717732,0
22.6,1.4,0,0.306251,0.00721318,0
22.6,1.5,0,0.30658,0.00711712,0
22.6,1.6,0,0.306689,0.00726876,0
22.6,1.7,0,0.306941,0.00725581,0
22.6,1.8,0,0.30713,0.00730551,0
22.6,1.9,0,0.307276,0.007353,0
22.6,2,0,0.307532,0.0072699,0
22.6,2.1,0,0.307472,0.00744395,0
22.6,2.2,0,0.307506,0.00744204,0
22.6,2.3,0,0.307404,0.00751636,0
22.6,2.4,0,0.307132,0.0075752,0
22.6,2.5,0,0.306856,0.00751623,0
22.6,2.6,0,0.306161,0.00770289,0
22.6,2.7,0,0.305376,0.00771103,0
22.6,2.8,0,0.304308,0.00780251,0
22.6,2.9,0,0.302818,0.00785544,0
22.6,3,0,0.301099,0.00781051,0
22.6,3.1,0,0.298824,0.00796104,0
22.6,3.2,0,0.296151,0.00793679,0
22.6,3.3,0,0.293013,0.00797567,0
22.6,3.4,0,0.289145,0.00793508,0
22.6,3.5,0,0.284881,0.00781113,0
22.6,3.6,0,0.279925,0.00777301,0
22.6,3.7,0,0.274395,0.00757172,0
22.6,3.8,0,0.268389,0.00736846,0
22.6,3.9,0,0.261597,0.00703377,0
22.6,4,0,0.25463,0.00664605,0
22.6,4.1,0,0.246966,0.00616335,0
22.6,4.2,0,0.23906,0.00558304,0
22.6,4.3,0,0.231026,0.00492778,0
22.6,4.4,0,0.222657,0.00412211,0
22.6,4.5,0,0.214758,0.00339858,0
22.6,4.6,0,0.206362,0.00233404,0
22.6,4.7,0,0.198535,0.00136899,0
22.6,4.8,0,0.191096,0.000313099,0
22.6,4.9,0,0.184883,-0.000694468,0
22.6,5,0,0.180485,-0.00122623,0
22.6,5.1,0,0.172745,-0.00268185,0
22.6,5.2,0,0.168078,-0.00371179,0
22.6,5.3,0,0.164383,-0.00470007,0
22.6,5.4,0,0.161738,-0.00562852,0
22.6,5.5,0,0.160198,-0.00647907,0
22.6,5.6,0,0.159799,-0.00723645,0
22.6,5.7,0,0.160552,-0.00788875,0
22.6,5.8,0,0.162441,-0.00842732,0
22.6,5.9,0,0.165427,-0.00884387,0
22.6,6,0,0.172016,-0.00924952,0
22.6,6.1,0,0.175111,-0.00990961,0
22.6,6.2,0,0.180353,-0.00986537,0
22.6,6.3,0,0.186514,-0.00946282,0
22.6,6.4,0,0.19357,-0.00943351,0
22.6,6.5,0,0.201219,-0.0092345,0
22.6,6.6,0,0.209049,-0.00879788,0
22.6,6.7,0,0.217098,-0.00816353,0
22.6,6.8,0,0.225223,-0.0078932,0
22.6,6.9,0,0.233129,-0.00736156,0
22.6,7,0,0.240536,-0.00659608,0
22.6,7.1,0,0.248262,-0.00624118,0
22.6,7.2,0,0.254981,-0.00569164,0
22.6,7.3,0,0.261217,-0.00511167,0
22.6,7.4,0,0.267288,-0.00464209,0
22.6,7.5,0,0.272613,-0.00420426,0
22.6,7.6,0,0.277448,-0.00375324,0
22.6,7.7,0,0.281458,-0.00338981,0
22.6,7.8,0,0.285487,-0.00305069,0
22.6,7.9,0,0.288755,-0.00271116,0
22.6,8,0,0.291275,-0.00250929,0
22.6,8.1,0,0.294093,-0.00224485,0
22.6,8.2,0,0.296049,-0.00201546,0
22.6,8.3,0,0.29769,-0.0018782,0
22.6,8.4,0,0.299194,-0.0017523,0
22.6,8.5,0,0.300486,-0.00158118,0
22.6,8.6,0,0.30153,-0.00144887,0
22.6,8.7,0,0.302156,-0.0014808,0
22.6,8.8,0,0.303007,-0.00132994,0
22.6,8.9,0,0.303559,-0.00123729,0
22.6,9,0,0.303841,-0.00130285,0
22.6,9.1,0,0.304331,-0.00119755,0
22.6,9.2,0,0.304591,-0.00113722,0
22.6,9.3,0,0.304752,-0.0011503,0
22.6,9.4,0,0.30489,-0.00116005,0
22.6,9.5,0,0.30505,-0.00109154,0
22.6,9.6,0,0.305139,-0.00105466,0
22.6,9.7,0,0.305086,-0.00115069,0
22.6,9.8,0,0.305173,-0.00107438,0
22.6,9.9,0,0.305173,-0.00104681,0
22.6,10,0,0.305091,-0.00111195,0
22.6,10.1,0,0.305086,-0.00107428,0
22.6,10.2,0,0.305036,-0.00105067,0
22.6,10.3,0,0.304953,-0.00106565,0
22.6,10.4,0,0.304859,-0.00109028,0
22.6,10.5,0,0.304792,-0.00105804,0
22.6,10.6,0,0.304702,-0.00104328,0
22.6,10.7,0,0.304563,-0.0011006,0
22.6,10.8,0,0.30448,-0.00106639,0
22.6,10.9,0,0.304372,-0.00105589,0
22.6,11,0,0.304241,-0.00108562,0
22.6,11.1,0,0.304134,-0.0010778,0
22.6,11.2,0,0.304025,-0.00106864,0
22.6,11.3,0,0.303911,-0.00107477,0
22.6,11.4,0,0.303796,-0.00109239,0
22.6,11.5,0,0.303702,-0.00108229,0
22.6,11.6,0,0.303608,-0.00107935,0
22.6,11.7,0,0.303514,-0.00110576,0
22.6,11.8,0,0.303442,-0.00109742,0
22.6,11.9,0,0.30338,-0.00109739,0
22.6,12,0,0.303323,-0.00111052,0
22.6,12.1,0,0.30328,-0.00111412,0
22.6,12.2,0,0.303252,-0.00111368,0
22.6,12.3,0,0.303229,-0.00111712,0
22.6,12.4,0,0.303216,-0.00112511,0
22.6,12.5,0,0.303211,-0.00112296,0
22.6,12.6,0,0.303207,-0.00112285,0
22.6,12.7,0,0.303203,-0.00112918,0
22.7,0,0,0.304726,0.00710464,0
22.7,0.1,0,0.304677,0.00725474,0
22.7,0.2,0,0.304725,0.00717713,0
22.7,0.3,0,0.30475,0.00717523,0
22.7,0.4,0,0.304767,0.00724364,0
22.7,0.5,0,0.304895,0.00708945,0
22.7,0.6,0,0.304891,0.00725287,0
22.7,0.7,0,0.30504,0.00717628,0
22.7,0.8,0,0.305147,0.00718863,0
22.7,0.9,0,0.30524,0.00727352,0
22.7,1,0,0.305507,0.00712102,0
22.7,1.1,0,0.305552,0.00731203,0
22.7,1.2,0,0.305819,0.00724033,0
22.7,1.3,0,0.306013,0.00726914,0
22.7,1.4,0,0.306162,0.00737194,0
22.7,1.5,0,0.306538,0.00722499,0
22.7,1.6,0,0.306586,0.00744761,0
22.7,1.7,0,0.306886,0.00738442,0
22.7,1.8,0,0.307075,0.00743412,0
22.7,1.9,0,0.307165,0.00755632,0
22.7,2,0,0.307462,0.00742473,0
22.7,2.1,0,0.307361,0.00767656,0
22.7,2.2,0,0.30742,0.00762929,0
22.7,2.3,0,0.307318,0.00770361,0
22.7,2.4,0,0.307033,0.00784242,0
22.7,2.5,0,0.306754,0.00774254,0
22.7,2.6,0,0.306093,0.00801044,0
22.7,2.7,0,0.305263,0.00798291,0
22.7,2.8,0,0.304196,0.00807439,0
22.7,2.9,0,0.302803,0.00820898,0
22.7,3,0,0.300992,0.0081335,0
22.7,3.1,0,0.298887,0.00836546,0
22.7,3.2,0,0.296082,0.0083147,0
22.7,3.3,0,0.292943,0.00835359,0
22.7,3.4,0,0.289307,0.00839332,0
22.7,3.5,0,0.284897,0.00824577,0
22.7,3.6,0,0.280201,0.00828475,0
22.7,3.7,0,0.274555,0.00806352,0
22.7,3.8,0,0.268549,0.00786026,0
22.7,3.9,0,0.261991,0.00759437,0
22.7,4,0,0.25499,0.00719562,0
22.7,4.1,0,0.247466,0.00676381,0
22.7,4.2,0,0.239651,0.00619276,0
22.7,4.3,0,0.231617,0.0055375,0
22.7,4.4,0,0.223235,0.00475105,0
22.7,4.5,0,0.21557,0.00407291,0
22.7,4.6,0,0.206971,0.00298038,0
22.7,4.7,0,0.199512,0.00211198,0
22.7,4.8,0,0.192073,0.00105609,0
22.7,4.9,0,0.185175,-0.000100638,0
22.7,5,0,0.181532,-0.000428067,0
22.7,5.1,0,0.173793,-0.00185414,0
22.7,5.2,0,0.169102,-0.00286604,0
22.7,5.3,0,0.165365,-0.00383898,0
22.7,5.4,0,0.162657,-0.00475501,0
22.7,5.5,0,0.161039,-0.00559642,0
22.7,5.6,0,0.160546,-0.0063482,0
22.7,5.7,0,0.161194,-0.00699848,0
22.7,5.8,0,0.16297,-0.00753851,0
22.7,5.9,0,0.165837,-0.00796,0
22.7,6,0,0.172239,-0.00838147,0
22.7,6.1,0,0.174999,-0.00915194,0
22.7,6.2,0,0.179504,-0.00934949,0
22.7,6.3,0,0.186436,-0.00864592,0
22.7,6.4,0,0.193492,-0.0086166,0
22.7,6.5,0,0.200824,-0.00872176,0
22.7,6.6,0,0.208712,-0.00805743,0
22.7,6.7,0,0.216761,-0.00742308,0
22.7,6.8,0,0.225055,-0.00735283,0
22.7,6.9,0,0.23281,-0.00675035,0
22.7,7,0,0.240104,-0.00593162,0
22.7,7.1,0,0.247927,-0.0055973,0
22.7,7.2,0,0.255038,-0.00513123,0
22.7,7.3,0,0.260826,-0.00452296,0
22.7,7.4,0,0.266896,-0.00405338,0
22.7,7.5,0,0.272812,-0.00365388,0
22.7,7.6,0,0.277163,-0.00324162,0
22.7,7.7,0,0.281173,-0.00287819,0
22.7,7.8,0,0.285679,-0.00253932,0
22.7,7.9,0,0.288813,-0.00223525,0
22.7,8,0,0.291101,-0.00207578,0
22.7,8.1,0,0.293954,-0.00180961,0
22.7,8.2,0,0.29629,-0.00156093,0
22.7,8.3,0,0.297603,-0.00151972,0
22.7,8.4,0,0.299107,-0.00139382,0
22.7,8.5,0,0.300691,-0.00118995,0
22.7,8.6,0,0.301498,-0.00115804,0
22.7,8.7,0,0.302125,-0.00118997,0
22.7,8.8,0,0.303126,-0.00100972,0
22.7,8.9,0,0.303666,-0.000941093,0
22.7,9,0,0.30384,-0.00106986,0
22.7,9.1,0,0.30433,-0.00096456,0
22.7,9.2,0,0.304715,-0.000866385,0
22.7,9.3,0,0.304764,-0.000965016,0
22.7,9.4,0,0.304902,-0.000974765,0
22.7,9.5,0,0.305143,-0.000871673,0
22.7,9.6,0,0.305156,-0.000907935,0
22.7,9.7,0,0.305103,-0.00100397,0
22.7,9.8,0,0.305225,-0.000908176,0
22.7,9.9,0,0.305231,-0.000884099,0
22.7,10,0,0.305107,-0.000996035,0
22.7,10.1,0,0.305103,-0.00095837,0
22.7,10.2,0,0.305088,-0.000910984,0
22.7,10.3,0,0.304968,-0.000974117,0
22.7,10.4,0,0.304874,-0.000998742,0
22.7,10.5,0,0.30483,-0.000948284,0
22.7,10.6,0,0.304717,-0.000967832,0
22.7,10.7,0,0.304575,-0.00102822,0
22.7,10.8,0,0.3045,-0.000986711,0
22.7,10.9,0,0.304397,-0.000973169,0
22.7,11,0,0.304252,-0.00102814,0
22.7,11.1,0,0.304144,-0.00102032,0
22.7,11.2,0,0.304043,-0.0010016,0
22.7,11.3,0,0.30392,-0.00102859,0
22.7,11.4,0,0.303805,-0.00104621,0
22.7,11.5,0,0.303711,-0.00102944,0
22.7,11.6,0,0.303617,-0.00103842,0
22.7,11.7,0,0.303522,-0.00106776,0
22.7,11.8,0,0.303448,-0.00105753,0
22.7,11.9,0,0.303383,-0.00105498,0
22.7,12,0,0.30333,-0.00107819,0
22.7,12.1,0,0.303287,-0.00108179,0
22.7,12.2,0,0.303253,-0.00107907,0
22.7,12.3,0,0.303234,-0.00108859,0
22.7,12.4,0,0.303221,-0.00109659,0
22.7,12.5,0,0.303215,-0.00109273,0
22.7,12.6,0,0.303211,-0.00109482,0
22.7,12.7,0,0.303206,-0.00110216,0
22.8,0,0,0.304726,0.00716219,0
22.8,0.1,0,0.304676,0.00731747,0
22.8,0.2,0,0.304723,0.00723652,0
22.8,0.3,0,0.304749,0.00723463,0
22.8,0.4,0,0.304759,0.00731261,0
22.8,0.5,0,0.304889,0.00715357,0
22.8,0.6,0,0.304882,0.0073226,0
22.8,0.7,0,0.305028,0.00724707,0
22.8,0.8,0,0.305135,0.00725942,0
22.8,0.9,0,0.305215,0.00735829,0
22.8,1,0,0.305487,0.00720074,0
22.8,1.1,0,0.305526,0.00739806,0
22.8,1.2,0,0.305789,0.00733216,0
22.8,1.3,0,0.305983,0.00736096,0
22.8,1.4,0,0.306115,0.0074849,0
22.8,1.5,0,0.306497,0.00733285,0
22.8,1.6,0,0.306538,0.00756257,0
22.8,1.7,0,0.306832,0.00751303,0
22.8,1.8,0,0.30702,0.00756272,0
22.8,1.9,0,0.307091,0.007716,0
22.8,2,0,0.307392,0.00757956,0
22.8,2.1,0,0.307287,0.00783916,0
22.8,2.2,0,0.307334,0.00781654,0
22.8,2.3,0,0.307232,0.00789087,0
22.8,2.4,0,0.306931,0.00807283,0
22.8,2.5,0,0.306652,0.00796886,0
22.8,2.6,0,0.305994,0.00824487,0
22.8,2.7,0,0.305151,0.00825478,0
22.8,2.8,0,0.304083,0.00834626,0
22.8,2.9,0,0.302706,0.00853503,0
22.8,3,0,0.300886,0.00845649,0
22.8,3.1,0,0.298797,0.0086966,0
22.8,3.2,0,0.296012,0.00869262,0
22.8,3.3,0,0.292874,0.00873151,0
22.8,3.4,0,0.289338,0.00883032,0
22.8,3.5,0,0.284913,0.00868042,0
22.8,3.6,0,0.280243,0.00872711,0
22.8,3.7,0,0.274715,0.00855532,0
22.8,3.8,0,0.268709,0.00835206,0
22.8,3.9,0,0.262354,0.00814504,0
22.8,4,0,0.255349,0.00774519,0
22.8,4.1,0,0.24784,0.00731847,0
22.8,4.2,0,0.240242,0.00680248,0
22.8,4.3,0,0.232208,0.00614722,0
22.8,4.4,0,0.224024,0.00542084,0
22.8,4.5,0,0.216381,0.00474724,0
22.8,4.6,0,0.207762,0.00365191,0
22.8,4.7,0,0.200489,0.00285497,0
22.8,4.8,0,0.19305,0.00179908,0
22.8,4.9,0,0.186147,0.000677095,0
22.8,5,0,0.182579,0.000370101,0
22.8,5.1,0,0.17484,-0.00102642,0
22.8,5.2,0,0.170127,-0.00202028,0
22.8,5.3,0,0.166346,-0.00297789,0
22.8,5.4,0,0.163577,-0.0038815,0
22.8,5.5,0,0.161879,-0.00471378,0
22.8,5.6,0,0.161294,-0.00545996,0
22.8,5.7,0,0.161836,-0.00610821,0
22.8,5.8,0,0.163499,-0.0066497,0
22.8,5.9,0,0.166248,-0.00707614,0
22.8,6,0,0.172462,-0.00751342,0
22.8,6.1,0,0.175222,-0.0082839,0
22.8,6.2,0,0.179331,-0.00856965,0
22.8,6.3,0,0.186359,-0.00782901,0
22.8,6.4,0,0.193415,-0.0077997,0
22.8,6.5,0,0.200491,-0.00813811,0
22.8,6.6,0,0.208375,-0.00731698,0
22.8,6.7,0,0.216424,-0.00668263,0
22.8,6.8,0,0.22472,-0.00661388,0
22.8,6.9,0,0.232378,-0.00608589,0
22.8,7,0,0.239672,-0.00526716,0
22.8,7.1,0,0.247495,-0.00493284,0
22.8,7.2,0,0.254753,-0.00454928,0
22.8,7.3,0,0.260435,-0.00393425,0
22.8,7.4,0,0.266505,-0.00346467,0
22.8,7.5,0,0.272834,-0.00309206,0
22.8,7.6,0,0.276878,-0.00273,0
22.8,7.7,0,0.280888,-0.00236657,0
22.8,7.8,0,0.285394,-0.0020277,0
22.8,7.9,0,0.288639,-0.00180174,0
22.8,8,0,0.290927,-0.00164227,0
22.8,8.1,0,0.29378,-0.0013761,0
22.8,8.2,0,0.296319,-0.0011684,0
22.8,8.3,0,0.297516,-0.00116124,0
22.8,8.4,0,0.299019,-0.00103534,0
22.8,8.5,0,0.300775,-0.000812281,0
22.8,8.6,0,0.301467,-0.000867205,0
22.8,8.7,0,0.302093,-0.000899133,0
22.8,8.8,0,0.303094,-0.000718887,0
22.8,8.9,0,0.303665,-0.000708106,0
22.8,9,0,0.303838,-0.000836876,0
22.8,9.1,0,0.304328,-0.000731573,0
22.8,9.2,0,0.30478,-0.00064088,0
22.8,9.3,0,0.304777,-0.000779731,0
22.8,9.4,0,0.304915,-0.00078948,0
22.8,9.5,0,0.305194,-0.000670128,0
22.8,9.6,0,0.305173,-0.000761213,0
22.8,9.7,0,0.30512,-0.000857242,0
22.8,9.8,0,0.305242,-0.000761454,0
22.8,9.9,0,0.305247,-0.000768185,0
22.8,10,0,0.305124,-0.000880121,0
22.8,10.1,0,0.30512,-0.000842456,0
22.8,10.2,0,0.305124,-0.000791239,0
22.8,10.3,0,0.304983,-0.000882582,0
22.8,10.4,0,0.304889,-0.000907208,0
22.8,10.5,0,0.304853,-0.00085029,0
22.8,10.6,0,0.304729,-0.000895457,0
22.8,10.7,0,0.304587,-0.000955847,0
22.8,10.8,0,0.304513,-0.000914335,0
22.8,10.9,0,0.304408,-0.000915689,0
22.8,11,0,0.304262,-0.000970657,0
22.8,11.1,0,0.304155,-0.000962843,0
22.8,11.2,0,0.304058,-0.00094079,0
22.8,11.3,0,0.30393,-0.000982404,0
22.8,11.4,0,0.303815,-0.00100003,0
22.8,11.5,0,0.30372,-0.000981666,0
22.8,11.6,0,0.303625,-0.00100042,0
22.8,11.7,0,0.303531,-0.00102977,0
22.8,11.8,0,0.303457,-0.00101953,0
22.8,11.9,0,0.30339,-0.00102257,0
22.8,12,0,0.303338,-0.00104585,0
22.8,12.1,0,0.303294,-0.00104945,0
22.8,12.2,0,0.303256,-0.00104573,0
22.8,12.3,0,0.303239,-0.00106006,0
22.8,12.4,0,0.303226,-0.00106806,0
22.8,12.5,0,0.30322,-0.00106399,0
22.8,12.6,0,0.303214,-0.00106781,0
22.8,12.7,0,0.30321,-0.00107515,0
22.9,0,0,0.304727,0.00721974,0
22.9,0.1,0,0.304683,0.00735754,0
22.9,0.2,0,0.304722,0.00729592,0
22.9,0.3,0,0.304748,0.00729402,0
22.9,0.4,0,0.304763,0.0073581,0
22.9,0.5,0,0.304884,0.00721769,0
22.9,0.6,0,0.304887,0.00736941,0
22.9,0.7,0,0.305015,0.00731785,0
22.9,0.8,0,0.305123,0.0073302,0
22.9,0.9,0,0.30521,0.00741724,0
22.9,1,0,0.305466,0.00728047,0
22.9,1.1,0,0.305521,0.00745998,0
22.9,1.2,0,0.305758,0.00742398,0
22.9,1.3,0,0.305952,0.00745279,0
22.9,1.4,0,0.306094,0.00756934,0
22.9,1.5,0,0.306455,0.00744072,0
22.9,1.6,0,0.306513,0.00765286,0
22.9,1.7,0,0.306777,0.00764164,0
22.9,1.8,0,0.306965,0.00769133,0
22.9,1.9,0,0.307041,0.00784468,0
22.9,2,0,0.307322,0.00773439,0
22.9,2.1,0,0.307226,0.00797812,0
22.9,2.2,0,0.307248,0.00800379,0
22.9,2.3,0,0.307146,0.00807812,0
22.9,2.4,0,0.306833,0.00827115,0
22.9,2.5,0,0.306549,0.00819517,0
22.9,2.6,0,0.305876,0.0084587,0
22.9,2.7,0,0.305038,0.00852666,0
22.9,2.8,0,0.30397,0.00861814,0
22.9,2.9,0,0.302565,0.00882944,0
22.9,3,0,0.300779,0.00877948,0
22.9,3.1,0,0.298644,0.00901031,0
22.9,3.2,0,0.295943,0.00907053,0
22.9,3.3,0,0.292804,0.00910942,0
22.9,3.4,0,0.289273,0.00923685,0
22.9,3.5,0,0.284928,0.00911506,0
22.9,3.6,0,0.280218,0.00915477,0
22.9,3.7,0,0.274875,0.00904711,0
22.9,3.8,0,0.26887,0.00884386,0
22.9,3.9,0,0.262632,0.00867053,0
22.9,4,0,0.255709,0.00829476,0
22.9,4.1,0,0.248231,0.00787128,0
22.9,4.2,0,0.240832,0.0074122,0
22.9,4.3,0,0.232798,0.00675694,0
22.9,4.4,0,0.22484,0.00608845,0
22.9,4.5,0,0.217193,0.00542158,0
22.9,4.6,0,0.208703,0.00436008,0
22.9,4.7,0,0.201466,0.00359796,0
22.9,4.8,0,0.194027,0.00254208,0
22.9,4.9,0,0.187433,0.00152747,0
22.9,5,0,0.183626,0.00116827,0
22.9,5.1,0,0.175887,-0.000198702,0
22.9,5.2,0,0.171151,-0.00117452,0
22.9,5.3,0,0.167327,-0.00211681,0
22.9,5.4,0,0.164496,-0.00300799,0
22.9,5.5,0,0.16272,-0.00383113,0
22.9,5.6,0,0.162041,-0.00457171,0
22.9,5.7,0,0.162479,-0.00521794,0
22.9,5.8,0,0.164028,-0.00576088,0
22.9,5.9,0,0.166659,-0.00619227,0
22.9,6,0,0.172686,-0.00664538,0
22.9,6.1,0,0.175446,-0.00741585,0
22.9,6.2,0,0.179654,-0.00762134,0
22.9,6.3,0,0.186282,-0.00701211,0
22.9,6.4,0,0.193338,-0.0069828,0
22.9,6.5,0,0.200472,-0.0070935,0
22.9,6.6,0,0.208039,-0.00657653,0
22.9,6.7,0,0.216088,-0.00594218,0
22.9,6.8,0,0.224315,-0.00584148,0
22.9,6.9,0,0.231946,-0.00542142,0
22.9,7,0,0.23924,-0.00460269,0
22.9,7.1,0,0.247063,-0.00426838,0
22.9,7.2,0,0.254123,-0.0039097,0
22.9,7.3,0,0.260044,-0.00334553,0
22.9,7.4,0,0.266114,-0.00287595,0
22.9,7.5,0,0.271983,-0.00254022,0
22.9,7.6,0,0.276593,-0.00221838,0
22.9,7.7,0,0.280603,-0.00185495,0
22.9,7.8,0,0.285049,-0.00152711,0
22.9,7.9,0,0.288465,-0.00136823,0
22.9,8,0,0.290754,-0.00120875,0
22.9,8.1,0,0.293606,-0.000942587,0
22.9,8.2,0,0.295981,-0.000822628,0
22.9,8.3,0,0.297428,-0.000802759,0
22.9,8.4,0,0.298932,-0.000676856,0
22.9,8.5,0,0.30049,-0.000537715,0
22.9,8.6,0,0.301435,-0.000576371,0
22.9,8.7,0,0.302061,-0.000608299,0
22.9,8.8,0,0.303058,-0.000430553,0
22.9,8.9,0,0.303664,-0.000475119,0
22.9,9,0,0.303837,-0.00060389,0
22.9,9.1,0,0.304327,-0.000498586,0
22.9,9.2,0,0.304702,-0.00048285,0
22.9,9.3,0,0.304789,-0.000594446,0
22.9,9.4,0,0.304927,-0.000604195,0
22.9,9.5,0,0.305151,-0.00053752,0
22.9,9.6,0,0.30519,-0.00061449,0
22.9,9.7,0,0.305137,-0.00071052,0
22.9,9.8,0,0.305259,-0.000614731,0
22.9,9.9,0,0.305263,-0.000653042,0
22.9,10,0,0.305141,-0.000764208,0
22.9,10.1,0,0.305136,-0.000726543,0
22.9,10.2,0,0.305109,-0.000719577,0
22.9,10.3,0,0.304997,-0.000791047,0
22.9,10.4,0,0.304903,-0.000815673,0
22.9,10.5,0,0.304852,-0.000781351,0
22.9,10.6,0,0.304741,-0.000823081,0
22.9,10.7,0,0.3046,-0.000883471,0
22.9,10.8,0,0.304525,-0.00084196,0
22.9,10.9,0,0.304416,-0.00086011,0
22.9,11,0,0.304273,-0.000913177,0
22.9,11.1,0,0.304165,-0.000905363,0
22.9,11.2,0,0.304061,-0.000903701,0
22.9,11.3,0,0.303939,-0.000936221,0
22.9,11.4,0,0.303824,-0.000953845,0
22.9,11.5,0,0.303729,-0.000942744,0
22.9,11.6,0,0.303634,-0.000962427,0
22.9,11.7,0,0.30354,-0.000991769,0
22.9,11.8,0,0.303465,-0.000981532,0
22.9,11.9,0,0.303399,-0.000991372,0
22.9,12,0,0.303345,-0.00101352,0
22.9,12.1,0,0.303301,-0.00101712,0
22.9,12.2,0,0.303267,-0.00101947,0
22.9,12.3,0,0.303244,-0.00103154,0
22.9,12.4,0,0.303231,-0.00103953,0
22.9,12.5,0,0.303224,-0.00103666,0
22.9,12.6,0,0.303218,-0.00104079,0
22.9,12.7,0,0.303213,-0.00104813,0
23,0,0,0.304727,0.00727729,0
23,0.1,0,0.304704,0.00736517,0
23,0.2,0,0.304721,0.00735531,0
23,0.3,0,0.304747,0.00735342,0
23,0.4,0,0.304785,0.00736901,0
23,0.5,0,0.304878,0.0072818,0
23,0.6,0,0.304911,0.00738409,0
23,0.7,0,0.305003,0.00738864,0
23,0.8,0,0.305111,0.00740099,0
23,0.9,0,0.305235,0.00743759,0
23,1,0,0.305445,0.0073602,0
23,1.1,0,0.305543,0.00748882,0
23,1.2,0,0.305728,0.00751581,0
23,1.3,0,0.305922,0.00754461,0
23,1.4,0,0.306111,0.00761026,0
23,1.5,0,0.306413,0.00754859,0
23,1.6,0,0.306519,0.00771048,0
23,1.7,0,0.306722,0.00777025,0
23,1.8,0,0.306911,0.00781994,0
23,1.9,0,0.307028,0.0079248,0
23,2,0,0.307253,0.00788922,0
23,2.1,0,0.307181,0.00808759,0
23,2.2,0,0.307161,0.00819104,0
23,2.3,0,0.307059,0.00826537,0
23,2.4,0,0.306743,0.00841749,0
23,2.5,0,0.306447,0.00842148,0
23,2.6,0,0.305729,0.00864934,0
23,2.7,0,0.304925,0.00879854,0
23,2.8,0,0.303858,0.00889002,0
23,2.9,0,0.30236,0.00907076,0
23,3,0,0.300672,0.00910248,0
23,3.1,0,0.298405,0.0093068,0
23,3.2,0,0.295873,0.00944845,0
23,3.3,0,0.292735,0.00948734,0
23,3.4,0,0.289057,0.00959117,0
23,3.5,0,0.284944,0.0095497,0
23,3.6,0,0.280118,0.00956947,0
23,3.7,0,0.275035,0.00953891,0
23,3.8,0,0.26903,0.00933566,0
23,3.9,0,0.262757,0.0091513,0
23,4,0,0.256069,0.00884433,0
23,4.1,0,0.248681,0.00843011,0
23,4.2,0,0.241423,0.00802191,0
23,4.3,0,0.233389,0.00736666,0
23,4.4,0,0.225663,0.00674356,0
23,4.5,0,0.218004,0.00609591,0
23,4.6,0,0.209882,0.00513106,0
23,4.7,0,0.202443,0.00434096,0
23,4.8,0,0.195004,0.00328507,0
23,4.9,0,0.189164,0.0024748,0
23,5,0,0.184673,0.00196644,0
23,5.1,0,0.176934,0.000629015,0
23,5.2,0,0.172175,-0.000328763,0
23,5.3,0,0.168309,-0.00125572,0
23,5.4,0,0.165416,-0.00213448,0
23,5.5,0,0.163561,-0.00294849,0
23,5.6,0,0.162789,-0.00368346,0
23,5.7,0,0.163121,-0.00432767,0
23,5.8,0,0.164557,-0.00487207,0
23,5.9,0,0.167069,-0.00530841,0
23,6,0,0.172909,-0.00577733,0
23,6.1,0,0.176104,-0.0063782,0
23,6.2,0,0.18065,-0.00645227,0
23,6.3,0,0.186205,-0.00619521,0
23,6.4,0,0.193261,-0.00616589,0
23,6.5,0,0.200454,-0.00604889,0
23,6.6,0,0.207702,-0.00583608,0
23,6.7,0,0.215751,-0.00520173,0
23,6.8,0,0.223715,-0.00497693,0
23,6.9,0,0.231399,-0.00462108,0
23,7,0,0.238808,-0.00393823,0
23,7.1,0,0.24643,-0.00359124,0
23,7.2,0,0.253243,-0.00321693,0
23,7.3,0,0.259652,-0.00275682,0
23,7.4,0,0.265723,-0.00228724,0
23,7.5,0,0.271107,-0.00199027,0
23,7.6,0,0.276308,-0.00170676,0
23,7.7,0,0.280318,-0.00134333,0
23,7.8,0,0.284341,-0.00109332,0
23,7.9,0,0.287867,-0.000934495,0
23,8,0,0.29058,-0.000775242,0
23,8.1,0,0.293324,-0.000540975,0
23,8.2,0,0.295479,-0.000485174,0
23,8.3,0,0.297341,-0.000444279,0
23,8.4,0,0.298845,-0.000318376,0
23,8.5,0,0.300166,-0.000279631,0
23,8.6,0,0.301374,-0.000288836,0
23,8.7,0,0.302029,-0.000317465,0
23,8.8,0,0.302863,-0.00023543,0
23,8.9,0,0.303486,-0.000276605,0
23,9,0,0.303836,-0.000370903,0
23,9.1,0,0.304302,-0.000284113,0
23,9.2,0,0.304589,-0.000335411,0
23,9.3,0,0.304802,-0.000409161,0
23,9.4,0,0.30494,-0.000418911,0
23,9.5,0,0.305087,-0.000425383,0
23,9.6,0,0.30519,-0.000475252,0
23,9.7,0,0.305153,-0.000563797,0
23,9.8,0,0.305227,-0.000522908,0
23,9.9,0,0.305226,-0.00056662,0
23,10,0,0.305157,-0.000648295,0
23,10.1,0,0.305149,-0.000615481,0
23,10.2,0,0.305089,-0.000651818,0
23,10.3,0,0.305012,-0.000699512,0
23,10.4,0,0.304918,-0.000724138,0
23,10.5,0,0.304841,-0.000727197,0
23,10.6,0,0.304746,-0.000756757,0
23,10.7,0,0.304612,-0.000811096,0
23,10.8,0,0.304524,-0.000792076,0
23,10.9,0,0.304412,-0.000816034,0
23,11,0,0.304283,-0.000855697,0
23,11.1,0,0.304176,-0.000847883,0
23,11.2,0,0.304063,-0.000867075,0
23,11.3,0,0.303949,-0.000890038,0
23,11.4,0,0.303834,-0.000907662,0
23,11.5,0,0.303738,-0.000911414,0
23,11.6,0,0.303642,-0.000927415,0
23,11.7,0,0.303548,-0.000953772,0
23,11.8,0,0.303476,-0.000950378,0
23,11.9,0,0.303411,-0.000963452,0
23,12,0,0.303352,-0.000981185,0
23,12.1,0,0.303308,-0.000984786,0
23,12.2,0,0.303278,-0.00099322,0
23,12.3,0,0.303249,-0.00100301,0
23,12.4,0,0.303236,-0.001011,0
23,12.5,0,0.303229,-0.00101135,0
23,12.6,0,0.303222,-0.00101474,0
23,12.7,0,0.303217,-0.00102111,0
23.1,0,0,0.304728,0.00733485,0
23.1,0.1,0,0.304725,0.00737279,0
23.1,0.2,0,0.304738,0.00737329,0
23.1,0.3,0,0.304764,0.00737403,0
23.1,0.4,0,0.304808,0.00737993,0
23.1,0.5,0,0.304872,0.00734592,0
23.1,0.6,0,0.304935,0.00739877,0
23.1,0.7,0,0.30502,0.00741454,0
23.1,0.8,0,0.305128,0.00743143,0
23.1,0.9,0,0.305259,0.00745794,0
23.1,1,0,0.305425,0.00743993,0
23.1,1.1,0,0.305566,0.00751767,0
23.1,1.2,0,0.305739,0.00755725,0
23.1,1.3,0,0.30593,0.00759571,0
23.1,1.4,0,0.306128,0.00765119,0
23.1,1.5,0,0.306371,0.00765645,0
23.1,1.6,0,0.306526,0.0077681,0
23.1,1.7,0,0.306716,0.00784207,0
23.1,1.8,0,0.306889,0.00790976,0
23.1,1.9,0,0.307015,0.00800492,0
23.1,2,0,0.307183,0.00804405,0
23.1,2.1,0,0.307136,0.00819707,0
23.1,2.2,0,0.307108,0.00831607,0
23.1,2.3,0,0.30697,0.00841989,0
23.1,2.4,0,0.306653,0.00856383,0
23.1,2.5,0,0.306344,0.00864779,0
23.1,2.6,0,0.305581,0.00883999,0
23.1,2.7,0,0.304785,0.00900543,0
23.1,2.8,0,0.303671,0.00913745,0
23.1,2.9,0,0.302155,0.00931209,0
23.1,3,0,0.300565,0.00942547,0
23.1,3.1,0,0.298166,0.00960328,0
23.1,3.2,0,0.295668,0.00976122,0
23.1,3.3,0,0.292548,0.00984637,0
23.1,3.4,0,0.288841,0.00994548,0
23.1,3.5,0,0.28496,0.00998435,0
23.1,3.6,0,0.280017,0.00998417,0
23.1,3.7,0,0.274987,0.00996903,0
23.1,3.8,0,0.269162,0.00981863,0
23.1,3.9,0,0.262883,0.00963207,0
23.1,4,0,0.256428,0.0093939,0
23.1,4.1,0,0.249131,0.00898894,0
23.1,4.2,0,0.241901,0.00859092,0
23.1,4.3,0,0.234166,0.00801269,0
23.1,4.4,0,0.226486,0.00739868,0
23.1,4.5,0,0.218816,0.00677025,0
23.1,4.6,0,0.211061,0.00590205,0
23.1,4.7,0,0.203582,0.00510634,0
23.1,4.8,0,0.196584,0.00419153,0
23.1,4.9,0,0.190895,0.00342213,0
23.1,5,0,0.18572,0.0027646,0
23.1,5.1,0,0.177982,0.00145673,0
23.1,5.2,0,0.1732,0.000516994,0
23.1,5.3,0,0.16929,-0.000394633,0
23.1,5.4,0,0.166336,-0.00126097,0
23.1,5.5,0,0.164402,-0.00206584,0
23.1,5.6,0,0.163536,-0.00279521,0
23.1,5.7,0,0.163763,-0.00343741,0
23.1,5.8,0,0.165086,-0.00398325,0
23.1,5.9,0,0.16748,-0.00442454,0
23.1,6,0,0.173133,-0.00490928,0
23.1,6.1,0,0.1771,-0.00520913,0
23.1,6.2,0,0.181646,-0.0052832,0
23.1,6.3,0,0.186192,-0.00535728,0
23.1,6.4,0,0.193228,-0.00517736,0
23.1,6.5,0,0.200435,-0.00500427,0
23.1,6.6,0,0.207642,-0.00483119,0
23.1,6.7,0,0.215415,-0.00446128,0
23.1,6.8,0,0.223114,-0.00411238,0
23.1,6.9,0,0.230799,-0.00375654,0
23.1,7,0,0.238376,-0.00327377,0
23.1,7.1,0,0.24555,-0.00289847,0
23.1,7.2,0,0.252363,-0.00252416,0
23.1,7.3,0,0.259175,-0.00214986,0
23.1,7.4,0,0.265023,-0.00172326,0
23.1,7.5,0,0.270232,-0.00144032,0
23.1,7.6,0,0.275442,-0.00115738,0
23.1,7.7,0,0.280033,-0.000831707,0
23.1,7.8,0,0.283632,-0.000659525,0
23.1,7.9,0,0.287158,-0.000500701,0
23.1,8,0,0.290407,-0.000341731,0
23.1,8.1,0,0.292822,-0.00020352,0
23.1,8.2,0,0.294978,-0.000147719,0
23.1,8.3,0,0.297133,-9.19185e-05,0
23.1,8.4,0,0.298634,-1.23426e-05,0
23.1,8.5,0,0.299842,-2.15478e-05,0
23.1,8.6,0,0.30105,-3.07529e-05,0
23.1,8.7,0,0.301998,-2.66309e-05,0
23.1,8.8,0,0.302668,-4.03071e-05,0
23.1,8.9,0,0.30329,-8.14823e-05,0
23.1,9,0,0.303835,-0.000137916,0
23.1,9.1,0,0.304189,-0.000136674,0
23.1,9.2,0,0.304476,-0.000187971,0
23.1,9.3,0,0.304764,-0.000239269,0
23.1,9.4,0,0.304921,-0.000263376,0
23.1,9.5,0,0.305024,-0.000313245,0
23.1,9.6,0,0.305126,-0.000363115,0
23.1,9.7,0,0.30517,-0.000417074,0
23.1,9.8,0,0.305191,-0.000436485,0
23.1,9.9,0,0.30519,-0.000480197,0
23.1,10,0,0.305174,-0.000532381,0
23.1,10.1,0,0.305129,-0.000547722,0
23.1,10.2,0,0.305068,-0.00058406,0
23.1,10.3,0,0.305008,-0.000620398,0
23.1,10.4,0,0.304925,-0.000643482,0
23.1,10.5,0,0.30483,-0.000673042,0
23.1,10.6,0,0.304735,-0.000702602,0
23.1,10.7,0,0.304624,-0.000738721,0
23.1,10.8,0,0.30452,-0.000748001,0
23.1,10.9,0,0.304408,-0.000771959,0
23.1,11,0,0.304294,-0.000798217,0
23.1,11.1,0,0.304179,-0.000810946,0
23.1,11.2,0,0.304066,-0.00083045,0
23.1,11.3,0,0.303954,-0.000849953,0
23.1,11.4,0,0.303843,-0.000864084,0
23.1,11.5,0,0.303747,-0.000880085,0
23.1,11.6,0,0.303651,-0.000896086,0
23.1,11.7,0,0.303557,-0.000915775,0
23.1,11.8,0,0.303489,-0.000922457,0
23.1,11.9,0,0.303424,-0.000935531,0
23.1,12,0,0.303359,-0.000948852,0
23.1,12.1,0,0.303319,-0.000957737,0
23.1,12.2,0,0.303289,-0.000966966,0
23.1,12.3,0,0.303258,-0.000976194,0
23.1,12.4,0,0.303241,-0.000982665,0
23.1,12.5,0,0.303234,-0.000986047,0
23.1,12.6,0,0.303227,-0.000989428,0
23.1,12.7,0,0.30322,-0.000994093,0
23.2,0,0,0.304727,0.00739428,0
23.2,0.1,0,0.304744,0.00738034,0
23.2,0.2,0,0.304757,0.00738084,0
23.2,0.3,0,0.304784,0.00738415,0
23.2,0.4,0,0.304827,0.00739005,0
23.2,0.5,0,0.304864,0.00741317,0
23.2,0.6,0,0.304955,0.00741264,0
23.2,0.7,0,0.30504,0.00742841,0
23.2,0.8,0,0.305149,0.00745085,0
23.2,0.9,0,0.30528,0.00747737,0
23.2,1,0,0.305398,0.00752444,0
23.2,1.1,0,0.305585,0.00754534,0
23.2,1.2,0,0.305759,0.00758492,0
23.2,1.3,0,0.305946,0.00763525,0
23.2,1.4,0,0.306144,0.00769072,0
23.2,1.5,0,0.306318,0.00777146,0
23.2,1.6,0,0.306534,0.00782413,0
23.2,1.7,0,0.306725,0.0078981,0
23.2,1.8,0,0.306884,0.00798806,0
23.2,1.9,0,0.30701,0.00808322,0
23.2,2,0,0.307095,0.00820931,0
23.2,2.1,0,0.307108,0.00830452,0
23.2,2.2,0,0.30708,0.00842352,0
23.2,2.3,0,0.306909,0.00856423,0
23.2,2.4,0,0.306592,0.00870817,0
23.2,2.5,0,0.306216,0.0088884,0
23.2,2.6,0,0.305481,0.00902916,0
23.2,2.7,0,0.304685,0.0091946,0
23.2,2.8,0,0.303535,0.00937876,0
23.2,2.9,0,0.302019,0.00955339,0
23.2,3,0,0.30043,0.00976719,0
23.2,3.1,0,0.298017,0.00990248,0
23.2,3.2,0,0.295519,0.0100604,0
23.2,3.3,0,0.292438,0.0102075,0
23.2,3.4,0,0.288731,0.0103066,0
23.2,3.5,0,0.284949,0.0104459,0
23.2,3.6,0,0.280025,0.0104105,0
23.2,3.7,0,0.274994,0.0103954,0
23.2,3.8,0,0.269381,0.0103154,0
23.2,3.9,0,0.263102,0.0101288,0
23.2,4,0,0.25676,0.00999033,0
23.2,4.1,0,0.249641,0.00956587,0
23.2,4.2,0,0.24241,0.00916785,0
23.2,4.3,0,0.235001,0.00868454,0
23.2,4.4,0,0.227322,0.00807053,0
23.2,4.5,0,0.219583,0.0075281,0
23.2,4.6,0,0.212196,0.00668561,0
23.2,4.7,0,0.204717,0.0058899,0
23.2,4.8,0,0.198071,0.00512205,0
23.2,4.9,0,0.192382,0.00435265,0
23.2,5,0,0.186709,0.00368723,0
23.2,5.1,0,0.178972,0.00241982,0
23.2,5.2,0,0.174169,0.00150515,0
23.2,5.3,0,0.17022,0.000614876,0
23.2,5.4,0,0.167209,-0.000234226,0
23.2,5.5,0,0.165204,-0.00102653,0
23.2,5.6,0,0.164252,-0.00174832,0
23.2,5.7,0,0.164381,-0.00238807,0
23.2,5.8,0,0.165598,-0.00293652,0
23.2,5.9,0,0.167881,-0.00338544,0
23.2,6,0,0.173359,-0.00389285,0
23.2,6.1,0,0.177658,-0.00406405,0
23.2,6.2,0,0.182204,-0.00413812,0
23.2,6.3,0,0.18675,-0.0042122,0
23.2,6.4,0,0.193071,-0.00416217,0
23.2,6.5,0,0.200279,-0.00398909,0
23.2,6.6,0,0.207486,-0.00381601,0
23.2,6.7,0,0.214863,-0.00361376,0
23.2,6.8,0,0.222548,-0.00325791,0
23.2,6.9,0,0.230233,-0.00290206,0
23.2,7,0,0.237934,-0.00252967,0
23.2,7.1,0,0.244823,-0.00219962,0
23.2,7.2,0,0.251636,-0.00182531,0
23.2,7.3,0,0.258449,-0.001451,0
23.2,7.4,0,0.26434,-0.00115964,0
23.2,7.5,0,0.26955,-0.000876702,0
23.2,7.6,0,0.27476,-0.000593763,0
23.2,7.7,0,0.279569,-0.000371394,0
23.2,7.8,0,0.283095,-0.00021257,0
23.2,7.9,0,0.286621,-5.37466e-05,0
23.2,8,0,0.290146,0.000105762,0
23.2,8.1,0,0.292445,0.000143039,0
23.2,8.2,0,0.294601,0.00019884,0
23.2,8.3,0,0.296756,0.000254641,0
23.2,8.4,0,0.29839,0.000250685,0
23.2,8.5,0,0.299598,0.00024148,0
23.2,8.6,0,0.300806,0.000232275,0
23.2,8.7,0,0.301896,0.000197956,0
23.2,8.8,0,0.302519,0.000156781,0
23.2,8.9,0,0.303141,0.000115606,0
23.2,9,0,0.303764,7.44305e-05,0
23.2,9.1,0,0.304102,1.09882e-05,0
23.2,9.2,0,0.304389,-4.03094e-05,0
23.2,9.3,0,0.304676,-9.16069e-05,0
23.2,9.4,0,0.304872,-0.00015177,0
23.2,9.5,0,0.304974,-0.000201639,0
23.2,9.6,0,0.305076,-0.000251508,0
23.2,9.7,0,0.305164,-0.000307151,0
23.2,9.8,0,0.305163,-0.000350862,0
23.2,9.9,0,0.305162,-0.000394574,0
23.2,10,0,0.305161,-0.000438285,0
23.2,10.1,0,0.305113,-0.000480758,0
23.2,10.2,0,0.305053,-0.000517096,0
23.2,10.3,0,0.304992,-0.000553433,0
23.2,10.4,0,0.304917,-0.000589998,0
23.2,10.5,0,0.304822,-0.000619558,0
23.2,10.6,0,0.304727,-0.000649118,0
23.2,10.7,0,0.304631,-0.000679842,0
23.2,10.8,0,0.304518,-0.000704465,0
23.2,10.9,0,0.304405,-0.000728423,0
23.2,11,0,0.304293,-0.000752381,0
23.2,11.1,0,0.304181,-0.000774743,0
23.2,11.2,0,0.304068,-0.000794247,0
23.2,11.3,0,0.303956,-0.00081375,0
23.2,11.4,0,0.303849,-0.000833089,0
23.2,11.5,0,0.303753,-0.00084909,0
23.2,11.6,0,0.303657,-0.000865091,0
23.2,11.7,0,0.303566,-0.000879738,0
23.2,11.8,0,0.303498,-0.000894835,0
23.2,11.9,0,0.303432,-0.000907909,0
23.2,12,0,0.303367,-0.000920982,0
23.2,12.1,0,0.303326,-0.000932016,0
23.2,12.2,0,0.303296,-0.000941244,0
23.2,12.3,0,0.303265,-0.000950473,0
23.2,12.4,0,0.303244,-0.000958089,0
23.2,12.5,0,0.303237,-0.000961471,0
23.2,12.6,0,0.30323,-0.000964852,0
23.2,12.7,0,0.303225,-0.000966361,0
23.3,0,0,0.304722,0.00745938,0
23.3,0.1,0,0.304757,0.00738764,0
23.3,0.2,0,0.304769,0.00738814,0
23.3,0.3,0,0.304794,0.0073919,0
23.3,0.4,0,0.304838,0.0073978,0
23.3,0.5,0,0.304848,0.00748983,0
23.3,0.6,0,0.304965,0.00742411,0
23.3,0.7,0,0.30505,0.00743988,0
23.3,0.8,0,0.305158,0.00746748,0
23.3,0.9,0,0.305289,0.007494,0
23.3,1,0,0.305353,0.00762331,0
23.3,1.1,0,0.305596,0.00756949,0
23.3,1.2,0,0.305769,0.00760906,0
23.3,1.3,0,0.305958,0.00767062,0
23.3,1.4,0,0.306157,0.00772609,0
23.3,1.5,0,0.306231,0.00790788,0
23.3,1.6,0,0.30655,0.00787538,0
23.3,1.7,0,0.30674,0.00794935,0
23.3,1.8,0,0.306902,0.00806088,0
23.3,1.9,0,0.307028,0.00815604,0
23.3,2,0,0.306951,0.00840584,0
23.3,2.1,0,0.307131,0.00840591,0
23.3,2.2,0,0.307103,0.00852492,0
23.3,2.3,0,0.306939,0.00870257,0
23.3,2.4,0,0.306621,0.00884651,0
23.3,2.5,0,0.306011,0.0091719,0
23.3,2.6,0,0.305524,0.00921394,0
23.3,2.7,0,0.304727,0.00937938,0
23.3,2.8,0,0.303605,0.00962002,0
23.3,2.9,0,0.302088,0.00979465,0
23.3,3,0,0.300208,0.0101651,0
23.3,3.1,0,0.298138,0.0102098,0
23.3,3.2,0,0.29564,0.0103677,0
23.3,3.3,0,0.292643,0.0105889,0
23.3,3.4,0,0.288936,0.010688,0
23.3,3.5,0,0.284859,0.0109883,0
23.3,3.6,0,0.280356,0.0108718,0
23.3,3.7,0,0.275326,0.0108567,0
23.3,3.8,0,0.26988,0.0108602,0
23.3,3.9,0,0.263601,0.0106736,0
23.3,4,0,0.257005,0.0107273,0
23.3,4.1,0,0.250331,0.0101971,0
23.3,4.2,0,0.243101,0.00979909,0
23.3,4.3,0,0.235874,0.0094066,0
23.3,4.4,0,0.228195,0.00879259,0
23.3,4.5,0,0.220216,0.00853652,0
23.3,4.6,0,0.213197,0.00750687,0
23.3,4.7,0,0.205718,0.00671116,0
23.3,4.8,0,0.198825,0.00600214,0
23.3,4.9,0,0.193136,0.00523274,0
23.3,5,0,0.187526,0.00498321,0
23.3,5.1,0,0.179792,0.00378902,0
23.3,5.2,0,0.174975,0.00292052,0
23.3,5.3,0,0.170998,0.00206965,0
23.3,5.4,0,0.167946,0.0012522,0
23.3,5.5,0,0.165887,0.000482797,0
23.3,5.6,0,0.16487,-0.000225527,0
23.3,5.7,0,0.164925,-0.000861555,0
23.3,5.8,0,0.16606,-0.00141602,0
23.3,5.9,0,0.168256,-0.00188064,0
23.3,6,0,0.173593,-0.00243127,0
23.3,6.1,0,0.176904,-0.00299094,0
23.3,6.2,0,0.18145,-0.00306502,0
23.3,6.3,0,0.186324,-0.00302336,0
23.3,6.4,0,0.192502,-0.00323526,0
23.3,6.5,0,0.199709,-0.00306218,0
23.3,6.6,0,0.206916,-0.0028891,0
23.3,6.7,0,0.214524,-0.00261272,0
23.3,6.8,0,0.222086,-0.00243366,0
23.3,6.9,0,0.229771,-0.00207781,0
23.3,7,0,0.237598,-0.00158224,0
23.3,7.1,0,0.244558,-0.00148252,0
23.3,7.2,0,0.251371,-0.00110821,0
23.3,7.3,0,0.258175,-0.000713991,0
23.3,7.4,0,0.264236,-0.000555034,0
23.3,7.5,0,0.269445,-0.000272094,0
23.3,7.6,0,0.274655,1.08447e-05,0
23.3,7.7,0,0.279447,0.000217758,0
23.3,7.8,0,0.283071,0.000273868,0
23.3,7.9,0,0.286597,0.000432692,0
23.3,8,0,0.290101,0.000628883,0
23.3,8.1,0,0.292443,0.000516914,0
23.3,8.2,0,0.294599,0.000572715,0
23.3,8.3,0,0.296763,0.000638863,0
23.3,8.4,0,0.298386,0.000528548,0
23.3,8.5,0,0.299594,0.000519342,0
23.3,8.6,0,0.300802,0.000510137,0
23.3,8.7,0,0.301961,0.000507196,0
23.3,8.8,0,0.30251,0.000359764,0
23.3,8.9,0,0.303132,0.000318589,0
23.3,9,0,0.303851,0.000334726,0
23.3,9.1,0,0.304092,0.000159318,0
23.3,9.2,0,0.304379,0.000108021,0
23.3,9.3,0,0.304676,6.23194e-05,0
23.3,9.4,0,0.304874,-3.25878e-05,0
23.3,9.5,0,0.304967,-9.16275e-05,0
23.3,9.6,0,0.305069,-0.000141497,0
23.3,9.7,0,0.305235,-0.000152645,0
23.3,9.8,0,0.305159,-0.000267637,0
23.3,9.9,0,0.305158,-0.000311349,0
23.3,10,0,0.305211,-0.000321222,0
23.3,10.1,0,0.305112,-0.000416177,0
23.3,10.2,0,0.305051,-0.000452514,0
23.3,10.3,0,0.304991,-0.000488852,0
23.3,10.4,0,0.304928,-0.000528684,0
23.3,10.5,0,0.304822,-0.000568086,0
23.3,10.6,0,0.304726,-0.000597646,0
23.3,10.7,0,0.304672,-0.000602293,0
23.3,10.8,0,0.304518,-0.00066255,0
23.3,10.9,0,0.304405,-0.000686508,0
23.3,11,0,0.304315,-0.00069716,0
23.3,11.1,0,0.30418,-0.000739808,0
23.3,11.2,0,0.304067,-0.000759311,0
23.3,11.3,0,0.303955,-0.000778815,0
23.3,11.4,0,0.303856,-0.00079658,0
23.3,11.5,0,0.303751,-0.000819098,0
23.3,11.6,0,0.303656,-0.000835099,0
23.3,11.7,0,0.303585,-0.000837951,0
23.3,11.8,0,0.303494,-0.000868107,0
23.3,11.9,0,0.303429,-0.000881181,0
23.3,12,0,0.303373,-0.000889026,0
23.3,12.1,0,0.303323,-0.000907893,0
23.3,12.2,0,0.303293,-0.000917121,0
23.3,12.3,0,0.303262,-0.00092635,0
23.3,12.4,0,0.303247,-0.000931531,0
23.3,12.5,0,0.303235,-0.000939087,0
23.3,12.6,0,0.303228,-0.000942469,0
23.3,12.7,0,0.303231,-0.000936486,0
23.4,0,0,0.304717,0.00752447,0
23.4,0.1,0,0.30477,0.00739494,0
23.4,0.2,0,0.304768,0.00743837,0
23.4,0.3,0,0.304792,0.00744227,0
23.4,0.4,0,0.304848,0.00740555,0
23.4,0.5,0,0.304832,0.00756649,0
23.4,0.6,0,0.304974,0.00743558,0
23.4,0.7,0,0.305032,0.00750386,0
23.4,0.8,0,0.305141,0.00753301,0
23.4,0.9,0,0.305299,0.00751063,0
23.4,1,0,0.305308,0.00772217,0
23.4,1.1,0,0.305606,0.00759363,0
23.4,1.2,0,0.305727,0.00769694,0
23.4,1.3,0,0.305917,0.00776186,0
23.4,1.4,0,0.30617,0.00776146,0
23.4,1.5,0,0.306143,0.00804431,0
23.4,1.6,0,0.306566,0.00792663,0
23.4,1.7,0,0.306666,0.00807905,0
23.4,1.8,0,0.306828,0.00819705,0
23.4,1.9,0,0.307047,0.00822886,0
23.4,2,0,0.306808,0.00860238,0
23.4,2.1,0,0.307153,0.00850731,0
23.4,2.2,0,0.306987,0.00872091,0
23.4,2.3,0,0.306825,0.00890964,0
23.4,2.4,0,0.30665,0.00898484,0
23.4,2.5,0,0.305806,0.00945539,0
23.4,2.6,0,0.305566,0.00939872,0
23.4,2.7,0,0.304583,0.00967094,0
23.4,2.8,0,0.303468,0.00992853,0
23.4,2.9,0,0.302158,0.0100359,0
23.4,3,0,0.299986,0.0105631,0
23.4,3.1,0,0.298258,0.0105171,0
23.4,3.2,0,0.295549,0.0107859,0
23.4,3.3,0,0.292578,0.0110293,0
23.4,3.4,0,0.289141,0.0110694,0
23.4,3.5,0,0.284769,0.0115307,0
23.4,3.6,0,0.280688,0.0113331,0
23.4,3.7,0,0.275465,0.0114369,0
23.4,3.8,0,0.270069,0.0114655,0
23.4,3.9,0,0.2641,0.0112184,0
23.4,4,0,0.257251,0.0114643,0
23.4,4.1,0,0.251021,0.0108283,0
23.4,4.2,0,0.243623,0.0105926,0
23.4,4.3,0,0.236451,0.0102273,0
23.4,4.4,0,0.229067,0.00951465,0
23.4,4.5,0,0.220849,0.00954495,0
23.4,4.6,0,0.214198,0.00832813,0
23.4,4.7,0,0.206552,0.0077738,0
23.4,4.8,0,0.199585,0.00708243,0
23.4,4.9,0,0.19389,0.00611282,0
23.4,5,0,0.188342,0.00627919,0
23.4,5.1,0,0.180611,0.00515822,0
23.4,5.2,0,0.175781,0.00433588,0
23.4,5.3,0,0.171776,0.00352443,0
23.4,5.4,0,0.168683,0.00273862,0
23.4,5.5,0,0.16657,0.00199212,0
23.4,5.6,0,0.165488,0.00129727,0
23.4,5.7,0,0.165469,0.000664966,0
23.4,5.8,0,0.166522,0.000104482,0
23.4,5.9,0,0.168631,-0.000375837,0
23.4,6,0,0.173826,-0.000969693,0
23.4,6.1,0,0.17615,-0.00191784,0
23.4,6.2,0,0.180696,-0.00199192,0
23.4,6.3,0,0.186314,-0.0016874,0
23.4,6.4,0,0.19235,-0.00200309,0
23.4,6.5,0,0.199139,-0.00213528,0
23.4,6.6,0,0.206553,-0.00182642,0
23.4,6.7,0,0.214282,-0.0014705,0
23.4,6.8,0,0.221624,-0.00160941,0
23.4,6.9,0,0.229309,-0.00125356,0
23.4,7,0,0.237261,-0.000634813,0
23.4,7.1,0,0.244289,-0.000753379,0
23.4,7.2,0,0.251106,-0.000391103,0
23.4,7.3,0,0.257884,6.4438e-05,0
23.4,7.4,0,0.26397,0.000199398,0
23.4,7.5,0,0.269341,0.000332513,0
23.4,7.6,0,0.274517,0.000633351,0
23.4,7.7,0,0.279277,0.000857125,0
23.4,7.8,0,0.283047,0.000760307,0
23.4,7.9,0,0.286573,0.000919131,0
23.4,8,0,0.290056,0.001152,0
23.4,8.1,0,0.292433,0.000915848,0
23.4,8.2,0,0.294596,0.000946589,0
23.4,8.3,0,0.296805,0.00106226,0
23.4,8.4,0,0.298427,0.000948685,0
23.4,8.5,0,0.29959,0.000797205,0
23.4,8.6,0,0.300834,0.000811987,0
23.4,8.7,0,0.302047,0.00084514,0
23.4,8.8,0,0.302501,0.000562747,0
23.4,8.9,0,0.303123,0.000521572,0
23.4,9,0,0.303949,0.000601178,0
23.4,9.1,0,0.304113,0.000341146,0
23.4,9.2,0,0.30437,0.000256351,0
23.4,9.3,0,0.304768,0.000270639,0
23.4,9.4,0,0.304966,0.000175732,0
23.4,9.5,0,0.30496,1.83841e-05,0
23.4,9.6,0,0.305086,-1.66955e-05,0
23.4,9.7,0,0.305314,9.51979e-06,0
23.4,9.8,0,0.305155,-0.000184412,0
23.4,9.9,0,0.305154,-0.000228124,0
23.4,10,0,0.305277,-0.000195017,0
23.4,10.1,0,0.305137,-0.000326992,0
23.4,10.2,0,0.30505,-0.000387933,0
23.4,10.3,0,0.305042,-0.000391039,0
23.4,10.4,0,0.30498,-0.00043011,0
23.4,10.5,0,0.304821,-0.000516614,0
23.4,10.6,0,0.304733,-0.000541795,0
23.4,10.7,0,0.304714,-0.000524743,0
23.4,10.8,0,0.304518,-0.000620635,0
23.4,10.9,0,0.304405,-0.000644593,0
23.4,11,0,0.304348,-0.000635433,0
23.4,11.1,0,0.304196,-0.000691077,0
23.4,11.2,0,0.304067,-0.000724376,0
23.4,11.3,0,0.303977,-0.000730838,0
23.4,11.4,0,0.303882,-0.000746514,0
23.4,11.5,0,0.30375,-0.000789106,0
23.4,11.6,0,0.303655,-0.000804491,0
23.4,11.7,0,0.303605,-0.000796165,0
23.4,11.8,0,0.303491,-0.000841379,0
23.4,11.9,0,0.303426,-0.000854453,0
23.4,12,0,0.303387,-0.000852894,0
23.4,12.1,0,0.303331,-0.000876197,0
23.4,12.2,0,0.303289,-0.000892998,0
23.4,12.3,0,0.303268,-0.000896449,0
23.4,12.4,0,0.303255,-0.000899665,0
23.4,12.5,0,0.303234,-0.000916703,0
23.4,12.6,0,0.303227,-0.000920085,0
23.4,12.7,0,0.303237,-0.000906611,0
23.5,0,0,0.304712,0.00758957,0
23.5,0.1,0,0.30478,0.00741091,0
23.5,0.2,0,0.30476,0.00750701,0
23.5,0.3,0,0.304784,0.00751091,0
23.5,0.4,0,0.304854,0.00742364,0
23.5,0.5,0,0.304816,0.00764315,0
23.5,0.6,0,0.304979,0.00745683,0
23.5,0.7,0,0.305004,0.00759035,0
23.5,0.8,0,0.305112,0.00761949,0
23.5,0.9,0,0.3053,0.00753959,0
23.5,1,0,0.305263,0.00782103,0
23.5,1.1,0,0.305609,0.00762898,0
23.5,1.2,0,0.305663,0.00781213,0
23.5,1.3,0,0.305853,0.00787705,0
23.5,1.4,0,0.306168,0.00781199,0
23.5,1.5,0,0.306056,0.00818073,0
23.5,1.6,0,0.306566,0.00799065,0
23.5,1.7,0,0.306552,0.00824237,0
23.5,1.8,0,0.306715,0.00836037,0
23.5,1.9,0,0.307041,0.00832024,0
23.5,2,0,0.306664,0.00879892,0
23.5,2.1,0,0.307151,0.00862297,0
23.5,2.2,0,0.306812,0.00895745,0
23.5,2.3,0,0.306649,0.00914618,0
23.5,2.4,0,0.306644,0.00914495,0
23.5,2.5,0,0.305601,0.00973889,0
23.5,2.6,0,0.305572,0.0095983,0
23.5,2.7,0,0.304358,0.0100083,0
23.5,2.8,0,0.303243,0.0102659,0
23.5,2.9,0,0.302184,0.0103007,0
23.5,3,0,0.299764,0.010961,0
23.5,3.1,0,0.298327,0.010838,0
23.5,3.2,0,0.295367,0.0112517,0
23.5,3.3,0,0.292396,0.0114951,0
23.5,3.4,0,0.289302,0.011475,0
23.5,3.5,0,0.284678,0.0120731,0
23.5,3.6,0,0.280957,0.0118065,0
23.5,3.7,0,0.275521,0.0120682,0
23.5,3.8,0,0.270125,0.0120968,0
23.5,3.9,0,0.26456,0.011792,0
23.5,4,0,0.257496,0.0122013,0
23.5,4.1,0,0.251644,0.0114754,0
23.5,4.2,0,0.244073,0.0114555,0
23.5,4.3,0,0.236901,0.0110903,0
23.5,4.4,0,0.229904,0.0102797,0
23.5,4.5,0,0.221482,0.0105534,0
23.5,4.6,0,0.215144,0.00917746,0
23.5,4.7,0,0.207314,0.00893989,0
23.5,4.8,0,0.200347,0.00824852,0
23.5,4.9,0,0.194654,0.00705529,0
23.5,5,0,0.189159,0.00757518,0
23.5,5.1,0,0.181431,0.00652742,0
23.5,5.2,0,0.176586,0.00575125,0
23.5,5.3,0,0.172554,0.0049792,0
23.5,5.4,0,0.16942,0.00422505,0
23.5,5.5,0,0.167253,0.00350145,0
23.5,5.6,0,0.166107,0.00282007,0
23.5,5.7,0,0.166013,0.00219149,0
23.5,5.8,0,0.166984,0.00162498,0
23.5,5.9,0,0.169006,0.00112897,0
23.5,6,0,0.17406,0.000491887,0
23.5,6.1,0,0.176321,-0.000480902,0
23.5,6.2,0,0.180037,-0.000885464,0
23.5,6.3,0,0.186304,-0.000351434,0
23.5,6.4,0,0.19234,-0.000667131,0
23.5,6.5,0,0.198569,-0.00120837,0
23.5,6.6,0,0.206311,-0.000684195,0
23.5,6.7,0,0.21404,-0.000328282,0
23.5,6.8,0,0.221215,-0.000708038,0
23.5,6.9,0,0.22895,-0.000328195,0
23.5,7,0,0.236924,0.000312616,0
23.5,7.1,0,0.243952,0.00019405,0
23.5,7.2,0,0.25084,0.000326687,0
23.5,7.3,0,0.257593,0.000842867,0
23.5,7.4,0,0.263679,0.000977827,0
23.5,7.5,0,0.269237,0.00093712,0
23.5,7.6,0,0.274347,0.00127272,0
23.5,7.7,0,0.279107,0.00149649,0
23.5,7.8,0,0.282971,0.00130153,0
23.5,7.9,0,0.286534,0.00143144,0
23.5,8,0,0.29001,0.00167513,0
23.5,8.1,0,0.292388,0.00143897,0
23.5,8.2,0,0.294594,0.00132046,0
23.5,8.3,0,0.296847,0.00148565,0
23.5,8.4,0,0.298468,0.00137208,0
23.5,8.5,0,0.299586,0.00107507,0
23.5,8.6,0,0.300919,0.00114993,0
23.5,8.7,0,0.302132,0.00118308,0
23.5,8.8,0,0.302537,0.000829685,0
23.5,8.9,0,0.303177,0.000761973,0
23.5,9,0,0.304046,0.00086763,0
23.5,9.1,0,0.30421,0.000607599,0
23.5,9.2,0,0.30436,0.000404681,0
23.5,9.3,0,0.30486,0.000478958,0
23.5,9.4,0,0.305058,0.000384051,0
23.5,9.5,0,0.304953,0.000128396,0
23.5,9.6,0,0.305166,0.000145469,0
23.5,9.7,0,0.305394,0.000171684,0
23.5,9.8,0,0.3052,-5.46483e-05,0
23.5,9.9,0,0.305183,-0.000124531,0
23.5,10,0,0.305342,-6.88123e-05,0
23.5,10.1,0,0.305202,-0.000200787,0
23.5,10.2,0,0.305048,-0.000323352,0
23.5,10.3,0,0.305094,-0.000292464,0
23.5,10.4,0,0.305032,-0.000331535,0
23.5,10.5,0,0.304821,-0.000465142,0
23.5,10.6,0,0.304775,-0.000464246,0
23.5,10.7,0,0.304755,-0.000447194,0
23.5,10.8,0,0.304547,-0.00055359,0
23.5,10.9,0,0.304417,-0.000595581,0
23.5,11,0,0.304381,-0.000573707,0
23.5,11.1,0,0.304229,-0.000629351,0
23.5,11.2,0,0.304066,-0.00068944,0
23.5,11.3,0,0.304003,-0.000680772,0
23.5,11.4,0,0.303908,-0.000696448,0
23.5,11.5,0,0.303748,-0.00075889,0
23.5,11.6,0,0.303674,-0.000762704,0
23.5,11.7,0,0.303625,-0.000754378,0
23.5,11.8,0,0.303507,-0.00080229,0
23.5,11.9,0,0.303427,-0.000825445,0
23.5,12,0,0.303401,-0.000816761,0
23.5,12.1,0,0.303345,-0.000840064,0
23.5,12.2,0,0.303286,-0.000868876,0
23.5,12.3,0,0.303277,-0.000864583,0
23.5,12.4,0,0.303264,-0.000867799,0
23.5,12.5,0,0.303233,-0.000893117,0
23.5,12.6,0,0.303233,-0.000890685,0
23.5,12.7,0,0.303244,-0.000876737,0
23.6,0,0,0.304707,0.00765466,0
23.6,0.1,0,0.304775,0.007476,0
23.6,0.2,0,0.304752,0.00757564,0
23.6,0.3,0,0.304776,0.00757954,0
23.6,0.4,0,0.304838,0.0075003,0
23.6,0.5,0,0.304799,0.00771981,0
23.6,0.6,0,0.304963,0.00753349,0
23.6,0.7,0,0.304975,0.00767684,0
23.6,0.8,0,0.305083,0.00770598,0
23.6,0.9,0,0.305255,0.00763845,0
23.6,1,0,0.305218,0.00791989,0
23.6,1.1,0,0.305564,0.00772785,0
23.6,1.2,0,0.305598,0.00792731,0
23.6,1.3,0,0.305788,0.00799224,0
23.6,1.4,0,0.30608,0.00794841,0
23.6,1.5,0,0.305968,0.00831716,0
23.6,1.6,0,0.306479,0.00812708,0
23.6,1.7,0,0.306438,0.00840569,0
23.6,1.8,0,0.306601,0.00852369,0
23.6,1.9,0,0.306898,0.00851678,0
23.6,2,0,0.306521,0.00899545,0
23.6,2.1,0,0.307007,0.00881951,0
23.6,2.2,0,0.306636,0.00919399,0
23.6,2.3,0,0.306474,0.00938272,0
23.6,2.4,0,0.306439,0.00942845,0
23.6,2.5,0,0.305396,0.0100224,0
23.6,2.6,0,0.305367,0.0098818,0
23.6,2.7,0,0.304133,0.0103456,0
23.6,2.8,0,0.303019,0.0106032,0
23.6,2.9,0,0.301962,0.0106986,0
23.6,3,0,0.299542,0.0113589,0
23.6,3.1,0,0.298105,0.011236,0
23.6,3.2,0,0.295185,0.0117174,0
23.6,3.3,0,0.292215,0.0119608,0
23.6,3.4,0,0.289212,0.0120174,0
23.6,3.5,0,0.284588,0.0126154,0
23.6,3.6,0,0.280866,0.0123489,0
23.6,3.7,0,0.275577,0.0126995,0
23.6,3.8,0,0.270181,0.0127281,0
23.6,3.9,0,0.264806,0.012529,0
23.6,4,0,0.257742,0.0129384,0
23.6,4.1,0,0.25189,0.0122125,0
23.6,4.2,0,0.244522,0.0123185,0
23.6,4.3,0,0.23735,0.0119533,0
23.6,4.4,0,0.230537,0.0112881,0
23.6,4.5,0,0.222115,0.0115618,0
23.6,4.6,0,0.215777,0.0101859,0
23.6,4.7,0,0.208076,0.010106,0
23.6,4.8,0,0.201109,0.00941461,0
23.6,4.9,0,0.19547,0.00835128,0
23.6,5,0,0.189975,0.00887116,0
23.6,5.1,0,0.182251,0.00789662,0
23.6,5.2,0,0.177392,0.00716661,0
23.6,5.3,0,0.173332,0.00643398,0
23.6,5.4,0,0.170157,0.00571148,0
23.6,5.5,0,0.167936,0.00501077,0
23.6,5.6,0,0.166725,0.00434286,0
23.6,5.7,0,0.166557,0.00371801,0
23.6,5.8,0,0.167446,0.00314548,0
23.6,5.9,0,0.16938,0.00263377,0
23.6,6,0,0.174294,0.00195347,0
23.6,6.1,0,0.176555,0.000980678,0
23.6,6.2,0,0.180027,0.000450498,0
23.6,6.3,0,0.186294,0.000984528,0
23.6,6.4,0,0.19233,0.000668832,0
23.6,6.5,0,0.198346,-3.61199e-05,0
23.6,6.6,0,0.20607,0.000458026,0
23.6,6.7,0,0.213799,0.000813939,0
23.6,6.8,0,0.220974,0.000434183,0
23.6,6.9,0,0.228613,0.000619234,0
23.6,7,0,0.236587,0.00126004,0
23.6,7.1,0,0.243615,0.00114148,0
23.6,7.2,0,0.250549,0.00110512,0
23.6,7.3,0,0.257301,0.0016213,0
23.6,7.4,0,0.263388,0.00175626,0
23.6,7.5,0,0.269016,0.00164407,0
23.6,7.6,0,0.274178,0.00191209,0
23.6,7.7,0,0.278938,0.00213586,0
23.6,7.8,0,0.282801,0.00194089,0
23.6,7.9,0,0.286489,0.00195456,0
23.6,8,0,0.289965,0.00219825,0
23.6,8.1,0,0.292343,0.00196209,0
23.6,8.2,0,0.294631,0.00173868,0
23.6,8.3,0,0.296888,0.00190905,0
23.6,8.4,0,0.29851,0.00179547,0
23.6,8.5,0,0.29962,0.00145475,0
23.6,8.6,0,0.301005,0.00148788,0
23.6,8.7,0,0.302218,0.00152103,0
23.6,8.8,0,0.302622,0.00116763,0
23.6,8.9,0,0.303275,0.00102843,0
23.6,9,0,0.304144,0.00113408,0
23.6,9.1,0,0.304308,0.000874051,0
23.6,9.2,0,0.30443,0.000599794,0
23.6,9.3,0,0.304952,0.000687278,0
23.6,9.4,0,0.30515,0.000592371,0
23.6,9.5,0,0.305023,0.000315073,0
23.6,9.6,0,0.305245,0.000307633,0
23.6,9.7,0,0.305473,0.000333849,0
23.6,9.8,0,0.305279,0.000107516,0
23.6,9.9,0,0.305248,1.67324e-06,0
23.6,10,0,0.305407,5.73924e-05,0
23.6,10.1,0,0.305267,-7.45828e-05,0
23.6,10.2,0,0.305088,-0.000230904,0
23.6,10.3,0,0.305147,-0.00019389,0
23.6,10.4,0,0.305085,-0.000232961,0
23.6,10.5,0,0.304868,-0.000371489,0
23.6,10.6,0,0.304816,-0.000386696,0
23.6,10.7,0,0.304797,-0.000369644,0
23.6,10.8,0,0.304588,-0.00047604,0
23.6,10.9,0,0.30445,-0.000533855,0
23.6,11,0,0.304413,-0.000511981,0
23.6,11.1,0,0.304262,-0.000567624,0
23.6,11.2,0,0.304087,-0.000640808,0
23.6,11.3,0,0.304028,-0.000630706,0
23.6,11.4,0,0.303933,-0.000646382,0
23.6,11.5,0,0.303774,-0.000708824,0
23.6,11.6,0,0.303694,-0.000720917,0
23.6,11.7,0,0.303644,-0.000712591,0
23.6,11.8,0,0.303526,-0.000760503,0
23.6,11.9,0,0.303441,-0.000789312,0
23.6,12,0,0.303415,-0.000780629,0
23.6,12.1,0,0.303358,-0.000803932,0
23.6,12.2,0,0.303294,-0.000837592,0
23.6,12.3,0,0.303285,-0.000832717,0
23.6,12.4,0,0.303273,-0.000835934,0
23.6,12.5,0,0.303242,-0.000861251,0
23.6,12.6,0,0.303239,-0.000860811,0
23.6,12.7,0,0.30325,-0.000846862,0
23.7,0,0,0.304701,0.00771975,0
23.7,0.1,0,0.304757,0.0075779,0
23.7,0.2,0,0.304744,0.00764428,0
23.7,0.3,0,0.304768,0.00764818,0
23.7,0.4,0,0.304811,0.00761349,0
23.7,0.5,0,0.304783,0.00779647,0
23.7,0.6,0,0.304924,0.00765516,0
23.7,0.7,0,0.304946,0.00776332,0
23.7,0.8,0,0.305055,0.00779247,0
23.7,0.9,0,0.305187,0.00777923,0
23.7,1,0,0.305174,0.00801875,0
23.7,1.1,0,0.305474,0.00788133,0
23.7,1.2,0,0.305534,0.0080425,0
23.7,1.3,0,0.305723,0.00810743,0
23.7,1.4,0,0.305946,0.00813273,0
23.7,1.5,0,0.305881,0.00845358,0
23.7,1.6,0,0.306314,0.00833074,0
23.7,1.7,0,0.306324,0.00856901,0
23.7,1.8,0,0.306487,0.00868701,0
23.7,1.9,0,0.306675,0.00876761,0
23.7,2,0,0.306377,0.00919199,0
23.7,2.1,0,0.306745,0.00909713,0
23.7,2.2,0,0.306461,0.00943052,0
23.7,2.3,0,0.306299,0.00961925,0
23.7,2.4,0,0.306112,0.00977086,0
23.7,2.5,0,0.305191,0.0103059,0
23.7,2.6,0,0.305001,0.0102568,0
23.7,2.7,0,0.303908,0.0106829,0
23.7,2.8,0,0.302794,0.0109405,0
23.7,2.9,0,0.301563,0.0111542,0
23.7,3,0,0.29932,0.0117569,0
23.7,3.1,0,0.297702,0.011729,0
23.7,3.2,0,0.295004,0.0121831,0
23.7,3.3,0,0.292033,0.0124265,0
23.7,3.4,0,0.28889,0.0126104,0
23.7,3.5,0,0.284498,0.0131578,0
23.7,3.6,0,0.280611,0.0129933,0
23.7,3.7,0,0.275633,0.0133308,0
23.7,3.8,0,0.270237,0.0133593,0
23.7,3.9,0,0.264786,0.0133179,0
23.7,4,0,0.257987,0.0136754,0
23.7,4.1,0,0.251991,0.0130885,0
23.7,4.2,0,0.244972,0.0131815,0
23.7,4.3,0,0.2378,0.0128163,0
23.7,4.4,0,0.230916,0.0123811,0
23.7,4.5,0,0.222747,0.0125702,0
23.7,4.6,0,0.216266,0.0114012,0
23.7,4.7,0,0.208838,0.0112721,0
23.7,4.8,0,0.201871,0.0105807,0
23.7,4.9,0,0.196292,0.00981886,0
23.7,5,0,0.190792,0.0101671,0
23.7,5.1,0,0.18307,0.00926582,0
23.7,5.2,0,0.178198,0.00858198,0
23.7,5.3,0,0.17411,0.00788876,0
23.7,5.4,0,0.170893,0.0071979,0
23.7,5.5,0,0.16862,0.00652009,0
23.7,5.6,0,0.167344,0.00586566,0
23.7,5.7,0,0.167101,0.00524453,0
23.7,5.8,0,0.167908,0.00466598,0
23.7,5.9,0,0.169755,0.00413857,0
23.7,6,0,0.174527,0.00341505,0
23.7,6.1,0,0.176789,0.00244226,0
23.7,6.2,0,0.180633,0.00202853,0
23.7,6.3,0,0.186285,0.00232049,0
23.7,6.4,0,0.192321,0.00200479,0
23.7,6.5,0,0.198664,0.00151516,0
23.7,6.6,0,0.205828,0.00160025,0
23.7,6.7,0,0.213557,0.00195616,0
23.7,6.8,0,0.220796,0.00163891,0
23.7,6.9,0,0.228276,0.00156666,0
23.7,7,0,0.23625,0.00220747,0
23.7,7.1,0,0.243279,0.00208891,0
23.7,7.2,0,0.250205,0.00205371,0
23.7,7.3,0,0.25701,0.00239973,0
23.7,7.4,0,0.263096,0.00253469,0
23.7,7.5,0,0.26866,0.00245726,0
23.7,7.6,0,0.274008,0.00255145,0
23.7,7.7,0,0.278768,0.00277523,0
23.7,7.8,0,0.282623,0.00259463,0
23.7,7.9,0,0.286437,0.00248453,0
23.7,8,0,0.28992,0.00272137,0
23.7,8.1,0,0.292297,0.00248521,0
23.7,8.2,0,0.294636,0.00228961,0
23.7,8.3,0,0.29693,0.00233244,0
23.7,8.4,0,0.298552,0.00221887,0
23.7,8.5,0,0.299751,0.00193822,0
23.7,8.6,0,0.30109,0.00182582,0
23.7,8.7,0,0.302303,0.00185897,0
23.7,8.8,0,0.302737,0.0015231,0
23.7,8.9,0,0.303387,0.00131653,0
23.7,9,0,0.304241,0.00140054,0
23.7,9.1,0,0.304405,0.0011405,0
23.7,9.2,0,0.304626,0.00092271,0
23.7,9.3,0,0.305044,0.000895597,0
23.7,9.4,0,0.305242,0.00080069,0
23.7,9.5,0,0.305199,0.000573988,0
23.7,9.6,0,0.305324,0.000469798,0
23.7,9.7,0,0.305552,0.000496013,0
23.7,9.8,0,0.30537,0.000276577,0
23.7,9.9,0,0.305336,0.000149675,0
23.7,10,0,0.305473,0.000183597,0
23.7,10.1,0,0.305333,5.16218e-05,0
23.7,10.2,0,0.305207,-7.07067e-05,0
23.7,10.3,0,0.305199,-9.53158e-05,0
23.7,10.4,0,0.305137,-0.000134387,0
23.7,10.5,0,0.304956,-0.000250632,0
23.7,10.6,0,0.304858,-0.000309147,0
23.7,10.7,0,0.304838,-0.000292095,0
23.7,10.8,0,0.304631,-0.000397604,0
23.7,10.9,0,0.304499,-0.000458167,0
23.7,11,0,0.304446,-0.000450254,0
23.7,11.1,0,0.304295,-0.000505898,0
23.7,11.2,0,0.304146,-0.000563951,0
23.7,11.3,0,0.304054,-0.00058064,0
23.7,11.4,0,0.303959,-0.000596316,0
23.7,11.5,0,0.303815,-0.000650043,0
23.7,11.6,0,0.303714,-0.00067913,0
23.7,11.7,0,0.303664,-0.000670804,0
23.7,11.8,0,0.303546,-0.000718716,0
23.7,11.9,0,0.303466,-0.000745538,0
23.7,12,0,0.303429,-0.000744497,0
23.7,12.1,0,0.303372,-0.0007678,0
23.7,12.2,0,0.303319,-0.000793717,0
23.7,12.3,0,0.303294,-0.000800851,0
23.7,12.4,0,0.303281,-0.000804068,0
23.7,12.5,0,0.303256,-0.000824718,0
23.7,12.6,0,0.303245,-0.000830936,0
23.7,12.7,0,0.303256,-0.000816987,0
23.8,0,0,0.304696,0.00778485,0
23.8,0.1,0,0.304731,0.00770433,0
23.8,0.2,0,0.304735,0.0077158,0
23.8,0.3,0,0.304758,0.00772026,0
23.8,0.4,0,0.304777,0.00775104,0
23.8,0.5,0,0.304767,0.00787313,0
23.8,0.6,0,0.30487,0.00780684,0
23.8,0.7,0,0.304917,0.00785307,0
23.8,0.8,0,0.305024,0.00788307,0
23.8,0.9,0,0.305105,0.00794795,0
23.8,1,0,0.305129,0.00811762,0
23.8,1.1,0,0.305354,0.00807124,0
23.8,1.2,0,0.305467,0.00816143,0
23.8,1.3,0,0.305654,0.00822767,0
23.8,1.4,0,0.305782,0.00834897,0
23.8,1.5,0,0.305794,0.00859,0
23.8,1.6,0,0.306097,0.00857924,0
23.8,1.7,0,0.306205,0.00873658,0
23.8,1.8,0,0.306365,0.00885652,0
23.8,1.9,0,0.306399,0.00905465,0
23.8,2,0,0.306233,0.00938853,0
23.8,2.1,0,0.306404,0.00942881,0
23.8,2.2,0,0.306277,0.00967182,0
23.8,2.3,0,0.306112,0.00986305,0
23.8,2.4,0,0.305702,0.0101526,0
23.8,2.5,0,0.304986,0.0105894,0
23.8,2.6,0,0.304529,0.0106929,0
23.8,2.7,0,0.303671,0.0110252,0
23.8,2.8,0,0.302555,0.0112857,0
23.8,2.9,0,0.301047,0.0116482,0
23.8,3,0,0.299098,0.0121548,0
23.8,3.1,0,0.297178,0.0122853,0
23.8,3.2,0,0.294805,0.0126534,0
23.8,3.3,0,0.291836,0.0129003,0
23.8,3.4,0,0.288412,0.013237,0
23.8,3.5,0,0.284407,0.0137002,0
23.8,3.6,0,0.280244,0.0137057,0
23.8,3.7,0,0.275668,0.0139661,0
23.8,3.8,0,0.27028,0.0140002,0
23.8,3.9,0,0.264588,0.0141414,0
23.8,4,0,0.258233,0.0144124,0
23.8,4.1,0,0.251997,0.0140573,0
23.8,4.2,0,0.2454,0.0140498,0
23.8,4.3,0,0.238238,0.0136936,0
23.8,4.4,0,0.231126,0.0135304,0
23.8,4.5,0,0.22338,0.0135786,0
23.8,4.6,0,0.21666,0.0127545,0
23.8,4.7,0,0.209581,0.0124475,0
23.8,4.8,0,0.202636,0.0117676,0
23.8,4.9,0,0.197116,0.0114009,0
23.8,5,0,0.191608,0.0114631,0
23.8,5.1,0,0.18389,0.010635,0
23.8,5.2,0,0.179004,0.00999734,0
23.8,5.3,0,0.174888,0.00934353,0
23.8,5.4,0,0.17163,0.00868433,0
23.8,5.5,0,0.169303,0.00802942,0
23.8,5.6,0,0.167962,0.00738846,0
23.8,5.7,0,0.167645,0.00677105,0
23.8,5.8,0,0.16837,0.00618648,0
23.8,5.9,0,0.17013,0.00564337,0
23.8,6,0,0.174761,0.00487663,0
23.8,6.1,0,0.177628,0.00411765,0
23.8,6.2,0,0.181611,0.00375297,0
23.8,6.3,0,0.186275,0.00365645,0
23.8,6.4,0,0.192312,0.00334156,0
23.8,6.5,0,0.198983,0.00306643,0
23.8,6.6,0,0.205653,0.00279131,0
23.8,6.7,0,0.213315,0.00309838,0
23.8,6.8,0,0.220679,0.00290431,0
23.8,6.9,0,0.228144,0.00280952,0
23.8,7,0,0.235914,0.0031549,0
23.8,7.1,0,0.242924,0.00307913,0
23.8,7.2,0,0.249842,0.00306247,0
23.8,7.3,0,0.256719,0.00317816,0
23.8,7.4,0,0.262805,0.00331312,0
23.8,7.5,0,0.268303,0.00327045,0
23.8,7.6,0,0.273794,0.00323168,0
23.8,7.7,0,0.278598,0.00341459,0
23.8,7.8,0,0.282432,0.00327068,0
23.8,7.9,0,0.286246,0.00316058,0
23.8,8,0,0.289874,0.00324449,0
23.8,8.1,0,0.292278,0.00303716,0
23.8,8.2,0,0.294635,0.00286225,0
23.8,8.3,0,0.296972,0.00275584,0
23.8,8.4,0,0.298593,0.00264227,0
23.8,8.5,0,0.299882,0.0024217,0
23.8,8.6,0,0.301192,0.00221481,0
23.8,8.7,0,0.302389,0.00219692,0
23.8,8.8,0,0.302929,0.00192451,0
23.8,8.9,0,0.303579,0.00171795,0
23.8,9,0,0.304339,0.00166699,0
23.8,9.1,0,0.30455,0.00143494,0
23.8,9.2,0,0.304825,0.00124915,0
23.8,9.3,0,0.305136,0.00110392,0
23.8,9.4,0,0.305334,0.00100901,0
23.8,9.5,0,0.305377,0.000834461,0
23.8,9.6,0,0.30545,0.000677815,0
23.8,9.7,0,0.305631,0.000658177,0
23.8,9.8,0,0.305518,0.000481721,0
23.8,9.9,0,0.305485,0.000354819,0
23.8,10,0,0.305538,0.000309802,0
23.8,10.1,0,0.305417,0.000189749,0
23.8,10.2,0,0.305327,8.94909e-05,0
23.8,10.3,0,0.305252,3.25854e-06,0
23.8,10.4,0,0.30519,-3.58125e-05,0
23.8,10.5,0,0.30505,-0.00012598,0
23.8,10.6,0,0.30493,-0.00020418,0
23.8,10.7,0,0.30488,-0.000214545,0
23.8,10.8,0,0.304706,-0.000300243,0
23.8,10.9,0,0.304573,-0.000360807,0
23.8,11,0,0.304479,-0.000388528,0
23.8,11.1,0,0.304334,-0.000440615,0
23.8,11.2,0,0.304205,-0.000487094,0
23.8,11.3,0,0.30408,-0.000530574,0
23.8,11.4,0,0.303985,-0.00054625,0
23.8,11.5,0,0.303862,-0.000588182,0
23.8,11.6,0,0.303752,-0.000623336,0
23.8,11.7,0,0.303683,-0.000629017,0
23.8,11.8,0,0.303581,-0.000668191,0
23.8,11.9,0,0.303503,-0.000694346,0
23.8,12,0,0.303443,-0.000708364,0
23.8,12.1,0,0.303388,-0.000730743,0
23.8,12.2,0,0.303345,-0.000749842,0
23.8,12.3,0,0.303303,-0.000768941,0
23.8,12.4,0,0.30329,-0.000772202,0
23.8,12.5,0,0.303272,-0.000785361,0
23.8,12.6,0,0.30326,-0.000793348,0
23.8,12.7,0,0.303263,-0.000787113,0
23.9,0,0,0.304691,0.00784994,0
23.9,0.1,0,0.304705,0.00783075,0
23.9,0.2,0,0.304709,0.00784223,0
23.9,0.3,0,0.304724,0.0078578,0
23.9,0.4,0,0.304742,0.00788858,0
23.9,0.5,0,0.304751,0.00794979,0
23.9,0.6,0,0.304816,0.00795852,0
23.9,0.7,0,0.304863,0.00800475,0
23.9,0.8,0,0.304941,0.00805178,0
23.9,0.9,0,0.305022,0.00811667,0
23.9,1,0,0.305084,0.00821648,0
23.9,1.1,0,0.305234,0.00826115,0
23.9,1.2,0,0.305347,0.00835133,0
23.9,1.3,0,0.305489,0.00844391,0
23.9,1.4,0,0.305617,0.00856521,0
23.9,1.5,0,0.305706,0.00872643,0
23.9,1.6,0,0.30588,0.00882773,0
23.9,1.7,0,0.305988,0.00898508,0
23.9,1.8,0,0.306089,0.00914355,0
23.9,1.9,0,0.306122,0.00934168,0
23.9,2,0,0.30609,0.00958506,0
23.9,2.1,0,0.306062,0.0097605,0
23.9,2.2,0,0.305936,0.0100035,0
23.9,2.3,0,0.305702,0.0102447,0
23.9,2.4,0,0.305293,0.0105343,0
23.9,2.5,0,0.304781,0.0108729,0
23.9,2.6,0,0.304057,0.0111289,0
23.9,2.7,0,0.303199,0.0114612,0
23.9,2.8,0,0.302038,0.0117797,0
23.9,2.9,0,0.300531,0.0121422,0
23.9,3,0,0.298876,0.0125528,0
23.9,3.1,0,0.296654,0.0128417,0
23.9,3.2,0,0.294281,0.0132098,0
23.9,3.3,0,0.291359,0.013527,0
23.9,3.4,0,0.287935,0.0138637,0
23.9,3.5,0,0.284317,0.0142426,0
23.9,3.6,0,0.279878,0.014418,0
23.9,3.7,0,0.275301,0.0146785,0
23.9,3.8,0,0.270083,0.0148237,0
23.9,3.9,0,0.264391,0.0149649,0
23.9,4,0,0.258478,0.0151494,0
23.9,4.1,0,0.252002,0.015026,0
23.9,4.2,0,0.245405,0.0150186,0
23.9,4.3,0,0.238449,0.014843,0
23.9,4.4,0,0.231337,0.0146798,0
23.9,4.5,0,0.224013,0.0145871,0
23.9,4.6,0,0.217054,0.0141077,0
23.9,4.7,0,0.209975,0.0138008,0
23.9,4.8,0,0.203461,0.0133496,0
23.9,4.9,0,0.197941,0.0129828,0
23.9,5,0,0.192425,0.0127591,0
23.9,5.1,0,0.18471,0.0120042,0
23.9,5.2,0,0.179809,0.0114127,0
23.9,5.3,0,0.175666,0.0107983,0
23.9,5.4,0,0.172367,0.0101708,0
23.9,5.5,0,0.169986,0.00953874,0
23.9,5.6,0,0.168581,0.00891125,0
23.9,5.7,0,0.168189,0.00829757,0
23.9,5.8,0,0.168832,0.00770698,0
23.9,5.9,0,0.170505,0.00714818,0
23.9,6,0,0.174995,0.00633821,0
23.9,6.1,0,0.178605,0.00584209,0
23.9,6.2,0,0.182588,0.00547741,0
23.9,6.3,0,0.186571,0.00511273,0
23.9,6.4,0,0.192631,0.00489284,0
23.9,6.5,0,0.199301,0.00461771,0
23.9,6.6,0,0.205971,0.00434259,0
23.9,6.7,0,0.213098,0.0042645,0
23.9,6.8,0,0.220563,0.00416971,0
23.9,6.9,0,0.228027,0.00407492,0
23.9,7,0,0.235577,0.00410233,0
23.9,7.1,0,0.242561,0.00408788,0
23.9,7.2,0,0.249479,0.00407122,0
23.9,7.3,0,0.256397,0.00405456,0
23.9,7.4,0,0.262456,0.00412241,0
23.9,7.5,0,0.267947,0.00408364,0
23.9,7.6,0,0.273438,0.00404487,0
23.9,7.7,0,0.278427,0.00405684,0
23.9,7.8,0,0.28224,0.00394673,0
23.9,7.9,0,0.286054,0.00383663,0
23.9,8,0,0.289829,0.00376761,0
23.9,8.1,0,0.292276,0.0036098,0
23.9,8.2,0,0.294633,0.00343489,0
23.9,8.3,0,0.29699,0.00325998,0
23.9,8.4,0,0.298704,0.00311207,0
23.9,8.5,0,0.300014,0.00290518,0
23.9,8.6,0,0.301323,0.00269829,0
23.9,8.7,0,0.302474,0.00253486,0
23.9,8.8,0,0.303121,0.00232593,0
23.9,8.9,0,0.303771,0.00211936,0
23.9,9,0,0.304436,0.00193344,0
23.9,9.1,0,0.304749,0.00176138,0
23.9,9.2,0,0.305024,0.00157559,0
23.9,9.3,0,0.305299,0.00138981,0
23.9,9.4,0,0.305483,0.00125158,0
23.9,9.5,0,0.305556,0.00109493,0
23.9,9.6,0,0.305628,0.000938287,0
23.9,9.7,0,0.305711,0.000820342,0
23.9,9.8,0,0.305667,0.000686865,0
23.9,9.9,0,0.305633,0.000559963,0
23.9,10,0,0.305603,0.000436006,0
23.9,10.1,0,0.305536,0.000349947,0
23.9,10.2,0,0.305446,0.000249688,0
23.9,10.3,0,0.305356,0.00014943,0
23.9,10.4,0,0.305264,7.68709e-05,0
23.9,10.5,0,0.305144,-1.32851e-06,0
23.9,10.6,0,0.305024,-7.95279e-05,0
23.9,10.7,0,0.304921,-0.000136996,0
23.9,10.8,0,0.30478,-0.000202882,0
23.9,10.9,0,0.304647,-0.000263446,0
23.9,11,0,0.304515,-0.000324009,0
23.9,11.1,0,0.304393,-0.000363758,0
23.9,11.2,0,0.304264,-0.000410237,0
23.9,11.3,0,0.304135,-0.000456716,0
23.9,11.4,0,0.30402,-0.000491167,0
23.9,11.5,0,0.30391,-0.000526321,0
23.9,11.6,0,0.3038,-0.000561475,0
23.9,11.7,0,0.303703,-0.00058723,0
23.9,11.8,0,0.303618,-0.000617,0
23.9,11.9,0,0.30354,-0.000643155,0
23.9,12,0,0.303461,-0.00066931,0
23.9,12.1,0,0.303413,-0.000686868,0
23.9,12.2,0,0.303371,-0.000705967,0
23.9,12.3,0,0.303328,-0.000725066,0
23.9,12.4,0,0.303301,-0.000738016,0
23.9,12.5,0,0.303289,-0.000746004,0
23.9,12.6,0,0.303276,-0.000753991,0
23.9,12.7,0,0.303269,-0.000757238,0
24,0,0,0.304668,0.00786724,0
24,0.1,0,0.304678,0.00795348,0
24,0.2,0,0.304681,0.00796496,0
24,0.3,0,0.304685,0.00799282,0
24,0.4,0,0.304704,0.0080236,0
24,0.5,0,0.304714,0.00797576,0
24,0.6,0,0.304757,0.00810773,0
24,0.7,0,0.304803,0.00815396,0
24,0.8,0,0.304852,0.00821695,0
24,0.9,0,0.304933,0.00828183,0
24,1,0,0.305006,0.00825552,0
24,1.1,0,0.30511,0.00844644,0
24,1.2,0,0.305222,0.00853663,0
24,1.3,0,0.305324,0.00865473,0
24,1.4,0,0.305452,0.00877603,0
24,1.5,0,0.305568,0.0087849,0
24,1.6,0,0.305669,0.00907003,0
24,1.7,0,0.305778,0.00922738,0
24,1.8,0,0.30583,0.00942363,0
24,1.9,0,0.305864,0.00962176,0
24,2,0,0.305872,0.0096726,0
24,2.1,0,0.305755,0.0100847,0
24,2.2,0,0.305629,0.0103277,0
24,2.3,0,0.30535,0.010619,0
24,2.4,0,0.304941,0.0109085,0
24,2.5,0,0.304477,0.0110005,0
24,2.6,0,0.303672,0.0115586,0
24,2.7,0,0.302814,0.011891,0
24,2.8,0,0.301645,0.0122703,0
24,2.9,0,0.300137,0.0126328,0
24,3,0,0.298523,0.0127334,0
24,3.1,0,0.296287,0.0133996,0
24,3.2,0,0.293914,0.0137677,0
24,3.3,0,0.291064,0.0141622,0
24,3.4,0,0.28764,0.0144989,0
24,3.5,0,0.284039,0.0145019,0
24,3.6,0,0.279701,0.0151465,0
24,3.7,0,0.275124,0.0154069,0
24,3.8,0,0.270056,0.0156696,0
24,3.9,0,0.264364,0.0158108,0
24,4,0,0.258442,0.0155467,0
24,4.1,0,0.252129,0.0160204,0
24,4.2,0,0.245532,0.0160129,0
24,4.3,0,0.238704,0.016017,0
24,4.4,0,0.231592,0.0158538,0
24,4.5,0,0.224291,0.0152076,0
24,4.6,0,0.217393,0.0154827,0
24,4.7,0,0.210314,0.0151757,0
24,4.8,0,0.203838,0.0149292,0
24,4.9,0,0.198318,0.0145624,0
24,5,0,0.192939,0.0136227,0
24,5.1,0,0.185273,0.0129335,0
24,5.2,0,0.180401,0.0123849,0
24,5.3,0,0.176278,0.0118073,0
24,5.4,0,0.172991,0.0112095,0
24,5.5,0,0.170613,0.0105992,0
24,5.6,0,0.169201,0.00998489,0
24,5.7,0,0.168795,0.0093756,0
24,5.8,0,0.169413,0.00878053,0
24,5.9,0,0.171054,0.0082085,0
24,6,0,0.175481,0.00736227,0
24,6.1,0,0.178753,0.0075762,0
24,6.2,0,0.182736,0.00721152,0
24,6.3,0,0.186719,0.00684684,0
24,6.4,0,0.192618,0.00639573,0
24,6.5,0,0.199288,0.00612061,0
24,6.6,0,0.205958,0.00584548,0
24,6.7,0,0.212969,0.00550033,0
24,6.8,0,0.220434,0.00540554,0
24,6.9,0,0.227899,0.00531075,0
24,7,0,0.23556,0.00484998,0
24,7.1,0,0.242446,0.00509243,0
24,7.2,0,0.249364,0.00507577,0
24,7.3,0,0.256282,0.00505911,0
24,7.4,0,0.262468,0.00494937,0
24,7.5,0,0.267959,0.00491059,0
24,7.6,0,0.27345,0.00487182,0
24,7.7,0,0.278592,0.00474996,0
24,7.8,0,0.282406,0.00463985,0
24,7.9,0,0.286219,0.00452975,0
24,8,0,0.28997,0.00424433,0
24,8.1,0,0.292548,0.00419338,0
24,8.2,0,0.294905,0.00401848,0
24,8.3,0,0.297262,0.00384357,0
24,8.4,0,0.299015,0.00359843,0
24,8.5,0,0.300325,0.00339154,0
24,8.6,0,0.301634,0.00318465,0
24,8.7,0,0.302764,0.00291767,0
24,8.8,0,0.303418,0.00272432,0
24,8.9,0,0.304069,0.00251775,0
24,9,0,0.304701,0.00225646,0
24,9.1,0,0.305006,0.00208186,0
24,9.2,0,0.305281,0.00189608,0
24,9.3,0,0.305555,0.00171029,0
24,9.4,0,0.305691,0.00150542,0
24,9.5,0,0.305764,0.00134877,0
24,9.6,0,0.305837,0.00119212,0
24,9.7,0,0.305868,0.000987384,0
24,9.8,0,0.305831,0.000885787,0
24,9.9,0,0.305798,0.000758885,0
24,10,0,0.305764,0.000625595,0
24,10.1,0,0.305664,0.000504849,0
24,10.2,0,0.305573,0.000404591,0
24,10.3,0,0.305483,0.000304332,0
24,10.4,0,0.305363,0.000197283,0
24,10.5,0,0.305243,0.000119083,0
24,10.6,0,0.305122,4.0884e-05,0
24,10.7,0,0.304994,-6.95496e-05,0
24,10.8,0,0.304855,-0.000108904,0
24,10.9,0,0.304723,-0.000169468,0
24,11,0,0.30459,-0.000230032,0
24,11.1,0,0.304449,-0.000289606,0
24,11.2,0,0.304321,-0.000336085,0
24,11.3,0,0.304192,-0.000382564,0
24,11.4,0,0.304061,-0.000431496,0
24,11.5,0,0.303951,-0.00046665,0
24,11.6,0,0.303841,-0.000501804,0
24,11.7,0,0.303734,-0.000558395,0
24,11.8,0,0.303647,-0.000567508,0
24,11.9,0,0.303568,-0.000593663,0
24,12,0,0.30349,-0.000619818,0
24,12.1,0,0.303432,-0.000644343,0
24,12.2,0,0.303389,-0.000663442,0
24,12.3,0,0.303347,-0.000682541,0
24,12.4,0,0.303312,-0.000702112,0
24,12.5,0,0.3033,-0.0007101,0
24,12.6,0,0.303287,-0.000718087,0
24,12.7,0,0.303281,-0.000742495,0
24.1,0,0,0.304628,0.00783674,0
24.1,0.1,0,0.304649,0.0080725,0
24.1,0.2,0,0.304653,0.00808398,0
24.1,0.3,0,0.304644,0.00812532,0
24.1,0.4,0,0.304662,0.00815609,0
24.1,0.5,0,0.304656,0.00795104,0
24.1,0.6,0,0.304692,0.00825448,0
24.1,0.7,0,0.304738,0.00830071,0
24.1,0.8,0,0.304758,0.00837856,0
24.1,0.9,0,0.304839,0.00844345,0
24.1,1,0,0.304897,0.00823473,0
24.1,1.1,0,0.304981,0.00862713,0
24.1,1.2,0,0.305093,0.00871731,0
24.1,1.3,0,0.305158,0.00886011,0
24.1,1.4,0,0.305286,0.00898142,0
24.1,1.5,0,0.305379,0.00876543,0
24.1,1.6,0,0.305466,0.00930613,0
24.1,1.7,0,0.305574,0.00946347,0
24.1,1.8,0,0.305589,0.00969674,0
24.1,1.9,0,0.305623,0.00989488,0
24.1,2,0,0.30558,0.00965114,0
24.1,2.1,0,0.305482,0.0104013,0
24.1,2.2,0,0.305355,0.0106443,0
24.1,2.3,0,0.305055,0.0109857,0
24.1,2.4,0,0.304646,0.0112752,0
24.1,2.5,0,0.304073,0.0109721,0
24.1,2.6,0,0.303375,0.011982,0
24.1,2.7,0,0.302517,0.0123144,0
24.1,2.8,0,0.301373,0.0127575,0
24.1,2.9,0,0.299865,0.01312,0
24.1,3,0,0.298039,0.0126967,0
24.1,3.1,0,0.296076,0.0139592,0
24.1,3.2,0,0.293703,0.0143273,0
24.1,3.3,0,0.290952,0.0148059,0
24.1,3.4,0,0.287527,0.0151426,0
24.1,3.5,0,0.283573,0.0144782,0
24.1,3.6,0,0.279714,0.015891,0
24.1,3.7,0,0.275137,0.0161515,0
24.1,3.8,0,0.270199,0.0165379,0
24.1,3.9,0,0.264507,0.0166791,0
24.1,4,0,0.258123,0.0156045,0
24.1,4.1,0,0.252377,0.0170402,0
24.1,4.2,0,0.245781,0.0170328,0
24.1,4.3,0,0.239003,0.0172157,0
24.1,4.4,0,0.231891,0.0170525,0
24.1,4.5,0,0.224214,0.0154402,0
24.1,4.6,0,0.217676,0.0168793,0
24.1,4.7,0,0.210597,0.0165724,0
24.1,4.8,0,0.203768,0.0165063,0
24.1,4.9,0,0.198248,0.0161396,0
24.1,5,0,0.19315,0.0140537,0
24.1,5.1,0,0.185581,0.0134228,0
24.1,5.2,0,0.180779,0.0129138,0
24.1,5.3,0,0.176724,0.0123706,0
24.1,5.4,0,0.173501,0.0118005,0
24.1,5.5,0,0.171183,0.0112107,0
24.1,5.6,0,0.169824,0.0106094,0
24.1,5.7,0,0.169462,0.0100051,0
24.1,5.8,0,0.170114,0.00940713,0
24.1,5.9,0,0.171778,0.00882434,0
24.1,6,0,0.176219,0.00794881,0
24.1,6.1,0,0.17807,0.00931998,0
24.1,6.2,0,0.182053,0.0089553,0
24.1,6.3,0,0.186979,0.00773782,0
24.1,6.4,0,0.192273,0.00785024,0
24.1,6.5,0,0.198943,0.00757512,0
24.1,6.6,0,0.205614,0.00729999,0
24.1,6.7,0,0.213371,0.00604381,0
24.1,6.8,0,0.220294,0.00661181,0
24.1,6.9,0,0.227759,0.00651702,0
24.1,7,0,0.235932,0.00510399,0
24.1,7.1,0,0.24258,0.00609277,0
24.1,7.2,0,0.249498,0.00607611,0
24.1,7.3,0,0.256499,0.00557169,0
24.1,7.4,0,0.262837,0.00571293,0
24.1,7.5,0,0.268339,0.00575131,0
24.1,7.6,0,0.27383,0.00571254,0
24.1,7.7,0,0.278874,0.00488686,0
24.1,7.8,0,0.282927,0.00535005,0
24.1,7.9,0,0.286741,0.00523994,0
24.1,8,0,0.290258,0.00430196,0
24.1,8.1,0,0.293093,0.00478791,0
24.1,8.2,0,0.29545,0.004613,0
24.1,8.3,0,0.297699,0.0041863,0
24.1,8.4,0,0.299465,0.00398676,0
24.1,8.5,0,0.300815,0.00388078,0
24.1,8.6,0,0.302124,0.00367389,0
24.1,8.7,0,0.303073,0.00295897,0
24.1,8.8,0,0.30382,0.00311968,0
24.1,8.9,0,0.304471,0.00291312,0
24.1,9,0,0.304986,0.00229411,0
24.1,9.1,0,0.305319,0.00239638,0
24.1,9.2,0,0.305594,0.0022106,0
24.1,9.3,0,0.305846,0.00192815,0
24.1,9.4,0,0.305933,0.00167906,0
24.1,9.5,0,0.306003,0.00159597,0
24.1,9.6,0,0.306075,0.00143932,0
24.1,9.7,0,0.306072,0.00101468,0
24.1,9.8,0,0.306011,0.00107849,0
24.1,9.9,0,0.305978,0.000951586,0
24.1,10,0,0.305927,0.000647095,0
24.1,10.1,0,0.3058,0.000654456,0
24.1,10.2,0,0.30571,0.000554197,0
24.1,10.3,0,0.305618,0.000423563,0
24.1,10.4,0,0.305477,0.00026755,0
24.1,10.5,0,0.305345,0.000235255,0
24.1,10.6,0,0.305225,0.000157056,0
24.1,10.7,0,0.305093,-5.78994e-05,0
24.1,10.8,0,0.304931,-1.83102e-05,0
24.1,10.9,0,0.304799,-7.88739e-05,0
24.1,11,0,0.304667,-0.000215463,0
24.1,11.1,0,0.304504,-0.000218159,0
24.1,11.2,0,0.304375,-0.000264637,0
24.1,11.3,0,0.304246,-0.000318508,0
24.1,11.4,0,0.30411,-0.000403934,0
24.1,11.5,0,0.303987,-0.000409169,0
24.1,11.6,0,0.303877,-0.000444323,0
24.1,11.7,0,0.303777,-0.000554945,0
24.1,11.8,0,0.303668,-0.000519716,0
24.1,11.9,0,0.303589,-0.000545871,0
24.1,12,0,0.303519,-0.000608887,0
24.1,12.1,0,0.303442,-0.000603169,0
24.1,12.2,0,0.3034,-0.000622268,0
24.1,12.3,0,0.303357,-0.000641367,0
24.1,12.4,0,0.303329,-0.000691686,0
24.1,12.5,0,0.303305,-0.000677648,0
24.1,12.6,0,0.303293,-0.000685636,0
24.1,12.7,0,0.303298,-0.000742883,0
24.2,0,0,0.304587,0.00780625,0
24.2,0.1,0,0.304621,0.00819152,0
24.2,0.2,0,0.304609,0.008063,0
24.2,0.3,0,0.304599,0.00810501,0
24.2,0.4,0,0.30462,0.00828859,0
24.2,0.5,0,0.304597,0.00792632,0
24.2,0.6,0,0.304627,0.00840123,0
24.2,0.7,0,0.304659,0.00828683,0
24.2,0.8,0,0.304677,0.00836542,0
24.2,0.9,0,0.304744,0.00860506,0
24.2,1,0,0.304787,0.00821394,0
24.2,1.1,0,0.304852,0.00880781,0
24.2,1.2,0,0.304948,0.00870754,0
24.2,1.3,0,0.305011,0.00885158,0
24.2,1.4,0,0.305121,0.00918681,0
24.2,1.5,0,0.30519,0.00874596,0
24.2,1.6,0,0.305262,0.00954222,0
24.2,1.7,0,0.305338,0.00945632,0
24.2,1.8,0,0.305351,0.00969144,0
24.2,1.9,0,0.305382,0.010168,0
24.2,2,0,0.305289,0.00962967,0
24.2,2.1,0,0.305208,0.010718,0
24.2,2.2,0,0.305011,0.0106371,0
24.2,2.3,0,0.30471,0.010981,0
24.2,2.4,0,0.304351,0.0116419,0
24.2,2.5,0,0.303669,0.0109438,0
24.2,2.6,0,0.303077,0.0124054,0
24.2,2.7,0,0.302073,0.0123041,0
24.2,2.8,0,0.30093,0.0127504,0
24.2,2.9,0,0.299594,0.0136072,0
24.2,3,0,0.297555,0.0126599,0
24.2,3.1,0,0.295866,0.0145188,0
24.2,3.2,0,0.293226,0.0143216,0
24.2,3.3,0,0.29048,0.0148044,0
24.2,3.4,0,0.287415,0.0157863,0
24.2,3.5,0,0.283108,0.0144545,0
24.2,3.6,0,0.279726,0.0166355,0
24.2,3.7,0,0.274751,0.0161938,0
24.2,3.8,0,0.269819,0.0165864,0
24.2,3.9,0,0.26465,0.0175474,0
24.2,4,0,0.257805,0.0156622,0
24.2,4.1,0,0.252625,0.0180601,0
24.2,4.2,0,0.245596,0.0172122,0
24.2,4.3,0,0.238822,0.017404,0
24.2,4.4,0,0.232191,0.0182512,0
24.2,4.5,0,0.224137,0.0156729,0
24.2,4.6,0,0.217959,0.0182759,0
24.2,4.7,0,0.210678,0.0169645,0
24.2,4.8,0,0.203832,0.0169075,0
24.2,4.9,0,0.198178,0.0177168,0
24.2,5,0,0.193362,0.0144848,0
24.2,5.1,0,0.185888,0.0139121,0
24.2,5.2,0,0.181156,0.0134428,0
24.2,5.3,0,0.17717,0.0129339,0
24.2,5.4,0,0.174012,0.0123915,0
24.2,5.5,0,0.171753,0.0118222,0
24.2,5.6,0,0.170447,0.0112339,0
24.2,5.7,0,0.170129,0.0106347,0
24.2,5.8,0,0.170815,0.0100337,0
24.2,5.9,0,0.172502,0.00944018,0
24.2,6,0,0.176957,0.00853536,0
24.2,6.1,0,0.177653,0.0108479,0
24.2,6.2,0,0.18137,0.0106991,0
24.2,6.3,0,0.187663,0.0082462,0
24.2,6.4,0,0.192953,0.00836215,0
24.2,6.5,0,0.198599,0.00902963,0
24.2,6.6,0,0.206041,0.00781174,0
24.2,6.7,0,0.213903,0.00642773,0
24.2,6.8,0,0.220154,0.00781807,0
24.2,6.9,0,0.227655,0.00765577,0
24.2,7,0,0.236303,0.00535801,0
24.2,7.1,0,0.242785,0.00686755,0
24.2,7.2,0,0.249632,0.00707646,0
24.2,7.3,0,0.256776,0.0057232,0
24.2,7.4,0,0.263114,0.00586445,0
24.2,7.5,0,0.26872,0.00659202,0
24.2,7.6,0,0.27412,0.0059776,0
24.2,7.7,0,0.279137,0.00497501,0
24.2,7.8,0,0.283448,0.00606024,0
24.2,7.9,0,0.287262,0.00595014,0
24.2,8,0,0.290545,0.00435959,0
24.2,8.1,0,0.293531,0.00515806,0
24.2,8.2,0,0.295996,0.00520752,0
24.2,8.3,0,0.298009,0.00423219,0
24.2,8.4,0,0.299775,0.00403266,0
24.2,8.5,0,0.301305,0.00437002,0
24.2,8.6,0,0.302497,0.0038723,0
24.2,8.7,0,0.303382,0.00300027,0
24.2,8.8,0,0.304223,0.00351505,0
24.2,8.9,0,0.304873,0.00330848,0
24.2,9,0,0.30527,0.00233176,0
24.2,9.1,0,0.305618,0.00256317,0
24.2,9.2,0,0.305908,0.00252512,0
24.2,9.3,0,0.306092,0.00196108,0
24.2,9.4,0,0.306179,0.00171199,0
24.2,9.5,0,0.306241,0.00184317,0
24.2,9.6,0,0.306295,0.00156919,0
24.2,9.7,0,0.306275,0.00104197,0
24.2,9.8,0,0.306192,0.00127119,0
24.2,9.9,0,0.306158,0.00114429,0
24.2,10,0,0.30609,0.000668594,0
24.2,10.1,0,0.305954,0.000720889,0
24.2,10.2,0,0.305846,0.000703804,0
24.2,10.3,0,0.305746,0.000439714,0
24.2,10.4,0,0.305605,0.000283701,0
24.2,10.5,0,0.305448,0.000351427,0
24.2,10.6,0,0.305326,0.000229547,0
24.2,10.7,0,0.305193,-4.62492e-05,0
24.2,10.8,0,0.305007,7.2284e-05,0
24.2,10.9,0,0.304875,1.17203e-05,0
24.2,11,0,0.304743,-0.000207359,0
24.2,11.1,0,0.304575,-0.000195164,0
24.2,11.2,0,0.304429,-0.00019319,0
24.2,11.3,0,0.304304,-0.000313094,0
24.2,11.4,0,0.304168,-0.00039852,0
24.2,11.5,0,0.304023,-0.000351689,0
24.2,11.6,0,0.303915,-0.000403173,0
24.2,11.7,0,0.30382,-0.000551495,0
24.2,11.8,0,0.30369,-0.000475067,0
24.2,11.9,0,0.30361,-0.000498078,0
24.2,12,0,0.303549,-0.000606831,0
24.2,12.1,0,0.30347,-0.000596441,0
24.2,12.2,0,0.30341,-0.000581093,0
24.2,12.3,0,0.303378,-0.00064067,0
24.2,12.4,0,0.30335,-0.000691141,0
24.2,12.5,0,0.303311,-0.000645197,0
24.2,12.6,0,0.303301,-0.000659311,0
24.2,12.7,0,0.303315,-0.000743272,0
24.3,0,0,0.304547,0.00777575,0
24.3,0.1,0,0.304588,0.00825074,0
24.3,0.2,0,0.304564,0.00803465,0
24.3,0.3,0,0.304554,0.00807667,0
24.3,0.4,0,0.304572,0.0083582,0
24.3,0.5,0,0.304539,0.00790159,0
24.3,0.6,0,0.304565,0.00847939,0
24.3,0.7,0,0.304579,0.00826448,0
24.3,0.8,0,0.304597,0.00834308,0
24.3,0.9,0,0.304644,0.00869371,0
24.3,1,0,0.304678,0.00819315,0
24.3,1.1,0,0.304731,0.00890791,0
24.3,1.2,0,0.304802,0.00868774,0
24.3,1.3,0,0.304865,0.00883178,0
24.3,1.4,0,0.304946,0.00930225,0
24.3,1.5,0,0.305001,0.00872649,0
24.3,1.6,0,0.305064,0.00967609,0
24.3,1.7,0,0.3051,0.00943636,0
24.3,1.8,0,0.305113,0.00967149,0
24.3,1.9,0,0.305121,0.0103233,0
24.3,2,0,0.304997,0.00960821,0
24.3,2.1,0,0.304928,0.0108994,0
24.3,2.2,0,0.304663,0.0106129,0
24.3,2.3,0,0.304361,0.0109568,0
24.3,2.4,0,0.304013,0.0118506,0
24.3,2.5,0,0.303265,0.0109155,0
24.3,2.6,0,0.302737,0.0126482,0
24.3,2.7,0,0.301621,0.012271,0
24.3,2.8,0,0.300478,0.0127173,0
24.3,2.9,0,0.299237,0.0138848,0
24.3,3,0,0.297071,0.0126232,0
24.3,3.1,0,0.295546,0.0148398,0
24.3,3.2,0,0.292736,0.0142861,0
24.3,3.3,0,0.289989,0.0147689,0
24.3,3.4,0,0.287161,0.016163,0
24.3,3.5,0,0.282642,0.0144307,0
24.3,3.6,0,0.279547,0.0170728,0
24.3,3.7,0,0.274344,0.0161992,0
24.3,3.8,0,0.269413,0.0165918,0
24.3,3.9,0,0.264609,0.0180915,0
24.3,4,0,0.257487,0.0157199,0
24.3,4.1,0,0.252647,0.0186951,0
24.3,4.2,0,0.24539,0.0173473,0
24.3,4.3,0,0.238615,0.0175392,0
24.3,4.4,0,0.23234,0.0190635,0
24.3,4.5,0,0.22406,0.0159055,0
24.3,4.6,0,0.218097,0.019207,0
24.3,4.7,0,0.210749,0.0173037,0
24.3,4.8,0,0.203902,0.0172467,0
24.3,4.9,0,0.19822,0.0188355,0
24.3,5,0,0.193574,0.0149159,0
24.3,5.1,0,0.186196,0.0144013,0
24.3,5.2,0,0.181534,0.0139717,0
24.3,5.3,0,0.177615,0.0134972,0
24.3,5.4,0,0.174522,0.0129825,0
24.3,5.5,0,0.172323,0.0124338,0
24.3,5.6,0,0.17107,0.0118583,0
24.3,5.7,0,0.170796,0.0112642,0
24.3,5.8,0,0.171516,0.0106603,0
24.3,5.9,0,0.173225,0.010056,0
24.3,6,0,0.177696,0.00912191,0
24.3,6.1,0,0.178391,0.0114344,0
24.3,6.2,0,0.181203,0.0119773,0
24.3,6.3,0,0.188347,0.00875457,0
24.3,6.4,0,0.193637,0.00887053,0
24.3,6.5,0,0.198254,0.0104841,0
24.3,6.6,0,0.206574,0.00819566,0
24.3,6.7,0,0.214435,0.00681164,0
24.3,6.8,0,0.220344,0.0086193,0
24.3,6.9,0,0.228026,0.00790978,0
24.3,7,0,0.236674,0.00561202,0
24.3,7.1,0,0.243156,0.00712156,0
24.3,7.2,0,0.249803,0.00785509,0
24.3,7.3,0,0.257053,0.00587472,0
24.3,7.4,0,0.263391,0.00601596,0
24.3,7.5,0,0.2691,0.00743274,0
24.3,7.6,0,0.274383,0.00606576,0
24.3,7.7,0,0.279399,0.00506317,0
24.3,7.8,0,0.283812,0.0063921,0
24.3,7.9,0,0.28756,0.00603699,0
24.3,8,0,0.290833,0.00441722,0
24.3,8.1,0,0.293818,0.00521569,0
24.3,8.2,0,0.296507,0.00572221,0
24.3,8.3,0,0.29832,0.00427809,0
24.3,8.4,0,0.300085,0.00407855,0
24.3,8.5,0,0.301795,0.00485927,0
24.3,8.6,0,0.302806,0.00391361,0
24.3,8.7,0,0.303691,0.00304157,0
24.3,8.8,0,0.304558,0.00365412,0
24.3,8.9,0,0.305177,0.00340353,0
24.3,9,0,0.305555,0.00236942,0
24.3,9.1,0,0.305902,0.00260082,0
24.3,9.2,0,0.306219,0.00283124,0
24.3,9.3,0,0.306338,0.001994,0
24.3,9.4,0,0.306425,0.00174492,0
24.3,9.5,0,0.30648,0.00208398,0
24.3,9.6,0,0.306499,0.00159648,0
24.3,9.7,0,0.306478,0.00106927,0
24.3,9.8,0,0.306391,0.00132502,0
24.3,9.9,0,0.306326,0.00121306,0
24.3,10,0,0.306253,0.000690093,0
24.3,10.1,0,0.306117,0.000742388,0
24.3,10.2,0,0.305983,0.000853411,0
24.3,10.3,0,0.305874,0.000455865,0
24.3,10.4,0,0.305734,0.000299852,0
24.3,10.5,0,0.305554,0.000453044,0
24.3,10.6,0,0.305426,0.000241197,0
24.3,10.7,0,0.305292,-3.4599e-05,0
24.3,10.8,0,0.305106,8.7469e-05,0
24.3,10.9,0,0.304951,5.21438e-05,0
24.3,11,0,0.304819,-0.000199254,0
24.3,11.1,0,0.304651,-0.000187059,0
24.3,11.2,0,0.304483,-0.000121743,0
24.3,11.3,0,0.304362,-0.00030768,0
24.3,11.4,0,0.304226,-0.000393106,0
24.3,11.5,0,0.304065,-0.000307807,0
24.3,11.6,0,0.303958,-0.000399723,0
24.3,11.7,0,0.303863,-0.000548045,0
24.3,11.8,0,0.303733,-0.000471617,0
24.3,11.9,0,0.303636,-0.000472813,0
24.3,12,0,0.30358,-0.000604774,0
24.3,12.1,0,0.303501,-0.000594384,0
24.3,12.2,0,0.303421,-0.000539919,0
24.3,12.3,0,0.303399,-0.000640126,0
24.3,12.4,0,0.303371,-0.000690597,0
24.3,12.5,0,0.303323,-0.00062477,0
24.3,12.6,0,0.303318,-0.0006597,0
24.3,12.7,0,0.303333,-0.000743661,0
24.4,0,0,0.304506,0.00774525,0
24.4,0.1,0,0.304547,0.00822024,0
24.4,0.2,0,0.304519,0.00800631,0
24.4,0.3,0,0.304509,0.00804832,0
24.4,0.4,0,0.304513,0.00833348,0
24.4,0.5,0,0.304481,0.00787687,0
24.4,0.6,0,0.304507,0.00845467,0
24.4,0.7,0,0.304499,0.00824214,0
24.4,0.8,0,0.304517,0.00832074,0
24.4,0.9,0,0.304534,0.00867293,0
24.4,1,0,0.304568,0.00817236,0
24.4,1.1,0,0.304621,0.00888712,0
24.4,1.2,0,0.304656,0.00866794,0
24.4,1.3,0,0.304719,0.00881198,0
24.4,1.4,0,0.304757,0.00928278,0
24.4,1.5,0,0.304812,0.00870702,0
24.4,1.6,0,0.304875,0.00965662,0
24.4,1.7,0,0.304862,0.00941641,0
24.4,1.8,0,0.304875,0.00965153,0
24.4,1.9,0,0.304829,0.0103018,0
24.4,2,0,0.304705,0.00958675,0
24.4,2.1,0,0.304636,0.0108779,0
24.4,2.2,0,0.304314,0.0105886,0
24.4,2.3,0,0.304013,0.0109325,0
24.4,2.4,0,0.303609,0.0118223,0
24.4,2.5,0,0.302862,0.0108871,0
24.4,2.6,0,0.302334,0.0126198,0
24.4,2.7,0,0.301169,0.0122379,0
24.4,2.8,0,0.300026,0.0126842,0
24.4,2.9,0,0.298753,0.0138481,0
24.4,3,0,0.296587,0.0125865,0
24.4,3.1,0,0.295062,0.0148031,0
24.4,3.2,0,0.292245,0.0142506,0
24.4,3.3,0,0.289498,0.0147334,0
24.4,3.4,0,0.286695,0.0161393,0
24.4,3.5,0,0.282176,0.014407,0
24.4,3.6,0,0.279082,0.0170491,0
24.4,3.7,0,0.273938,0.0162046,0
24.4,3.8,0,0.269006,0.0165972,0
24.4,3.9,0,0.264291,0.0181492,0
24.4,4,0,0.257169,0.0157776,0
24.4,4.1,0,0.252329,0.0187529,0
24.4,4.2,0,0.245183,0.0174825,0
24.4,4.3,0,0.238408,0.0176743,0
24.4,4.4,0,0.232263,0.0192961,0
24.4,4.5,0,0.223982,0.0161382,0
24.4,4.6,0,0.21802,0.0194396,0
24.4,4.7,0,0.21082,0.0176429,0
24.4,4.8,0,0.203973,0.0175859,0
24.4,4.9,0,0.198432,0.0192666,0
24.4,5,0,0.193785,0.015347,0
24.4,5.1,0,0.186504,0.0148906,0
24.4,5.2,0,0.181912,0.0145007,0
24.4,5.3,0,0.178061,0.0140605,0
24.4,5.4,0,0.175033,0.0135735,0
24.4,5.5,0,0.172893,0.0130453,0
24.4,5.6,0,0.171693,0.0124828,0
24.4,5.7,0,0.171462,0.0118938,0
24.4,5.8,0,0.172217,0.0112869,0
24.4,5.9,0,0.173949,0.0106719,0
24.4,6,0,0.178434,0.00970845,0
24.4,6.1,0,0.179129,0.012021,0
24.4,6.2,0,0.181886,0.0124857,0
24.4,6.3,0,0.189031,0.00926295,0
24.4,6.4,0,0.194321,0.0093789,0
24.4,6.5,0,0.199109,0.0106854,0
24.4,6.6,0,0.207106,0.00857957,0
24.4,6.7,0,0.214967,0.00719556,0
24.4,6.8,0,0.220877,0.00900322,0
24.4,6.9,0,0.228397,0.00816379,0
24.4,7,0,0.237045,0.00586603,0
24.4,7.1,0,0.243528,0.00737557,0
24.4,7.2,0,0.25008,0.0080066,0
24.4,7.3,0,0.257331,0.00602623,0
24.4,7.4,0,0.263669,0.00616747,0
24.4,7.5,0,0.269345,0.00738335,0
24.4,7.6,0,0.274645,0.00615391,0
24.4,7.7,0,0.279661,0.00515132,0
24.4,7.8,0,0.284074,0.00648026,0
24.4,7.9,0,0.287848,0.00609462,0
24.4,8,0,0.291121,0.00447485,0
24.4,8.1,0,0.294106,0.00527332,0
24.4,8.2,0,0.29679,0.00571201,0
24.4,8.3,0,0.29863,0.00432398,0
24.4,8.4,0,0.300395,0.00412445,0
24.4,8.5,0,0.30206,0.00479278,0
24.4,8.6,0,0.303115,0.00395491,0
24.4,8.7,0,0.304,0.00308288,0
24.4,8.8,0,0.304867,0.00369542,0
24.4,8.9,0,0.305461,0.00344118,0
24.4,9,0,0.305839,0.00240707,0
24.4,9.1,0,0.306187,0.00263848,0
24.4,9.2,0,0.306459,0.00280321,0
24.4,9.3,0,0.306584,0.00202693,0
24.4,9.4,0,0.306671,0.00177785,0
24.4,9.5,0,0.306718,0.00206849,0
24.4,9.6,0,0.306702,0.00162377,0
24.4,9.7,0,0.306682,0.00109656,0
24.4,9.8,0,0.306595,0.00135232,0
24.4,9.9,0,0.306489,0.00123456,0
24.4,10,0,0.306416,0.000711593,0
24.4,10.1,0,0.30628,0.000763887,0
24.4,10.2,0,0.30612,0.000837994,0
24.4,10.3,0,0.306002,0.000472016,0
24.4,10.4,0,0.305862,0.000316003,0
24.4,10.5,0,0.305682,0.000458275,0
24.4,10.6,0,0.305525,0.000252848,0
24.4,10.7,0,0.305392,-2.29488e-05,0
24.4,10.8,0,0.305205,9.91192e-05,0
24.4,10.9,0,0.305028,6.02486e-05,0
24.4,11,0,0.304896,-0.000191149,0
24.4,11.1,0,0.304728,-0.000178954,0
24.4,11.2,0,0.30455,-0.000131623,0
24.4,11.3,0,0.30442,-0.000302266,0
24.4,11.4,0,0.304283,-0.000387692,0
24.4,11.5,0,0.304122,-0.000302393,0
24.4,11.6,0,0.304001,-0.000396273,0
24.4,11.7,0,0.303905,-0.000544595,0
24.4,11.8,0,0.303776,-0.000468167,0
24.4,11.9,0,0.303666,-0.000470756,0
24.4,12,0,0.30361,-0.000602717,0
24.4,12.1,0,0.303532,-0.000592328,0
24.4,12.2,0,0.30345,-0.000548674,0
24.4,12.3,0,0.303421,-0.000639581,0
24.4,12.4,0,0.303392,-0.000690052,0
24.4,12.5,0,0.303344,-0.000624225,0
24.4,12.6,0,0.303335,-0.000660089,0
24.4,12.7,0,0.30335,-0.000744049,0
24.5,0,0,0.304466,0.00771476,0
24.5,0.1,0,0.304493,0.00806448,0
24.5,0.2,0,0.304474,0.00797796,0
24.5,0.3,0,0.304464,0.00801997,0
24.5,0.4,0,0.304453,0.00817204,0
24.5,0.5,0,0.304423,0.00785215,0
24.5,0.6,0,0.304436,0.00828622,0
24.5,0.7,0,0.304419,0.0082198,0
24.5,0.8,0,0.304437,0.0082984,0
24.5,0.9,0,0.304437,0.00849578,0
24.5,1,0,0.304459,0.00815157,0
24.5,1.1,0,0.304497,0.00869592,0
24.5,1.2,0,0.30451,0.00864815,0
24.5,1.3,0,0.304573,0.00879218,0
24.5,1.4,0,0.304584,0.0090719,0
24.5,1.5,0,0.304623,0.00868755,0
24.5,1.6,0,0.304657,0.00941951,0
24.5,1.7,0,0.304624,0.00939645,0
24.5,1.8,0,0.304637,0.00963158,0
24.5,1.9,0,0.30454,0.0100312,0
24.5,2,0,0.304414,0.00956528,0
24.5,2.1,0,0.304281,0.0105667,0
24.5,2.2,0,0.303966,0.0105644,0
24.5,2.3,0,0.303665,0.0109083,0
24.5,2.4,0,0.30316,0.0114617,0
24.5,2.5,0,0.302458,0.0108588,0
24.5,2.6,0,0.301799,0.0122035,0
24.5,2.7,0,0.300717,0.0122048,0
24.5,2.8,0,0.299574,0.012651,0
24.5,2.9,0,0.298116,0.0133691,0
24.5,3,0,0.296103,0.0125498,0
24.5,3.1,0,0.29434,0.0142606,0
24.5,3.2,0,0.291754,0.0142152,0
24.5,3.3,0,0.289007,0.014698,0
24.5,3.4,0,0.285908,0.0155383,0
24.5,3.5,0,0.281711,0.0143833,0
24.5,3.6,0,0.27826,0.0163971,0
24.5,3.7,0,0.273531,0.0162099,0
24.5,3.8,0,0.268599,0.0166026,0
24.5,3.9,0,0.263505,0.0174734,0
24.5,4,0,0.256851,0.0158353,0
24.5,4.1,0,0.251624,0.0180586,0
24.5,4.2,0,0.244976,0.0176177,0
24.5,4.3,0,0.238201,0.0178095,0
24.5,4.4,0,0.231755,0.0186248,0
24.5,4.5,0,0.223905,0.0163708,0
24.5,4.6,0,0.217763,0.0187735,0
24.5,4.7,0,0.210891,0.0179822,0
24.5,4.8,0,0.204044,0.0179252,0
24.5,4.9,0,0.198763,0.0186454,0
24.5,5,0,0.193997,0.0157781,0
24.5,5.1,0,0.186811,0.0153799,0
24.5,5.2,0,0.182289,0.0150296,0
24.5,5.3,0,0.178507,0.0146238,0
24.5,5.4,0,0.175544,0.0141645,0
24.5,5.5,0,0.173464,0.0136569,0
24.5,5.6,0,0.172315,0.0131073,0
24.5,5.7,0,0.172129,0.0125233,0
24.5,5.8,0,0.172918,0.0119135,0
24.5,5.9,0,0.174673,0.0112877,0
24.5,6,0,0.179172,0.010295,0
24.5,6.1,0,0.179954,0.0125291,0
24.5,6.2,0,0.183811,0.0119836,0
24.5,6.3,0,0.189715,0.00977133,0
24.5,6.4,0,0.195005,0.00988728,0
24.5,6.5,0,0.20067,0.0101232,0
24.5,6.6,0,0.207638,0.00896349,0
24.5,6.7,0,0.2155,0.00757948,0
24.5,6.8,0,0.221796,0.00866584,0
24.5,6.9,0,0.228889,0.00827052,0
24.5,7,0,0.237416,0.00612004,0
24.5,7.1,0,0.243899,0.00762958,0
24.5,7.2,0,0.250592,0.00742014,0
24.5,7.3,0,0.257608,0.00617775,0
24.5,7.4,0,0.263946,0.00631899,0
24.5,7.5,0,0.269504,0.0067823,0
24.5,7.6,0,0.274907,0.00624207,0
24.5,7.7,0,0.279923,0.00523948,0
24.5,7.8,0,0.284187,0.00614961,0
24.5,7.9,0,0.288059,0.00596889,0
24.5,8,0,0.291408,0.00453248,0
24.5,8.1,0,0.294393,0.00533095,0
24.5,8.2,0,0.296842,0.00522102,0
24.5,8.3,0,0.29894,0.00436988,0
24.5,8.4,0,0.300705,0.00417034,0
24.5,8.5,0,0.302189,0.00439074,0
24.5,8.6,0,0.303424,0.00399621,0
24.5,8.7,0,0.304309,0.00312418,0
24.5,8.8,0,0.305114,0.00354852,0
24.5,8.9,0,0.305708,0.00333351,0
24.5,9,0,0.306124,0.00244472,0
24.5,9.1,0,0.306471,0.00267613,0
24.5,9.2,0,0.306676,0.00255927,0
24.5,9.3,0,0.30683,0.00205986,0
24.5,9.4,0,0.306917,0.00181078,0
24.5,9.5,0,0.306929,0.00188151,0
24.5,9.6,0,0.306905,0.00165107,0
24.5,9.7,0,0.306885,0.00112385,0
24.5,9.8,0,0.306791,0.00130934,0
24.5,9.9,0,0.306664,0.00116903,0
24.5,10,0,0.306579,0.000733092,0
24.5,10.1,0,0.306443,0.000785387,0
24.5,10.2,0,0.306275,0.000726038,0
24.5,10.3,0,0.306131,0.000488167,0
24.5,10.4,0,0.30599,0.000332153,0
24.5,10.5,0,0.305807,0.000369904,0
24.5,10.6,0,0.305625,0.000264498,0
24.5,10.7,0,0.305491,-1.12986e-05,0
24.5,10.8,0,0.305305,8.64535e-05,0
24.5,10.9,0,0.305119,1.76878e-05,0
24.5,11,0,0.304972,-0.000183044,0
24.5,11.1,0,0.304804,-0.000170849,0
24.5,11.2,0,0.30463,-0.000189551,0
24.5,11.3,0,0.304478,-0.000296853,0
24.5,11.4,0,0.304341,-0.000382278,0
24.5,11.5,0,0.304187,-0.000350405,0
24.5,11.6,0,0.304044,-0.000392823,0
24.5,11.7,0,0.303948,-0.000541145,0
24.5,11.8,0,0.303821,-0.000472908,0
24.5,11.9,0,0.303714,-0.000502287,0
24.5,12,0,0.303641,-0.000600661,0
24.5,12.1,0,0.303562,-0.000590271,0
24.5,12.2,0,0.303491,-0.000587247,0
24.5,12.3,0,0.303442,-0.000639036,0
24.5,12.4,0,0.303413,-0.000689507,0
24.5,12.5,0,0.303375,-0.000652354,0
24.5,12.6,0,0.303354,-0.000662501,0
24.5,12.7,0,0.303367,-0.000744438,0
24.6,0,0,0.304425,0.00768426,0
24.6,0.1,0,0.304436,0.00788662,0
24.6,0.2,0,0.304425,0.00790476,0
24.6,0.3,0,0.304414,0.00794446,0
24.6,0.4,0,0.304391,0.00798647,0
24.6,0.5,0,0.304364,0.00782742,0
24.6,0.6,0,0.304362,0.0080924,0
24.6,0.7,0,0.304341,0.00814602,0
24.6,0.8,0,0.304352,0.00822134,0
24.6,0.9,0,0.304342,0.00829103,0
24.6,1,0,0.304349,0.00813078,0
24.6,1.1,0,0.30437,0.00847465,0
24.6,1.2,0,0.30437,0.00856791,0
24.6,1.3,0,0.30442,0.00870493,0
24.6,1.4,0,0.304415,0.00882725,0
24.6,1.5,0,0.304434,0.00866808,0
24.6,1.6,0,0.304434,0.00914399,0
24.6,1.7,0,0.304391,0.00929983,0
24.6,1.8,0,0.304384,0.00952325,0
24.6,1.9,0,0.304251,0.00971671,0
24.6,2,0,0.304122,0.00954382,0
24.6,2.1,0,0.303914,0.0102043,0
24.6,2.2,0,0.303612,0.0104387,0
24.6,2.3,0,0.303284,0.0107655,0
24.6,2.4,0,0.302702,0.0110424,0
24.6,2.5,0,0.302054,0.0108305,0
24.6,2.6,0,0.30124,0.0117186,0
24.6,2.7,0,0.300233,0.0120361,0
24.6,2.8,0,0.299059,0.0124608,0
24.6,2.9,0,0.297452,0.0128121,0
24.6,3,0,0.295619,0.0125131,0
24.6,3.1,0,0.293575,0.0136289,0
24.6,3.2,0,0.291181,0.0140008,0
24.6,3.3,0,0.28841,0.0144623,0
24.6,3.4,0,0.285064,0.0148354,0
24.6,3.5,0,0.281245,0.0143596,0
24.6,3.6,0,0.277375,0.0156342,0
24.6,3.7,0,0.272981,0.0159848,0
24.6,3.8,0,0.268054,0.0163648,0
24.6,3.9,0,0.262637,0.0166682,0
24.6,4,0,0.256532,0.0158931,0
24.6,4.1,0,0.25085,0.0172316,0
24.6,4.2,0,0.244599,0.0174642,0
24.6,4.3,0,0.237881,0.0176548,0
24.6,4.4,0,0.231171,0.0177939,0
24.6,4.5,0,0.223828,0.0166035,0
24.6,4.6,0,0.217474,0.0179487,0
24.6,4.7,0,0.210854,0.0179722,0
24.6,4.8,0,0.2042,0.0179205,0
24.6,4.9,0,0.199116,0.0178386,0
24.6,5,0,0.194208,0.0162092,0
24.6,5.1,0,0.187119,0.0158692,0
24.6,5.2,0,0.182667,0.0155586,0
24.6,5.3,0,0.178953,0.0151871,0
24.6,5.4,0,0.176054,0.0147555,0
24.6,5.5,0,0.174034,0.0142684,0
24.6,5.6,0,0.172938,0.0137318,0
24.6,5.7,0,0.172796,0.0131529,0
24.6,5.8,0,0.173618,0.0125401,0
24.6,5.9,0,0.175397,0.0119035,0
24.6,6,0,0.179911,0.0108815,0
24.6,6.1,0,0.182059,0.0118803,0
24.6,6.2,0,0.185916,0.0113348,0
24.6,6.3,0,0.190399,0.0102797,0
24.6,6.4,0,0.195911,0.010124,0
24.6,6.5,0,0.202231,0.00956096,0
24.6,6.6,0,0.20855,0.0089979,0
24.6,6.7,0,0.216032,0.00796339,0
24.6,6.8,0,0.22284,0.0080975,0
24.6,6.9,0,0.229932,0.00770218,0
24.6,7,0,0.237787,0.00637406,0
24.6,7.1,0,0.244406,0.00707911,0
24.6,7.2,0,0.251107,0.00682532,0
24.6,7.3,0,0.257885,0.00632926,0
24.6,7.4,0,0.264207,0.0063666,0
24.6,7.5,0,0.269663,0.00618126,0
24.6,7.6,0,0.275119,0.00599591,0
24.6,7.7,0,0.280186,0.00532763,0
24.6,7.8,0,0.284215,0.0055852,0
24.6,7.9,0,0.288087,0.00540448,0
24.6,8,0,0.291696,0.00459012,0
24.6,8.1,0,0.294485,0.00493207,0
24.6,8.2,0,0.296894,0.00473002,0
24.6,8.3,0,0.29925,0.00441578,0
24.6,8.4,0,0.301011,0.00420621,0
24.6,8.5,0,0.302318,0.00398869,0
24.6,8.6,0,0.303625,0.00377117,0
24.6,8.7,0,0.304618,0.00316548,0
24.6,8.8,0,0.305305,0.00323211,0
24.6,8.9,0,0.305899,0.0030171,0
24.6,9,0,0.306409,0.00248238,0
24.6,9.1,0,0.306707,0.00251204,0
24.6,9.2,0,0.306893,0.00231533,0
24.6,9.3,0,0.307076,0.00209279,0
24.6,9.4,0,0.307163,0.0018437,0
24.6,9.5,0,0.30714,0.00169454,0
24.6,9.6,0,0.307114,0.00152485,0
24.6,9.7,0,0.307088,0.00115115,0
24.6,9.8,0,0.306977,0.00116543,0
24.6,9.9,0,0.306851,0.00102513,0
24.6,10,0,0.306742,0.000754591,0
24.6,10.1,0,0.306601,0.000726713,0
24.6,10.2,0,0.30643,0.000614081,0
24.6,10.3,0,0.30626,0.00050145,0
24.6,10.4,0,0.306118,0.000348304,0
24.6,10.5,0,0.305932,0.000281533,0
24.6,10.6,0,0.305746,0.000192922,0
24.6,10.7,0,0.305591,3.51564e-07,0
24.6,10.8,0,0.305405,1.56143e-05,0
24.6,10.9,0,0.305219,-5.31515e-05,0
24.6,11,0,0.305049,-0.000174939,0
24.6,11.1,0,0.304882,-0.000194775,0
24.6,11.2,0,0.30471,-0.00024748,0
24.6,11.3,0,0.304539,-0.000300184,0
24.6,11.4,0,0.304399,-0.000376865,0
24.6,11.5,0,0.304252,-0.000399022,0
24.6,11.6,0,0.304108,-0.00043872,0
24.6,11.7,0,0.303991,-0.000537695,0
24.6,11.8,0,0.303873,-0.000515194,0
24.6,11.9,0,0.303766,-0.000544573,0
24.6,12,0,0.303672,-0.000598604,0
24.6,12.1,0,0.303597,-0.000603223,0
24.6,12.2,0,0.303532,-0.00062582,0
24.6,12.3,0,0.303468,-0.000648417,0
24.6,12.4,0,0.303434,-0.000688963,0
24.6,12.5,0,0.303408,-0.00068465,0
24.6,12.6,0,0.303386,-0.000694797,0
24.6,12.7,0,0.303384,-0.000744827,0
24.7,0,0,0.304385,0.00765376,0
24.7,0.1,0,0.304379,0.00770875,0
24.7,0.2,0,0.304368,0.00772689,0
24.7,0.3,0,0.304353,0.00775889,0
24.7,0.4,0,0.30433,0.0078009,0
24.7,0.5,0,0.304306,0.0078027,0
24.7,0.6,0,0.304289,0.00789859,0
24.7,0.7,0,0.304267,0.00795221,0
24.7,0.8,0,0.304257,0.00801659,0
24.7,0.9,0,0.304246,0.00808629,0
24.7,1,0,0.30424,0.00810999,0
24.7,1.1,0,0.304243,0.00825338,0
24.7,1.2,0,0.304243,0.00834664,0
24.7,1.3,0,0.304251,0.00846027,0
24.7,1.4,0,0.304245,0.00858259,0
24.7,1.5,0,0.304245,0.00864861,0
24.7,1.6,0,0.30421,0.00886847,0
24.7,1.7,0,0.304167,0.00902431,0
24.7,1.8,0,0.304096,0.00920871,0
24.7,1.9,0,0.303963,0.00940217,0
24.7,2,0,0.30383,0.00952236,0
24.7,2.1,0,0.303547,0.00984197,0
24.7,2.2,0,0.303246,0.0100764,0
24.7,2.3,0,0.302827,0.0103462,0
24.7,2.4,0,0.302245,0.0106231,0
24.7,2.5,0,0.30165,0.0108022,0
24.7,2.6,0,0.300682,0.0112338,0
24.7,2.7,0,0.299675,0.0115513,0
24.7,2.8,0,0.298395,0.0119038,0
24.7,2.9,0,0.296787,0.0122551,0
24.7,3,0,0.295135,0.0124764,0
24.7,3.1,0,0.292811,0.0129971,0
24.7,3.2,0,0.290417,0.0133691,0
24.7,3.3,0,0.287567,0.0137594,0
24.7,3.4,0,0.28422,0.0141325,0
24.7,3.5,0,0.280779,0.0143359,0
24.7,3.6,0,0.27649,0.0148713,0
24.7,3.7,0,0.272096,0.0152219,0
24.7,3.8,0,0.267186,0.0155596,0
24.7,3.9,0,0.261769,0.015863,0
24.7,4,0,0.256214,0.0159508,0
24.7,4.1,0,0.250077,0.0164046,0
24.7,4.2,0,0.243825,0.0166372,0
24.7,4.3,0,0.237297,0.016824,0
24.7,4.4,0,0.230587,0.016963,0
24.7,4.5,0,0.223751,0.0168361,0
24.7,4.6,0,0.217184,0.0171239,0
24.7,4.7,0,0.210565,0.0171474,0
24.7,4.8,0,0.204552,0.0171137,0
24.7,4.9,0,0.199468,0.0170317,0
24.7,5,0,0.19442,0.0166402,0
24.7,5.1,0,0.187426,0.0163585,0
24.7,5.2,0,0.183044,0.0160875,0
24.7,5.3,0,0.179399,0.0157504,0
24.7,5.4,0,0.176565,0.0153465,0
24.7,5.5,0,0.174604,0.0148799,0
24.7,5.6,0,0.173561,0.0143563,0
24.7,5.7,0,0.173463,0.0137824,0
24.7,5.8,0,0.174319,0.0131667,0
24.7,5.9,0,0.176121,0.0125194,0
24.7,6,0,0.180649,0.0114681,0
24.7,6.1,0,0.184164,0.0112314,0
24.7,6.2,0,0.188021,0.0106859,0
24.7,6.3,0,0.191878,0.0101404,0
24.7,6.4,0,0.197472,0.0095618,0
24.7,6.5,0,0.203791,0.00899874,0
24.7,6.6,0,0.210111,0.00843568,0
24.7,6.7,0,0.216791,0.00792448,0
24.7,6.8,0,0.223883,0.00752916,0
24.7,6.9,0,0.230976,0.00713385,0
24.7,7,0,0.238158,0.00662807,0
24.7,7.1,0,0.244921,0.00648429,0
24.7,7.2,0,0.251622,0.00623051,0
24.7,7.3,0,0.258323,0.00597672,0
24.7,7.4,0,0.264366,0.00576556,0
24.7,7.5,0,0.269822,0.00558021,0
24.7,7.6,0,0.275278,0.00539486,0
24.7,7.7,0,0.280371,0.00520151,0
24.7,7.8,0,0.284243,0.00502079,0
24.7,7.9,0,0.288116,0.00484007,0
24.7,8,0,0.291983,0.00464775,0
24.7,8.1,0,0.294537,0.00444108,0
24.7,8.2,0,0.296947,0.00423902,0
24.7,8.3,0,0.299356,0.00403697,0
24.7,8.4,0,0.30114,0.00380417,0
24.7,8.5,0,0.302447,0.00358665,0
24.7,8.6,0,0.303754,0.00336913,0
24.7,8.7,0,0.304902,0.0031307,0
24.7,8.8,0,0.305496,0.00291569,0
24.7,8.9,0,0.30609,0.00270069,0
24.7,9,0,0.306684,0.00248568,0
24.7,9.1,0,0.306924,0.0022681,0
24.7,9.2,0,0.30711,0.00207139,0
24.7,9.3,0,0.307295,0.00187468,0
24.7,9.4,0,0.307377,0.00167724,0
24.7,9.5,0,0.307351,0.00150756,0
24.7,9.6,0,0.307325,0.00133787,0
24.7,9.7,0,0.30729,0.00116183,0
24.7,9.8,0,0.307163,0.00102152,0
24.7,9.9,0,0.307037,0.000881217,0
24.7,10,0,0.30691,0.000740911,0
24.7,10.1,0,0.306756,0.000614756,0
24.7,10.2,0,0.306585,0.000502125,0
24.7,10.3,0,0.306414,0.000389493,0
24.7,10.4,0,0.306244,0.000281774,0
24.7,10.5,0,0.306057,0.000193162,0
24.7,10.6,0,0.305871,0.000104551,0
24.7,10.7,0,0.30569,1.20018e-05,0
24.7,10.8,0,0.305504,-5.5225e-05,0
24.7,10.9,0,0.305318,-0.000123991,0
24.7,11,0,0.305133,-0.000192756,0
24.7,11.1,0,0.304962,-0.000252704,0
24.7,11.2,0,0.304791,-0.000305408,0
24.7,11.3,0,0.304619,-0.000358112,0
24.7,11.4,0,0.304462,-0.000407941,0
24.7,11.5,0,0.304317,-0.000447639,0
24.7,11.6,0,0.304173,-0.000487337,0
24.7,11.7,0,0.304034,-0.000534245,0
24.7,11.8,0,0.303926,-0.00055748,0
24.7,11.9,0,0.303819,-0.000586858,0
24.7,12,0,0.303712,-0.000616237,0
24.7,12.1,0,0.303638,-0.000641796,0
24.7,12.2,0,0.303573,-0.000664393,0
24.7,12.3,0,0.303509,-0.00068699,0
24.7,12.4,0,0.303462,-0.000706798,0
24.7,12.5,0,0.303441,-0.000716945,0
24.7,12.6,0,0.303419,-0.000727092,0
24.7,12.7,0,0.303402,-0.000745215,0
24.8,0,0,0.304354,0.00757725,0
24.8,0.1,0,0.304326,0.0075221,0
24.8,0.2,0,0.304316,0.00754025,0
24.8,0.3,0,0.304293,0.00757056,0
24.8,0.4,0,0.30427,0.00761257,0
24.8,0.5,0,0.304266,0.00772468,0
24.8,0.6,0,0.304213,0.00770193,0
24.8,0.7,0,0.304192,0.00775554,0
24.8,0.8,0,0.304158,0.00780692,0
24.8,0.9,0,0.304148,0.00787661,0
24.8,1,0,0.30417,0.00802349,0
24.8,1.1,0,0.304115,0.00802563,0
24.8,1.2,0,0.304115,0.00811889,0
24.8,1.3,0,0.304085,0.00820802,0
24.8,1.4,0,0.30408,0.00833034,0
24.8,1.5,0,0.304126,0.00854418,0
24.8,1.6,0,0.304001,0.00858432,0
24.8,1.7,0,0.303958,0.00874016,0
24.8,1.8,0,0.303837,0.0088846,0
24.8,1.9,0,0.303704,0.00907806,0
24.8,2,0,0.303645,0.0093876,0
24.8,2.1,0,0.303233,0.00946938,0
24.8,2.2,0,0.302931,0.00970377,0
24.8,2.3,0,0.302452,0.00991661,0
24.8,2.4,0,0.301871,0.0101934,0
24.8,2.5,0,0.301385,0.0106231,0
24.8,2.6,0,0.300246,0.0107396,0
24.8,2.7,0,0.29924,0.0110571,0
24.8,2.8,0,0.297898,0.0113398,0
24.8,2.9,0,0.296291,0.0116911,0
24.8,3,0,0.294794,0.0122431,0
24.8,3.1,0,0.29226,0.0123624,0
24.8,3.2,0,0.289866,0.0127343,0
24.8,3.3,0,0.28697,0.013059,0
24.8,3.4,0,0.283624,0.0134321,0
24.8,3.5,0,0.280402,0.0140565,0
24.8,3.6,0,0.275865,0.0141169,0
24.8,3.7,0,0.27147,0.0144675,0
24.8,3.8,0,0.266554,0.0147688,0
24.8,3.9,0,0.261137,0.0150722,0
24.8,4,0,0.255877,0.0156634,0
24.8,4.1,0,0.249471,0.0155975,0
24.8,4.2,0,0.24322,0.0158301,0
24.8,4.3,0,0.236768,0.0160184,0
24.8,4.4,0,0.230058,0.0161575,0
24.8,4.5,0,0.223562,0.0165908,0
24.8,4.6,0,0.216797,0.0163297,0
24.8,4.7,0,0.210178,0.0163532,0
24.8,4.8,0,0.20426,0.0163273,0
24.8,4.9,0,0.199176,0.0162453,0
24.8,5,0,0.194487,0.0164546,0
24.8,5.1,0,0.18759,0.0161949,0
24.8,5.2,0,0.183279,0.0159406,0
24.8,5.3,0,0.179705,0.0156191,0
24.8,5.4,0,0.17694,0.0152289,0
24.8,5.5,0,0.175045,0.0147741,0
24.8,5.6,0,0.174062,0.01426,0
24.8,5.7,0,0.174017,0.0136934,0
24.8,5.8,0,0.174918,0.0130826,0
24.8,5.9,0,0.176754,0.0124376,0
24.8,6,0,0.181314,0.0113849,0
24.8,6.1,0,0.185124,0.0106462,0
24.8,6.2,0,0.188981,0.0101007,0
24.8,6.3,0,0.192838,0.00955517,0
24.8,6.4,0,0.198581,0.0089473,0
24.8,6.5,0,0.204901,0.00838424,0
24.8,6.6,0,0.21122,0.00782118,0
24.8,6.7,0,0.217762,0.00731886,0
24.8,6.8,0,0.224877,0.00690435,0
24.8,6.9,0,0.231969,0.00650903,0
24.8,7,0,0.238716,0.00632784,0
24.8,7.1,0,0.245739,0.00585418,0
24.8,7.2,0,0.25244,0.0056004,0
24.8,7.3,0,0.259141,0.00534661,0
24.8,7.4,0,0.265028,0.00515542,0
24.8,7.5,0,0.270485,0.00497008,0
24.8,7.6,0,0.275941,0.00478473,0
24.8,7.7,0,0.280836,0.00468858,0
24.8,7.8,0,0.284796,0.00446247,0
24.8,7.9,0,0.288668,0.00428175,0
24.8,8,0,0.292256,0.0042539,0
24.8,8.1,0,0.295015,0.00395783,0
24.8,8.2,0,0.297424,0.00375577,0
24.8,8.3,0,0.299833,0.00355372,0
24.8,8.4,0,0.301559,0.0034044,0
24.8,8.5,0,0.302865,0.00318688,0
24.8,8.6,0,0.304172,0.00296936,0
24.8,8.7,0,0.30519,0.0028511,0
24.8,8.8,0,0.30586,0.00259537,0
24.8,8.9,0,0.306454,0.00238036,0
24.8,9,0,0.306937,0.00223772,0
24.8,9.1,0,0.307234,0.00201621,0
24.8,9.2,0,0.307419,0.0018195,0
24.8,9.3,0,0.307605,0.00162279,0
24.8,9.4,0,0.307633,0.00148068,0
24.8,9.5,0,0.307607,0.001311,0
24.8,9.6,0,0.307581,0.00114132,0
24.8,9.7,0,0.307455,0.00103692,0
24.8,9.8,0,0.30737,0.000868146,0
24.8,9.9,0,0.307243,0.000727839,0
24.8,10,0,0.307081,0.00061327,0
24.8,10.1,0,0.306919,0.000494326,0
24.8,10.2,0,0.306749,0.000381694,0
24.8,10.3,0,0.306578,0.000269062,0
24.8,10.4,0,0.306371,0.000186303,0
24.8,10.5,0,0.306184,9.76916e-05,0
24.8,10.6,0,0.305998,9.07992e-06,0
24.8,10.7,0,0.305767,-4.40926e-05,0
24.8,10.8,0,0.305602,-0.000131832,0
24.8,10.9,0,0.305416,-0.000200598,0
24.8,11,0,0.305221,-0.000261708,0
24.8,11.1,0,0.305036,-0.000315278,0
24.8,11.2,0,0.304864,-0.000367982,0
24.8,11.3,0,0.304692,-0.000420687,0
24.8,11.4,0,0.304516,-0.000460345,0
24.8,11.5,0,0.304372,-0.000500043,0
24.8,11.6,0,0.304227,-0.000539741,0
24.8,11.7,0,0.304066,-0.000559134,0
24.8,11.8,0,0.303965,-0.000602669,0
24.8,11.9,0,0.303858,-0.000632047,0
24.8,12,0,0.30375,-0.000660015,0
24.8,12.1,0,0.303665,-0.000681863,0
24.8,12.2,0,0.3036,-0.000704459,0
24.8,12.3,0,0.303536,-0.000727056,0
24.8,12.4,0,0.303481,-0.000745673,0
24.8,12.5,0,0.303459,-0.00075582,0
24.8,12.6,0,0.303438,-0.000765966,0
24.8,12.7,0,0.303415,-0.000759068,0
24.9,0,0,0.304327,0.00748539,0
24.9,0.1,0,0.304276,0.00733253,0
24.9,0.2,0,0.30427,0.00737003,0
24.9,0.3,0,0.304239,0.00740059,0
24.9,0.4,0,0.30421,0.00742331,0
24.9,0.5,0,0.304232,0.0076289,0
24.9,0.6,0,0.304137,0.00750432,0
24.9,0.7,0,0.304122,0.00757727,0
24.9,0.8,0,0.30407,0.00761767,0
24.9,0.9,0,0.304049,0.00766529,0
24.9,1,0,0.304114,0.00791509,0
24.9,1.1,0,0.303986,0.00779574,0
24.9,1.2,0,0.303997,0.00791121,0
24.9,1.3,0,0.303939,0.00798044,0
24.9,1.4,0,0.303915,0.00807556,0
24.9,1.5,0,0.304031,0.00841144,0
24.9,1.6,0,0.303796,0.00829729,0
24.9,1.7,0,0.30377,0.00848043,0
24.9,1.8,0,0.303613,0.00859266,0
24.9,1.9,0,0.303454,0.00875076,0
24.9,2,0,0.303495,0.00921508,0
24.9,2.1,0,0.302936,0.00909338,0
24.9,2.2,0,0.302657,0.00936321,0
24.9,2.3,0,0.302139,0.00953041,0
24.9,2.4,0,0.301525,0.00976041,0
24.9,2.5,0,0.301165,0.0103938,0
24.9,2.6,0,0.299852,0.0102422,0
24.9,2.7,0,0.298872,0.0106066,0
24.9,2.8,0,0.297495,0.0108341,0
24.9,2.9,0,0.295851,0.0111248,0
24.9,3,0,0.2945,0.0119442,0
24.9,3.1,0,0.291779,0.0117266,0
24.9,3.2,0,0.289416,0.012159,0
24.9,3.3,0,0.286495,0.0124325,0
24.9,3.4,0,0.283111,0.0127324,0
24.9,3.5,0,0.280055,0.0136919,0
24.9,3.6,0,0.275325,0.0133653,0
24.9,3.7,0,0.270968,0.0137886,0
24.9,3.8,0,0.26604,0.0140623,0
24.9,3.9,0,0.260583,0.0142862,0
24.9,4,0,0.255534,0.0152611,0
24.9,4.1,0,0.248921,0.014797,0
24.9,4.2,0,0.242719,0.0151083,0
24.9,4.3,0,0.236298,0.0152994,0
24.9,4.4,0,0.229546,0.0153604,0
24.9,4.5,0,0.223337,0.0161862,0
24.9,4.6,0,0.216378,0.0155456,0
24.9,4.7,0,0.20982,0.015646,0
24.9,4.8,0,0.203832,0.0156238,0
24.9,4.9,0,0.198668,0.0154658,0
24.9,5,0,0.194506,0.0160635,0
24.9,5.1,0,0.187706,0.0158136,0
24.9,5.2,0,0.183467,0.0155685,0
24.9,5.3,0,0.179964,0.0152562,0
24.9,5.4,0,0.17727,0.0148752,0
24.9,5.5,0,0.175442,0.0144291,0
24.9,5.6,0,0.174522,0.0139234,0
24.9,5.7,0,0.174534,0.0133649,0
24.9,5.8,0,0.175483,0.0127617,0
24.9,5.9,0,0.177358,0.0121233,0
24.9,6,0,0.181956,0.0110784,0
24.9,6.1,0,0.185702,0.0100822,0
24.9,6.2,0,0.189559,0.0095367,0
24.9,6.3,0,0.193484,0.00923859,0
24.9,6.4,0,0.199464,0.0083969,0
24.9,6.5,0,0.20586,0.00775231,0
24.9,6.6,0,0.212128,0.0072325,0
24.9,6.7,0,0.218329,0.00701809,0
24.9,6.8,0,0.225854,0.00626071,0
24.9,6.9,0,0.232946,0.00586539,0
24.9,7,0,0.239148,0.00602176,0
24.9,7.1,0,0.246659,0.00521232,0
24.9,7.2,0,0.25336,0.00495853,0
24.9,7.3,0,0.259553,0.00498141,0
24.9,7.4,0,0.265668,0.00465331,0
24.9,7.5,0,0.271315,0.00435692,0
24.9,7.6,0,0.276762,0.00417637,0
24.9,7.7,0,0.281054,0.00439672,0
24.9,7.8,0,0.285522,0.00390618,0
24.9,7.9,0,0.289394,0.00372546,0
24.9,8,0,0.292434,0.00399236,0
24.9,8.1,0,0.295634,0.00347716,0
24.9,8.2,0,0.298043,0.0032751,0
24.9,8.3,0,0.30013,0.00325672,0
24.9,8.4,0,0.301906,0.00309014,0
24.9,8.5,0,0.303381,0.00278788,0
24.9,8.6,0,0.304688,0.00257036,0
24.9,8.7,0,0.305347,0.00267121,0
24.9,8.8,0,0.306282,0.00227374,0
24.9,8.9,0,0.306875,0.00205873,0
24.9,9,0,0.307083,0.00209565,0
24.9,9.1,0,0.307574,0.00176167,0
24.9,9.2,0,0.307759,0.00156496,0
24.9,9.3,0,0.30782,0.00145361,0
24.9,9.4,0,0.30782,0.00133379,0
24.9,9.5,0,0.307877,0.00111125,0
24.9,9.6,0,0.307851,0.000941569,0
24.9,9.7,0,0.307565,0.000951022,0
24.9,9.8,0,0.307583,0.000711612,0
24.9,9.9,0,0.307457,0.000571305,0
24.9,10,0,0.307171,0.000546313,0
24.9,10.1,0,0.307086,0.00037107,0
24.9,10.2,0,0.306915,0.000258438,0
24.9,10.3,0,0.306699,0.000179516,0
24.9,10.4,0,0.306459,0.000120482,0
24.9,10.5,0,0.306312,-1.45856e-07,0
24.9,10.6,0,0.306125,-8.87575e-05,0
24.9,10.7,0,0.305823,-8.60397e-05,0
24.9,10.8,0,0.305698,-0.000210362,0
24.9,10.9,0,0.305512,-0.000279128,0
24.9,11,0,0.305264,-0.000295636,0
24.9,11.1,0,0.305106,-0.000378951,0
24.9,11.2,0,0.304935,-0.000432106,0
24.9,11.3,0,0.30475,-0.000471751,0
24.9,11.4,0,0.304553,-0.000492881,0
24.9,11.5,0,0.304422,-0.000553709,0
24.9,11.6,0,0.304278,-0.000593407,0
24.9,11.7,0,0.304092,-0.000582975,0
24.9,11.8,0,0.304,-0.000648826,0
24.9,11.9,0,0.303893,-0.000678204,0
24.9,12,0,0.303769,-0.000680962,0
24.9,12.1,0,0.303687,-0.000719865,0
24.9,12.2,0,0.303623,-0.000745024,0
24.9,12.3,0,0.303556,-0.000762325,0
24.9,12.4,0,0.303495,-0.000766049,0
24.9,12.5,0,0.303474,-0.000796887,0
24.9,12.6,0,0.303452,-0.000807034,0
24.9,12.7,0,0.303427,-0.000777409,0
25,0,0,0.304301,0.00739353,0
25,0.1,0,0.304225,0.00714296,0
25,0.2,0,0.304242,0.00727725,0
25,0.3,0,0.304211,0.00730781,0
25,0.4,0,0.30415,0.00723405,0
25,0.5,0,0.304198,0.00753312,0
25,0.6,0,0.30406,0.00730671,0
25,0.7,0,0.304079,0.00747633,0
25,0.8,0,0.304027,0.00751674,0
25,0.9,0,0.303949,0.00745397,0
25,1,0,0.304057,0.00780669,0
25,1.1,0,0.303857,0.00756584,0
25,1.2,0,0.303923,0.00779239,0
25,1.3,0,0.303865,0.00786161,0
25,1.4,0,0.303751,0.00782079,0
25,1.5,0,0.303935,0.00827869,0
25,1.6,0,0.303592,0.00801026,0
25,1.7,0,0.30365,0.00832988,0
25,1.8,0,0.303492,0.00844211,0
25,1.9,0,0.303205,0.00842346,0
25,2,0,0.303344,0.00904255,0
25,2.1,0,0.302639,0.00871738,0
25,2.2,0,0.302473,0.00916437,0
25,2.3,0,0.301955,0.00933157,0
25,2.4,0,0.301178,0.00932737,0
25,2.5,0,0.300945,0.0101645,0
25,2.6,0,0.299457,0.00974491,0
25,2.7,0,0.298615,0.0103434,0
25,2.8,0,0.297238,0.0105709,0
25,2.9,0,0.295411,0.0105584,0
25,3,0,0.294207,0.0116454,0
25,3.1,0,0.291299,0.0110909,0
25,3.2,0,0.289091,0.0118253,0
25,3.3,0,0.286169,0.0120987,0
25,3.4,0,0.282597,0.0120328,0
25,3.5,0,0.279707,0.0133272,0
25,3.6,0,0.274786,0.0126137,0
25,3.7,0,0.270612,0.0134004,0
25,3.8,0,0.265684,0.0136741,0
25,3.9,0,0.26003,0.0135002,0
25,4,0,0.255191,0.0148588,0
25,4.1,0,0.248371,0.0139966,0
25,4.2,0,0.242417,0.0147014,0
25,4.3,0,0.235995,0.0148925,0
25,4.4,0,0.229034,0.0145633,0
25,4.5,0,0.223111,0.0157816,0
25,4.6,0,0.215958,0.0147616,0
25,4.7,0,0.209712,0.0152466,0
25,4.8,0,0.203724,0.0152244,0
25,4.9,0,0.19816,0.0146862,0
25,5,0,0.194524,0.0156723,0
25,5.1,0,0.187822,0.0154324,0
25,5.2,0,0.183654,0.0151963,0
25,5.3,0,0.180224,0.0148934,0
25,5.4,0,0.1776,0.0145214,0
25,5.5,0,0.17584,0.0140841,0
25,5.6,0,0.174983,0.0135869,0
25,5.7,0,0.17505,0.0130364,0
25,5.8,0,0.176047,0.0124407,0
25,5.9,0,0.177961,0.0118091,0
25,6,0,0.182597,0.0107719,0
25,6.1,0,0.186307,0.00963065,0
25,6.2,0,0.190137,0.00897271,0
25,6.3,0,0.194134,0.00893771,0
25,6.4,0,0.200115,0.00809602,0
25,6.5,0,0.206819,0.00712038,0
25,6.6,0,0.212696,0.00693174,0
25,6.7,0,0.218897,0.00671733,0
25,6.8,0,0.22683,0.00561707,0
25,6.9,0,0.233748,0.00533007,0
25,7,0,0.23958,0.00571567,0
25,7.1,0,0.24731,0.00475588,0
25,7.2,0,0.25428,0.00431666,0
25,7.3,0,0.259856,0.00467505,0
25,7.4,0,0.265971,0.00434694,0
25,7.5,0,0.272145,0.00374376,0
25,7.6,0,0.27698,0.0038845,0
25,7.7,0,0.281272,0.00410486,0
25,7.8,0,0.286249,0.00334989,0
25,7.9,0,0.290009,0.00322966,0
25,8,0,0.292612,0.00373081,0
25,8.1,0,0.295958,0.00314284,0
25,8.2,0,0.298662,0.00279443,0
25,8.3,0,0.300294,0.00303513,0
25,8.4,0,0.302071,0.00286855,0
25,8.5,0,0.303896,0.00238888,0
25,8.6,0,0.304881,0.0023684,0
25,8.7,0,0.305505,0.00249133,0
25,8.8,0,0.306703,0.00195211,0
25,8.9,0,0.307272,0.00175318,0
25,9,0,0.307229,0.00195359,0
25,9.1,0,0.307762,0.00159527,0
25,9.2,0,0.308099,0.00131042,0
25,9.3,0,0.30795,0.00134296,0
25,9.4,0,0.307949,0.00122314,0
25,9.5,0,0.308148,0.000911503,0
25,9.6,0,0.307996,0.000831034,0
25,9.7,0,0.307675,0.000865126,0
25,9.8,0,0.307787,0.000561403,0
25,9.9,0,0.30767,0.000414771,0
25,10,0,0.307262,0.000479356,0
25,10.1,0,0.307183,0.000298441,0
25,10.2,0,0.307081,0.000135183,0
25,10.3,0,0.306771,0.000126838,0
25,10.4,0,0.306531,6.78046e-05,0
25,10.5,0,0.306439,-9.79833e-05,0
25,10.6,0,0.306205,-0.000149265,0
25,10.7,0,0.305879,-0.000127987,0
25,10.8,0,0.305786,-0.000281384,0
25,10.9,0,0.305609,-0.000357657,0
25,11,0,0.305308,-0.000329563,0
25,11.1,0,0.30515,-0.000412879,0
25,11.2,0,0.305006,-0.000496229,0
25,11.3,0,0.304783,-0.000499792,0
25,11.4,0,0.304586,-0.000520923,0
25,11.5,0,0.304473,-0.000607376,0
25,11.6,0,0.304314,-0.000630602,0
25,11.7,0,0.304117,-0.000606816,0
25,11.8,0,0.304031,-0.000687822,0
25,11.9,0,0.303927,-0.000724361,0
25,12,0,0.303788,-0.00070191,0
25,12.1,0,0.303706,-0.000740812,0
25,12.2,0,0.303645,-0.000785588,0
25,12.3,0,0.30357,-0.000781388,0
25,12.4,0,0.303508,-0.000785112,0
25,12.5,0,0.303488,-0.000837954,0
25,12.6,0,0.303465,-0.000838179,0
25,12.7,0,0.303438,-0.000795749,0
25.1,0,0,0.304274,0.00730167,0
25.1,0.1,0,0.30419,0.0070169,0
25.1,0.2,0,0.304213,0.00718447,0
25.1,0.3,0,0.304182,0.00721503,0
25.1,0.4,0,0.304107,0.00710555,0
25.1,0.5,0,0.304164,0.00743734,0
25.1,0.6,0,0.304011,0.00717529,0
25.1,0.7,0,0.304036,0.0073754,0
25.1,0.8,0,0.303984,0.0074158,0
25.1,0.9,0,0.303878,0.00730954,0
25.1,1,0,0.304001,0.00769828,0
25.1,1.1,0,0.303775,0.00741491,0
25.1,1.2,0,0.303849,0.00767356,0
25.1,1.3,0,0.303792,0.00774278,0
25.1,1.4,0,0.303632,0.00764533,0
25.1,1.5,0,0.30384,0.00814594,0
25.1,1.6,0,0.303458,0.00782352,0
25.1,1.7,0,0.303529,0.00817933,0
25.1,1.8,0,0.303372,0.00829156,0
25.1,1.9,0,0.30302,0.00819677,0
25.1,2,0,0.303194,0.00887003,0
25.1,2.1,0,0.302437,0.00847364,0
25.1,2.2,0,0.30229,0.00896553,0
25.1,2.3,0,0.301772,0.00913274,0
25.1,2.4,0,0.300914,0.00902675,0
25.1,2.5,0,0.300726,0.00993514,0
25.1,2.6,0,0.299176,0.00942179,0
25.1,2.7,0,0.298358,0.0100802,0
25.1,2.8,0,0.29698,0.0103077,0
25.1,2.9,0,0.295066,0.010166,0
25.1,3,0,0.293913,0.0113465,0
25.1,3.1,0,0.29094,0.0106741,0
25.1,3.2,0,0.288766,0.0114915,0
25.1,3.3,0,0.285844,0.011765,0
25.1,3.4,0,0.282191,0.0115509,0
25.1,3.5,0,0.279359,0.0129626,0
25.1,3.6,0,0.274371,0.0121136,0
25.1,3.7,0,0.270256,0.0130122,0
25.1,3.8,0,0.265328,0.0132859,0
25.1,3.9,0,0.259613,0.0129635,0
25.1,4,0,0.254848,0.0144564,0
25.1,4.1,0,0.247956,0.0134549,0
25.1,4.2,0,0.242115,0.0142945,0
25.1,4.3,0,0.235693,0.0144856,0
25.1,4.4,0,0.228708,0.0140214,0
25.1,4.5,0,0.222886,0.015377,0
25.1,4.6,0,0.215664,0.0142242,0
25.1,4.7,0,0.209604,0.0148472,0
25.1,4.8,0,0.203616,0.014825,0
25.1,4.9,0,0.197995,0.0141591,0
25.1,5,0,0.194543,0.0152812,0
25.1,5.1,0,0.187938,0.0150511,0
25.1,5.2,0,0.183842,0.0148241,0
25.1,5.3,0,0.180483,0.0145306,0
25.1,5.4,0,0.17793,0.0141677,0
25.1,5.5,0,0.176238,0.0137391,0
25.1,5.6,0,0.175443,0.0132503,0
25.1,5.7,0,0.175567,0.0127078,0
25.1,5.8,0,0.176612,0.0121197,0
25.1,5.9,0,0.178564,0.0114948,0
25.1,6,0,0.183238,0.0104654,0
25.1,6.1,0,0.186948,0.00932416,0
25.1,6.2,0,0.19076,0.00857366,0
25.1,6.3,0,0.194785,0.00863684,0
25.1,6.4,0,0.200765,0.00779515,0
25.1,6.5,0,0.207778,0.00648846,0
25.1,6.6,0,0.213263,0.00663097,0
25.1,6.7,0,0.219464,0.00641656,0
25.1,6.8,0,0.227503,0.00522803,0
25.1,6.9,0,0.23418,0.00502399,0
25.1,7,0,0.240011,0.00540959,0
25.1,7.1,0,0.247741,0.0044498,0
25.1,7.2,0,0.254884,0.0038463,0
25.1,7.3,0,0.260159,0.00436869,0
25.1,7.4,0,0.266274,0.00404058,0
25.1,7.5,0,0.272949,0.00314548,0
25.1,7.6,0,0.277198,0.00359264,0
25.1,7.7,0,0.28149,0.00381299,0
25.1,7.8,0,0.286539,0.00302054,0
25.1,7.9,0,0.290187,0.00296812,0
25.1,8,0,0.29279,0.00346927,0
25.1,8.1,0,0.296137,0.0028813,0
25.1,8.2,0,0.299101,0.00241623,0
25.1,8.3,0,0.300459,0.00281354,0
25.1,8.4,0,0.302235,0.00264696,0
25.1,8.5,0,0.304354,0.002019,0
25.1,8.6,0,0.305038,0.00218851,0
25.1,8.7,0,0.305662,0.00231144,0
25.1,8.8,0,0.306867,0.00176852,0
25.1,8.9,0,0.307418,0.00161112,0
25.1,9,0,0.307376,0.00181152,0
25.1,9.1,0,0.307908,0.0014532,0
25.1,9.2,0,0.30838,0.00109615,0
25.1,9.3,0,0.30808,0.00123231,0
25.1,9.4,0,0.308079,0.00111249,0
25.1,9.5,0,0.308379,0.000736689,0
25.1,9.6,0,0.308106,0.000745137,0
25.1,9.7,0,0.307785,0.00077923,0
25.1,9.8,0,0.307897,0.000475507,0
25.1,9.9,0,0.307763,0.000345474,0
25.1,10,0,0.307352,0.000412399,0
25.1,10.1,0,0.307273,0.000231484,0
25.1,10.2,0,0.307231,2.35145e-05,0
25.1,10.3,0,0.306842,7.41605e-05,0
25.1,10.4,0,0.306602,1.5127e-05,0
25.1,10.5,0,0.306545,-0.000177959,0
25.1,10.6,0,0.306261,-0.000191212,0
25.1,10.7,0,0.305935,-0.000169934,0
25.1,10.8,0,0.305842,-0.000323331,0
25.1,10.9,0,0.305659,-0.000397909,0
25.1,11,0,0.305351,-0.000363491,0
25.1,11.1,0,0.305193,-0.000446806,0
25.1,11.2,0,0.305075,-0.000558602,0
25.1,11.3,0,0.304816,-0.000527834,0
25.1,11.4,0,0.304619,-0.000548965,0
25.1,11.5,0,0.304515,-0.000647943,0
25.1,11.6,0,0.30434,-0.000654443,0
25.1,11.7,0,0.304142,-0.000630656,0
25.1,11.8,0,0.304056,-0.000711662,0
25.1,11.9,0,0.30395,-0.000751799,0
25.1,12,0,0.303807,-0.000722857,0
25.1,12.1,0,0.303724,-0.00076176,0
25.1,12.2,0,0.303668,-0.000826152,0
25.1,12.3,0,0.303584,-0.00080045,0
25.1,12.4,0,0.303522,-0.000804174,0
25.1,12.5,0,0.303502,-0.000865228,0
25.1,12.6,0,0.303477,-0.00085652,0
25.1,12.7,0,0.30345,-0.00081409,0
25.2,0,0,0.304247,0.00720981,0
25.2,0.1,0,0.304166,0.00693472,0
25.2,0.2,0,0.304184,0.00709169,0
25.2,0.3,0,0.304154,0.00712225,0
25.2,0.4,0,0.304077,0.00701942,0
25.2,0.5,0,0.304131,0.00734156,0
25.2,0.6,0,0.303981,0.00708917,0
25.2,0.7,0,0.303993,0.00727446,0
25.2,0.8,0,0.303941,0.00731486,0
25.2,0.9,0,0.303827,0.00721218,0
25.2,1,0,0.303945,0.00758988,0
25.2,1.1,0,0.303725,0.00731762,0
25.2,1.2,0,0.303776,0.00755473,0
25.2,1.3,0,0.303718,0.00762396,0
25.2,1.4,0,0.303546,0.00752617,0
25.2,1.5,0,0.303745,0.00801319,0
25.2,1.6,0,0.303372,0.00770442,0
25.2,1.7,0,0.303408,0.00802879,0
25.2,1.8,0,0.303251,0.00814101,0
25.2,1.9,0,0.302883,0.00804192,0
25.2,2,0,0.303044,0.00869751,0
25.2,2.1,0,0.302298,0.00831884,0
25.2,2.2,0,0.302106,0.0087667,0
25.2,2.3,0,0.301588,0.0089339,0
25.2,2.4,0,0.300711,0.00882086,0
25.2,2.5,0,0.300506,0.00970583,0
25.2,2.6,0,0.29897,0.00921589,0
25.2,2.7,0,0.298101,0.00981702,0
25.2,2.8,0,0.296723,0.0100445,0
25.2,2.9,0,0.29479,0.00989743,0
25.2,3,0,0.293619,0.0110476,0
25.2,3.1,0,0.290662,0.0104055,0
25.2,3.2,0,0.28844,0.0111577,0
25.2,3.3,0,0.285519,0.0114312,0
25.2,3.4,0,0.281863,0.0112229,0
25.2,3.5,0,0.279012,0.012598,0
25.2,3.6,0,0.274042,0.0117853,0
25.2,3.7,0,0.269901,0.012624,0
25.2,3.8,0,0.264973,0.0128976,0
25.2,3.9,0,0.259289,0.012601,0
25.2,4,0,0.254505,0.0140541,0
25.2,4.1,0,0.247638,0.0130919,0
25.2,4.2,0,0.241812,0.0138876,0
25.2,4.3,0,0.235391,0.0140786,0
25.2,4.4,0,0.228504,0.0136558,0
25.2,4.5,0,0.22266,0.0149724,0
25.2,4.6,0,0.21547,0.0138581,0
25.2,4.7,0,0.209496,0.0144478,0
25.2,4.8,0,0.203508,0.0144255,0
25.2,4.9,0,0.198053,0.013806,0
25.2,5,0,0.194562,0.01489,0
25.2,5.1,0,0.188053,0.0146698,0
25.2,5.2,0,0.184029,0.014452,0
25.2,5.3,0,0.180743,0.0141678,0
25.2,5.4,0,0.178261,0.0138139,0
25.2,5.5,0,0.176635,0.0133942,0
25.2,5.6,0,0.175903,0.0129138,0
25.2,5.7,0,0.176083,0.0123793,0
25.2,5.8,0,0.177176,0.0117987,0
25.2,5.9,0,0.179168,0.0111805,0
25.2,6,0,0.183879,0.0101589,0
25.2,6.1,0,0.187589,0.00901767,0
25.2,6.2,0,0.191418,0.00830449,0
25.2,6.3,0,0.195435,0.00833596,0
25.2,6.4,0,0.201415,0.00749427,0
25.2,6.5,0,0.208129,0.00643596,0
25.2,6.6,0,0.213831,0.00633021,0
25.2,6.7,0,0.220032,0.0061158,0
25.2,6.8,0,0.228067,0.00492978,0
25.2,6.9,0,0.234612,0.00471791,0
25.2,7,0,0.240443,0.00510351,0
25.2,7.1,0,0.248173,0.00414372,0
25.2,7.2,0,0.255071,0.00362013,0
25.2,7.3,0,0.260461,0.00406233,0
25.2,7.4,0,0.266577,0.00373422,0
25.2,7.5,0,0.272823,0.0030645,0
25.2,7.6,0,0.277416,0.00330078,0
25.2,7.7,0,0.281708,0.00352113,0
25.2,7.8,0,0.286757,0.00272867,0
25.2,7.9,0,0.290365,0.00270657,0
25.2,8,0,0.292969,0.00320772,0
25.2,8.1,0,0.296315,0.00261975,0
25.2,8.2,0,0.299109,0.00227232,0
25.2,8.3,0,0.300623,0.00259195,0
25.2,8.4,0,0.302399,0.00242537,0
25.2,8.5,0,0.304308,0.00192578,0
25.2,8.6,0,0.305195,0.00200863,0
25.2,8.7,0,0.305819,0.00213155,0
25.2,8.8,0,0.307024,0.00158864,0
25.2,8.9,0,0.307565,0.00146905,0
25.2,9,0,0.307522,0.00166946,0
25.2,9.1,0,0.308054,0.00131114,0
25.2,9.2,0,0.308419,0.00103838,0
25.2,9.3,0,0.308209,0.00112166,0
25.2,9.4,0,0.308209,0.00100184,0
25.2,9.5,0,0.308434,0.000679566,0
25.2,9.6,0,0.308216,0.000659241,0
25.2,9.7,0,0.307895,0.000693334,0
25.2,9.8,0,0.308008,0.00038961,0
25.2,9.9,0,0.307853,0.000278517,0
25.2,10,0,0.307442,0.000345443,0
25.2,10.1,0,0.307363,0.000164528,0
25.2,10.2,0,0.307259,3.81798e-06,0
25.2,10.3,0,0.306914,2.14829e-05,0
25.2,10.4,0,0.306674,-3.75505e-05,0
25.2,10.5,0,0.306591,-0.000210825,0
25.2,10.6,0,0.306317,-0.00023316,0
25.2,10.7,0,0.305991,-0.000211881,0
25.2,10.8,0,0.305898,-0.000365278,0
25.2,10.9,0,0.305703,-0.000431837,0
25.2,11,0,0.305394,-0.000397418,0
25.2,11.1,0,0.305237,-0.000480734,0
25.2,11.2,0,0.305089,-0.000565462,0
25.2,11.3,0,0.30485,-0.000555876,0
25.2,11.4,0,0.304653,-0.000577007,0
25.2,11.5,0,0.304542,-0.000668862,0
25.2,11.6,0,0.304365,-0.000678284,0
25.2,11.7,0,0.304168,-0.000654497,0
25.2,11.8,0,0.304082,-0.000735503,0
25.2,11.9,0,0.303969,-0.00077258,0
25.2,12,0,0.303825,-0.000743805,0
25.2,12.1,0,0.303743,-0.000782707,0
25.2,12.2,0,0.303679,-0.000830629,0
25.2,12.3,0,0.303598,-0.000819513,0
25.2,12.4,0,0.303536,-0.000823237,0
25.2,12.5,0,0.303515,-0.000881492,0
25.2,12.6,0,0.303489,-0.000874861,0
25.2,12.7,0,0.303462,-0.000832431,0
25.3,0,0,0.30422,0.00711795,0
25.3,0.1,0,0.304161,0.00693965,0
25.3,0.2,0,0.304156,0.0069989,0
25.3,0.3,0,0.304125,0.00702946,0
25.3,0.4,0,0.304074,0.00702011,0
25.3,0.5,0,0.304097,0.00724578,0
25.3,0.6,0,0.30398,0.00709007,0
25.3,0.7,0,0.30395,0.00717352,0
25.3,0.8,0,0.303898,0.00721393,0
25.3,0.9,0,0.303827,0.00721416,0
25.3,1,0,0.303889,0.00748147,0
25.3,1.1,0,0.303724,0.00732028,0
25.3,1.2,0,0.303702,0.00743591,0
25.3,1.3,0,0.303644,0.00750513,0
25.3,1.4,0,0.303541,0.00752938,0
25.3,1.5,0,0.30365,0.00788045,0
25.3,1.6,0,0.30336,0.00770815,0
25.3,1.7,0,0.303287,0.00787824,0
25.3,1.8,0,0.30313,0.00799047,0
25.3,1.9,0,0.302861,0.00804615,0
25.3,2,0,0.302894,0.00852498,0
25.3,2.1,0,0.302262,0.00832348,0
25.3,2.2,0,0.301923,0.00856786,0
25.3,2.3,0,0.301405,0.00873506,0
25.3,2.4,0,0.300654,0.00882575,0
25.3,2.5,0,0.300287,0.00947652,0
25.3,2.6,0,0.298888,0.00922072,0
25.3,2.7,0,0.297844,0.00955383,0
25.3,2.8,0,0.296466,0.00978131,0
25.3,2.9,0,0.29468,0.00990172,0
25.3,3,0,0.293326,0.0107488,0
25.3,3.1,0,0.290523,0.0104086,0
25.3,3.2,0,0.288115,0.010824,0
25.3,3.3,0,0.285194,0.0110975,0
25.3,3.4,0,0.281703,0.0112241,0
25.3,3.5,0,0.278664,0.0122334,0
25.3,3.6,0,0.273878,0.0117841,0
25.3,3.7,0,0.269545,0.0122358,0
25.3,3.8,0,0.264617,0.0125094,0
25.3,3.9,0,0.259144,0.0125965,0
25.3,4,0,0.254162,0.0136518,0
25.3,4.1,0,0.247542,0.0130831,0
25.3,4.2,0,0.24151,0.0134806,0
25.3,4.3,0,0.235088,0.0136717,0
25.3,4.4,0,0.228488,0.0136413,0
25.3,4.5,0,0.222435,0.0145678,0
25.3,4.6,0,0.215556,0.0138381,0
25.3,4.7,0,0.209388,0.0140484,0
25.3,4.8,0,0.2034,0.0140261,0
25.3,4.9,0,0.198472,0.013795,0
25.3,5,0,0.19458,0.0144989,0
25.3,5.1,0,0.188169,0.0142885,0
25.3,5.2,0,0.184217,0.0140798,0
25.3,5.3,0,0.181002,0.0138049,0
25.3,5.4,0,0.178591,0.0134602,0
25.3,5.5,0,0.177033,0.0130492,0
25.3,5.6,0,0.176364,0.0125772,0
25.3,5.7,0,0.1766,0.0120508,0
25.3,5.8,0,0.177741,0.0114778,0
25.3,5.9,0,0.179771,0.0108662,0
25.3,6,0,0.18452,0.00985241,0
25.3,6.1,0,0.188253,0.00879365,0
25.3,6.2,0,0.192131,0.00826112,0
25.3,6.3,0,0.196085,0.00803509,0
25.3,6.4,0,0.202066,0.0071934,0
25.3,6.5,0,0.208388,0.00646625,0
25.3,6.6,0,0.214398,0.00602944,0
25.3,6.7,0,0.220599,0.00581503,0
25.3,6.8,0,0.228089,0.00496657,0
25.3,6.9,0,0.234868,0.00455895,0
25.3,7,0,0.240875,0.00479743,0
25.3,7.1,0,0.248483,0.00390398,0
25.3,7.2,0,0.254886,0.00364955,0
25.3,7.3,0,0.260764,0.00375597,0
25.3,7.4,0,0.26688,0.00342786,0
25.3,7.5,0,0.272514,0.00307944,0
25.3,7.6,0,0.277634,0.00300891,0
25.3,7.7,0,0.281926,0.00322927,0
25.3,7.8,0,0.286486,0.00269966,0
25.3,7.9,0,0.290266,0.00258908,0
25.3,8,0,0.293147,0.00294618,0
25.3,8.1,0,0.296456,0.00237947,0
25.3,8.2,0,0.298833,0.00226985,0
25.3,8.3,0,0.300788,0.00237036,0
25.3,8.4,0,0.302564,0.00220378,0
25.3,8.5,0,0.304114,0.0019233,0
25.3,8.6,0,0.305352,0.00182874,0
25.3,8.7,0,0.305976,0.00195167,0
25.3,8.8,0,0.306968,0.00154811,0
25.3,8.9,0,0.307536,0.0014206,0
25.3,9,0,0.307668,0.00152739,0
25.3,9.1,0,0.3082,0.00116907,0
25.3,9.2,0,0.308355,0.0010402,0
25.3,9.3,0,0.308339,0.00101101,0
25.3,9.4,0,0.308339,0.000891191,0
25.3,9.5,0,0.308403,0.000682767,0
25.3,9.6,0,0.308327,0.000573345,0
25.3,9.7,0,0.308006,0.000607437,0
25.3,9.8,0,0.308036,0.000362876,0
25.3,9.9,0,0.307863,0.000266384,0
25.3,10,0,0.307532,0.000278486,0
25.3,10.1,0,0.307453,9.75707e-05,0
25.3,10.2,0,0.307254,7.43919e-06,0
25.3,10.3,0,0.306986,-3.11946e-05,0
25.3,10.4,0,0.306746,-9.02281e-05,0
25.3,10.5,0,0.306592,-0.000207612,0
25.3,10.6,0,0.306369,-0.0002714,0
25.3,10.7,0,0.306047,-0.000253828,0
25.3,10.8,0,0.305926,-0.000382927,0
25.3,10.9,0,0.30571,-0.00043314,0
25.3,11,0,0.305438,-0.000431346,0
25.3,11.1,0,0.30528,-0.000514661,0
25.3,11.2,0,0.305095,-0.000563308,0
25.3,11.3,0,0.304883,-0.000583918,0
25.3,11.4,0,0.304686,-0.000605049,0
25.3,11.5,0,0.30455,-0.000667078,0
25.3,11.6,0,0.304387,-0.000697057,0
25.3,11.7,0,0.304193,-0.000678338,0
25.3,11.8,0,0.3041,-0.000748526,0
25.3,11.9,0,0.303978,-0.000771211,0
25.3,12,0,0.303844,-0.000764752,0
25.3,12.1,0,0.303762,-0.000803655,0
25.3,12.2,0,0.303689,-0.000830075,0
25.3,12.3,0,0.303612,-0.000838575,0
25.3,12.4,0,0.30355,-0.000842299,0
25.3,12.5,0,0.303527,-0.000877828,0
25.3,12.6,0,0.303501,-0.000886305,0
25.3,12.7,0,0.303474,-0.000850772,0
25.4,0,0,0.304193,0.00702609,0
25.4,0.1,0,0.304156,0.00694458,0
25.4,0.2,0,0.30414,0.00695986,0
25.4,0.3,0,0.304111,0.00698809,0
25.4,0.4,0,0.304071,0.00702081,0
25.4,0.5,0,0.304063,0.00715,0
25.4,0.6,0,0.30398,0.00709096,0
25.4,0.7,0,0.30393,0.00712859,0
25.4,0.8,0,0.303879,0.0071696,0
25.4,0.9,0,0.303827,0.00721614,0
25.4,1,0,0.303832,0.00737307,0
25.4,1.1,0,0.303723,0.00732295,0
25.4,1.2,0,0.303668,0.00738391,0
25.4,1.3,0,0.303609,0.00745342,0
25.4,1.4,0,0.303536,0.00753258,0
25.4,1.5,0,0.303555,0.0077477,0
25.4,1.6,0,0.303349,0.00771188,0
25.4,1.7,0,0.303227,0.00781254,0
25.4,1.8,0,0.303064,0.00792504,0
25.4,1.9,0,0.30284,0.00805038,0
25.4,2,0,0.302744,0.00835246,0
25.4,2.1,0,0.302225,0.00832811,0
25.4,2.2,0,0.30182,0.00848093,0
25.4,2.3,0,0.301291,0.00864828,0
25.4,2.4,0,0.300598,0.00883064,0
25.4,2.5,0,0.300067,0.0092472,0
25.4,2.6,0,0.298806,0.00922556,0
25.4,2.7,0,0.297683,0.00943805,0
25.4,2.8,0,0.296289,0.00966523,0
25.4,2.9,0,0.294569,0.00990602,0
25.4,3,0,0.293032,0.0104499,0
25.4,3.1,0,0.290385,0.0104117,0
25.4,3.2,0,0.287893,0.0106755,0
25.4,3.3,0,0.28496,0.010948,0
25.4,3.4,0,0.281544,0.0112254,0
25.4,3.5,0,0.278316,0.0118687,0
25.4,3.6,0,0.273714,0.0117829,0
25.4,3.7,0,0.269295,0.0120604,0
25.4,3.8,0,0.264377,0.0123323,0
25.4,3.9,0,0.258999,0.0125919,0
25.4,4,0,0.253819,0.0132494,0
25.4,4.1,0,0.247446,0.0130743,0
25.4,4.2,0,0.241321,0.0132927,0
25.4,4.3,0,0.234943,0.0134806,0
25.4,4.4,0,0.228471,0.0136269,0
25.4,4.5,0,0.222209,0.0141632,0
25.4,4.6,0,0.215642,0.0138182,0
25.4,4.7,0,0.209387,0.0138577,0
25.4,4.8,0,0.203581,0.0138404,0
25.4,4.9,0,0.19889,0.013784,0
25.4,5,0,0.194599,0.0141077,0
25.4,5.1,0,0.188285,0.0139073,0
25.4,5.2,0,0.184404,0.0137077,0
25.4,5.3,0,0.181262,0.0134421,0
25.4,5.4,0,0.178921,0.0131064,0
25.4,5.5,0,0.177431,0.0127042,0
25.4,5.6,0,0.176824,0.0122407,0
25.4,5.7,0,0.177116,0.0117223,0
25.4,5.8,0,0.178305,0.0111568,0
25.4,5.9,0,0.180375,0.0105519,0
25.4,6,0,0.185161,0.00954592,0
25.4,6.1,0,0.188967,0.00875027,0
25.4,6.2,0,0.192845,0.00821775,0
25.4,6.3,0,0.196736,0.00773422,0
25.4,6.4,0,0.202519,0.00705934,0
25.4,6.5,0,0.208647,0.00649654,0
25.4,6.6,0,0.214774,0.00593373,0
25.4,6.7,0,0.221167,0.00551426,0
25.4,6.8,0,0.228112,0.00500336,0
25.4,6.9,0,0.23489,0.00459575,0
25.4,7,0,0.241307,0.00449134,0
25.4,7.1,0,0.248298,0.00393341,0
25.4,7.2,0,0.254701,0.00367898,0
25.4,7.3,0,0.261067,0.00344961,0
25.4,7.4,0,0.266945,0.00324618,0
25.4,7.5,0,0.272205,0.00309438,0
25.4,7.6,0,0.277464,0.00294257,0
25.4,7.7,0,0.282144,0.0029374,0
25.4,7.8,0,0.286156,0.00270254,0
25.4,7.9,0,0.289936,0.00259196,0
25.4,8,0,0.293325,0.00268463,0
25.4,8.1,0,0.29618,0.00237701,0
25.4,8.2,0,0.298557,0.00226739,0
25.4,8.3,0,0.300934,0.00215777,0
25.4,8.4,0,0.302631,0.00204187,0
25.4,8.5,0,0.303921,0.00192083,0
25.4,8.6,0,0.305211,0.00179979,0
25.4,8.7,0,0.306133,0.00177178,0
25.4,8.8,0,0.306849,0.00154779,0
25.4,8.9,0,0.307418,0.00142028,0
25.4,9,0,0.307814,0.00138532,0
25.4,9.1,0,0.308143,0.00116606,0
25.4,9.2,0,0.308291,0.00104203,0
25.4,9.3,0,0.308439,0.000917987,0
25.4,9.4,0,0.308444,0.000798383,0
25.4,9.5,0,0.308372,0.000685968,0
25.4,9.6,0,0.308301,0.000573554,0
25.4,9.7,0,0.308116,0.000521541,0
25.4,9.8,0,0.308023,0.000366557,0
25.4,9.9,0,0.30785,0.000270065,0
25.4,10,0,0.307622,0.000211529,0
25.4,10.1,0,0.307463,9.06579e-05,0
25.4,10.2,0,0.30725,1.10604e-05,0
25.4,10.3,0,0.307037,-6.85371e-05,0
25.4,10.4,0,0.306815,-0.000140612,0
25.4,10.5,0,0.306592,-0.000204399,0
25.4,10.6,0,0.306369,-0.000268187,0
25.4,10.7,0,0.306103,-0.000295776,0
25.4,10.8,0,0.305929,-0.000380272,0
25.4,10.9,0,0.305713,-0.000430485,0
25.4,11,0,0.305481,-0.000465274,0
25.4,11.1,0,0.305296,-0.000522066,0
25.4,11.2,0,0.305101,-0.000561154,0
25.4,11.3,0,0.304906,-0.000600242,0
25.4,11.4,0,0.304719,-0.00063309,0
25.4,11.5,0,0.304558,-0.000665295,0
25.4,11.6,0,0.304395,-0.000695273,0
25.4,11.7,0,0.304218,-0.000702179,0
25.4,11.8,0,0.30411,-0.000747157,0
25.4,11.9,0,0.303988,-0.000769843,0
25.4,12,0,0.303863,-0.0007857,0
25.4,12.1,0,0.303776,-0.000811284,0
25.4,12.2,0,0.3037,-0.00082952,0
25.4,12.3,0,0.303624,-0.000847756,0
25.4,12.4,0,0.303564,-0.000861362,0
25.4,12.5,0,0.303538,-0.000874163,0
25.4,12.6,0,0.303512,-0.00088264,0
25.4,12.7,0,0.303485,-0.000869112,0
25.5,0,0,0.304166,0.00693423,0
25.5,0.1,0,0.304151,0.00694951,0
25.5,0.2,0,0.304135,0.00696479,0
25.5,0.3,0,0.304108,0.00698879,0
25.5,0.4,0,0.304068,0.0070215,0
25.5,0.5,0,0.304029,0.00705421,0
25.5,0.6,0,0.303979,0.00709185,0
25.5,0.7,0,0.303929,0.00712949,0
25.5,0.8,0,0.303879,0.00717158,0
25.5,0.9,0,0.303827,0.00721812,0
25.5,1,0,0.303776,0.00726467,0
25.5,1.1,0,0.303722,0.00732562,0
25.5,1.2,0,0.303667,0.00738657,0
25.5,1.3,0,0.303604,0.00745663,0
25.5,1.4,0,0.303532,0.00753579,0
25.5,1.5,0,0.303459,0.00761495,0
25.5,1.6,0,0.303337,0.00771561,0
25.5,1.7,0,0.303215,0.00781627,0
25.5,1.8,0,0.303042,0.00792927,0
25.5,1.9,0,0.302818,0.0080546,0
25.5,2,0,0.302594,0.00817993,0
25.5,2.1,0,0.302189,0.00833275,0
25.5,2.2,0,0.301784,0.00848557,0
25.5,2.3,0,0.301235,0.00865317,0
25.5,2.4,0,0.300541,0.00883553,0
25.5,2.5,0,0.299847,0.00901789,0
25.5,2.6,0,0.298724,0.00923039,0
25.5,2.7,0,0.297601,0.00944289,0
25.5,2.8,0,0.296179,0.00966953,0
25.5,2.9,0,0.294459,0.00991031,0
25.5,3,0,0.292739,0.0101511,0
25.5,3.1,0,0.290246,0.0104149,0
25.5,3.2,0,0.287754,0.0106787,0
25.5,3.3,0,0.2848,0.0109493,0
25.5,3.4,0,0.281384,0.0112267,0
25.5,3.5,0,0.277969,0.0115041,0
25.5,3.6,0,0.27355,0.0117816,0
25.5,3.7,0,0.269131,0.0120591,0
25.5,3.8,0,0.264232,0.0123277,0
25.5,3.9,0,0.258854,0.0125874,0
25.5,4,0,0.253476,0.0128471,0
25.5,4.1,0,0.247351,0.0130655,0
25.5,4.2,0,0.241226,0.0132839,0
25.5,4.3,0,0.234927,0.0134662,0
25.5,4.4,0,0.228455,0.0136124,0
25.5,4.5,0,0.221984,0.0137587,0
25.5,4.6,0,0.215728,0.0137982,0
25.5,4.7,0,0.209473,0.0138378,0
25.5,4.8,0,0.204,0.0138294,0
25.5,4.9,0,0.199309,0.013773,0
25.5,5,0,0.194618,0.0137166,0
25.5,5.1,0,0.188401,0.013526,0
25.5,5.2,0,0.184592,0.0133355,0
25.5,5.3,0,0.181521,0.0130793,0
25.5,5.4,0,0.179251,0.0127527,0
25.5,5.5,0,0.177829,0.0123592,0
25.5,5.6,0,0.177285,0.0119041,0
25.5,5.7,0,0.177632,0.0113937,0
25.5,5.8,0,0.17887,0.0108358,0
25.5,5.9,0,0.180978,0.0102376,0
25.5,6,0,0.185802,0.00923943,0
25.5,6.1,0,0.18968,0.0087069,0
25.5,6.2,0,0.193559,0.00817437,0
25.5,6.3,0,0.197437,0.00764184,0
25.5,6.4,0,0.202778,0.00708963,0
25.5,6.5,0,0.208905,0.00652683,0
25.5,6.6,0,0.215033,0.00596402,0
25.5,6.7,0,0.221356,0.00544777,0
25.5,6.8,0,0.228135,0.00504016,0
25.5,6.9,0,0.234913,0.00463254,0
25.5,7,0,0.241692,0.00422492,0
25.5,7.1,0,0.248113,0.00396283,0
25.5,7.2,0,0.254516,0.0037084,0
25.5,7.3,0,0.260919,0.00345397,0
25.5,7.4,0,0.266636,0.00326112,0
25.5,7.5,0,0.271896,0.00310931,0
25.5,7.6,0,0.277155,0.00295751,0
25.5,7.7,0,0.282045,0.00281601,0
25.5,7.8,0,0.285825,0.00270543,0
25.5,7.9,0,0.289606,0.00259484,0
25.5,8,0,0.293386,0.00248426,0
25.5,8.1,0,0.295903,0.00237454,0
25.5,8.2,0,0.298281,0.00226492,0
25.5,8.3,0,0.300658,0.0021553,0
25.5,8.4,0,0.302437,0.0020394,0
25.5,8.5,0,0.303727,0.00191836,0
25.5,8.6,0,0.305017,0.00179731,0
25.5,8.7,0,0.306163,0.00167498,0
25.5,8.8,0,0.306731,0.00154747,0
25.5,8.9,0,0.3073,0.00141996,0
25.5,9,0,0.307869,0.00129245,0
25.5,9.1,0,0.308079,0.00116789,0
25.5,9.2,0,0.308227,0.00104385,0
25.5,9.3,0,0.308375,0.00091981,0
25.5,9.4,0,0.308413,0.000801584,0
25.5,9.5,0,0.308341,0.00068917,0
25.5,9.6,0,0.30827,0.000576756,0
25.5,9.7,0,0.308183,0.00046673,0
25.5,9.8,0,0.30801,0.000370238,0
25.5,9.9,0,0.307837,0.000273747,0
25.5,10,0,0.307664,0.000177255,0
25.5,10.1,0,0.307459,9.42791e-05,0
25.5,10.2,0,0.307246,1.46816e-05,0
25.5,10.3,0,0.307032,-6.49158e-05,0
25.5,10.4,0,0.306815,-0.000137399,0
25.5,10.5,0,0.306592,-0.000201187,0
25.5,10.6,0,0.306369,-0.000264974,0
25.5,10.7,0,0.306147,-0.000327404,0
25.5,10.8,0,0.305932,-0.000377617,0
25.5,10.9,0,0.305717,-0.00042783,0
25.5,11,0,0.305501,-0.000478043,0
25.5,11.1,0,0.305301,-0.000519912,0
25.5,11.2,0,0.305106,-0.000559,0
25.5,11.3,0,0.304911,-0.000598088,0
25.5,11.4,0,0.304729,-0.000633532,0
25.5,11.5,0,0.304566,-0.000663511,0
25.5,11.6,0,0.304403,-0.000693489,0
25.5,11.7,0,0.304242,-0.000723103,0
25.5,11.8,0,0.30412,-0.000745788,0
25.5,11.9,0,0.303998,-0.000768474,0
25.5,12,0,0.303876,-0.000791159,0
25.5,12.1,0,0.303786,-0.00081073,0
25.5,12.2,0,0.30371,-0.000828966,0
25.5,12.3,0,0.303634,-0.000847202,0
25.5,12.4,0,0.303575,-0.000862022,0
25.5,12.5,0,0.303549,-0.000870499,0
25.5,12.6,0,0.303523,-0.000878976,0
25.5,12.7,0,0.303497,-0.000887453,0
